0
-4.48263
0.203339
-8.66746
-5.66617
-10.492
-6.22074
-10.2701
-7.11576
-17.8847
-6.82876
-4.99415
-4.48263
0
-0.735143
-5.8354
1.03392
-10.4803
2.08562
-4.82428
-2.80276
-15.1136
-9.28809
9.39086
0.203339
-0.735143
0
-6.22197
-7.7102
-9.5479
-14.1679
-7.31606
-3.27135
-1.41193
-2.39827
-14.8509
-8.66746
-5.8354
-6.22197
0
-6.11832
-7.89599
-12.3735
-1.39853
-21.2268
-10.7077
-6.51718
-3.81282
-5.66617
1.03392
-7.7102
-6.11832
0
-3.97099
-8.62474
-6.32589
-8.14097
10.8822
3.13704
-8.67875
-10.492
-10.4803
-9.5479
-7.89599
-3.97099
0
-5.21133
-11.5557
-4.21154
-1.2022
0.939618
-12.8096
-6.22074
2.08562
-14.1679
-12.3735
-8.62474
-5.21133
0
-7.16503
-3.03235
-3.64716
-10.756
0.652564
-10.2701
-4.82428
-7.31606
-1.39853
-6.32589
-11.5557
-7.16503
0
-1.06191
-3.46984
-11.7221
-11.5158
-7.11576
-2.80276
-3.27135
-21.2268
-8.14097
-4.21154
-3.03235
-1.06191
0
-11.9787
-3.65796
-2.4101
-17.8847
-15.1136
-1.41193
-10.7077
10.8822
-1.2022
-3.64716
-3.46984
-11.9787
0
-2.15083
-4.32335
-6.82876
-9.28809
-2.39827
-6.51718
3.13704
0.939618
-10.756
-11.7221
-3.65796
-2.15083
0
-3.57457
-4.99415
9.39086
-14.8509
-3.81282
-8.67875
-12.8096
0.652564
-11.5158
-2.4101
-4.32335
-3.57457
0
