0
-5.90962
-5.77674
-11.6682
-16.5726
-9.77967
-8.54545
-4.71957
1.50832
-5.90962
0
-9.05021
-1.63062
-14.1419
4.63939
-10.3168
7.27123
-11.4691
-5.77674
-9.05021
0
-4.89859
-3.2789
-10.6835
4.12145
-19.1982
-6.49257
-11.6682
-1.63062
-4.89859
0
-6.35329
-11.4884
-11.3745
-1.26193
-11.738
-16.5726
-14.1419
-3.2789
-6.35329
0
-7.1981
-2.73466
-7.96662
-8.91467
-9.77967
4.63939
-10.6835
-11.4884
-7.1981
0
-8.26325
0.849055
-7.58941
-8.54545
-10.3168
4.12145
-11.3745
-2.73466
-8.26325
0
-7.20114
-5.15996
-4.71957
7.27123
-19.1982
-1.26193
-7.96662
0.849055
-7.20114
0
-5.21665
1.50832
-11.4691
-6.49257
-11.738
-8.91467
-7.58941
-5.15996
-5.21665
0
