0
-0.551306
-2.1355
-2.81947
-1.68488
-2.35362
-0.4575
-1.87127
-1.24594
-2.79055
-2.83482
-0.580573
-3.79919
0
-2.66277
-2.74257
-3.20051
-1.34878
-2.71314
-1.66732
-2.83801
-2.42352
-2.66175
-2.96682
-3.87033
-2.24364
0
-3.52911
-2.84136
-1.18914
-1.45873
-2.89207
-3.30535
-2.51377
-0.600294
-2.48654
-1.1634
-1.17113
-3.85846
0
-3.139
-3.2432
0.930168
-2.42127
-3.33875
-1.90021
0.135013
-2.52786
-2.98796
-4.39943
-2.86039
-2.3682
0
-1.75753
-3.09412
-4.01185
-3.79261
-2.25799
-0.0857489
-1.57243
0.400139
-2.00026
-4.48354
-1.62394
-1.13549
0
-1.29939
-2.82493
-2.90885
-2.01198
-3.87238
-0.609915
-2.87107
1.16845
-0.868685
-1.83889
0.422785
-1.9984
0
-1.16982
-3.08349
-4.27047
-2.38477
-2.76686
-1.87594
-3.56593
-2.52336
-1.10582
-1.62624
-1.97005
-2.15967
0
-1.6835
-1.68009
-1.45769
-1.84823
-1.51331
-1.11956
-1.04272
-2.26744
-3.00026
-1.69165
-1.555
-0.172853
0
-3.79966
-0.52604
-0.202769
-0.0427867
-0.567776
-1.50705
-3.97945
-2.60066
-0.600095
-1.37358
-2.1844
-3.69057
0
-1.99135
-1.40359
-0.678008
-1.88248
-1.14561
-1.69532
-0.446452
-2.02217
-0.600813
-2.54331
-1.32089
-2.0272
0
-3.19734
-3.25195
-1.07843
-3.36588
-1.53171
-1.18826
-1.09266
-1.86069
-2.10743
-0.954982
-1.94541
-1.04763
0
