0
-2.14856
-3.18585
-3.39016
-1.87846
-4.0192
0.168675
-3.0338
-0.982922
0
-2.74669
-1.59355
-1.80884
-0.551587
-1.4557
-2.33485
-1.69982
-2.46068
0
-2.91203
-1.66354
-1.34437
-0.481795
-2.84896
-1.32629
-1.75787
-2.43722
0
-2.58257
-3.38122
-0.285939
-1.61109
-3.27067
-1.41898
-2.31654
-1.91373
0
-3.0889
-2.62487
-0.350247
-1.80067
0.495911
-3.31114
-2.32899
-1.51787
0
-0.119888
-3.55455
-1.49513
-3.09943
-3.21169
-2.5524
-2.64099
-1.07126
0
-3.73106
-2.1063
-3.36754
-1.54903
-0.483939
-2.42844
-2.16213
-2.93445
0
