0
-9.63041
-3.93545
-1.2451
1.59319
-4.4712
-4.14946
-6.4562
5.22298
-0.101749
-9.63041
0
-8.22446
-17.8568
-12.8473
-6.71825
-10.796
-5.29774
-7.85649
-0.834701
-3.93545
-8.22446
0
-15.8698
-8.7162
-7.06914
-11.2002
-2.77337
-1.51328
-10.9725
-1.2451
-17.8568
-15.8698
0
-5.69399
-11.9589
-7.73316
-2.27643
-12.4401
-9.28175
1.59319
-12.8473
-8.7162
-5.69399
0
-6.97524
-9.93009
-5.83754
-9.95897
-6.58895
-4.4712
-6.71825
-7.06914
-11.9589
-6.97524
0
-0.32721
-9.01209
0.27089
-3.50582
-4.14946
-10.796
-11.2002
-7.73316
-9.93009
-0.32721
0
-5.65046
-0.257109
-6.1833
-6.4562
-5.29774
-2.77337
-2.27643
-5.83754
-9.01209
-5.65046
0
-9.3561
-2.45264
5.22298
-7.85649
-1.51328
-12.4401
-9.95897
0.27089
-0.257109
-9.3561
0
6.64353
-0.101749
-0.834701
-10.9725
-9.28175
-6.58895
-3.50582
-6.1833
-2.45264
6.64353
0
