0
-2.36096
-3.45905
-1.9846
-2.2674
-2.95473
-3.5789
-1.68062
-3.68834
-0.513843
-2.73066
-1.43843
-2.20581
-1.92941
-2.27253
-2.96275
-2.36096
0
-0.200015
-0.154018
-1.57109
-2.55576
-1.87069
-2.47489
-2.32287
-2.08773
-1.30146
-1.81135
-2.27305
-1.49846
-4.4435
-1.35494
-3.45905
-0.200015
0
-1.50018
-1.92034
0.741612
-0.462308
-3.47784
-3.16847
-1.31199
-2.18035
-2.44317
-2.98703
-1.62071
-2.70868
-1.84174
-1.9846
-0.154018
-1.50018
0
-2.22854
-0.266356
-3.32426
-2.72803
-1.19922
-0.397757
-1.15255
-0.108511
-4.05319
-1.19508
-3.62297
-2.33821
-2.2674
-1.57109
-1.92034
-2.22854
0
-1.87479
-0.581507
-2.46581
-1.01786
-2.86657
-1.81596
0.0363135
-3.3888
-3.82163
-1.51264
-2.35581
-2.95473
-2.55576
0.741612
-0.266356
-1.87479
0
-2.03454
-2.08781
-2.16274
-1.85315
-3.3487
-1.66159
-0.796062
-1.17148
-1.18373
-2.52554
-3.5789
-1.87069
-0.462308
-3.32426
-0.581507
-2.03454
0
-1.70895
-1.45517
-2.05763
-1.20943
-2.13032
-2.11959
-0.451093
-1.37298
-0.965225
-1.68062
-2.47489
-3.47784
-2.72803
-2.46581
-2.08781
-1.70895
0
-3.91436
-0.411111
-0.809687
-1.71467
-3.11045
-2.5605
-2.0128
-1.92316
-3.68834
-2.32287
-3.16847
-1.19922
-1.01786
-2.16274
-1.45517
-3.91436
0
-2.96277
-2.42696
-2.23655
-2.13884
-1.45591
-1.45095
-2.24338
-0.513843
-2.08773
-1.31199
-0.397757
-2.86657
-1.85315
-2.05763
-0.411111
-2.96277
0
-0.441088
-0.983106
-2.44006
-2.09122
-2.89642
-0.222864
-2.73066
-1.30146
-2.18035
-1.15255
-1.81596
-3.3487
-1.20943
-0.809687
-2.42696
-0.441088
0
-0.854222
-2.69611
-2.00108
-3.35549
-1.67755
-1.43843
-1.81135
-2.44317
-0.108511
0.0363135
-1.66159
-2.13032
-1.71467
-2.23655
-0.983106
-0.854222
0
-1.0325
-2.9772
-1.40182
-2.36841
-2.20581
-2.27305
-2.98703
-4.05319
-3.3888
-0.796062
-2.11959
-3.11045
-2.13884
-2.44006
-2.69611
-1.0325
0
-3.18613
-4.65528
-1.50142
-1.92941
-1.49846
-1.62071
-1.19508
-3.82163
-1.17148
-0.451093
-2.5605
-1.45591
-2.09122
-2.00108
-2.9772
-3.18613
0
-2.25404
-1.61012
-2.27253
-4.4435
-2.70868
-3.62297
-1.51264
-1.18373
-1.37298
-2.0128
-1.45095
-2.89642
-3.35549
-1.40182
-4.65528
-2.25404
0
-1.4134
-2.96275
-1.35494
-1.84174
-2.33821
-2.35581
-2.52554
-0.965225
-1.92316
-2.24338
-0.222864
-1.67755
-2.36841
-1.50142
-1.61012
-1.4134
0
