0
-2.11436
-1.18862
-1.97375
-1.35334
-2.47655
-0.454506
-2.51615
-1.74742
-2.82051
-4.44488
-2.16641
-3.98918
-2.37349
-3.59923
-1.25858
-1.77501
-1.18884
-3.62709
-2.12783
-2.01803
-2.58348
-1.2802
-3.27539
-3.13993
-4.17208
-1.91595
-2.11436
0
1.00722
-2.24785
-1.67042
-1.836
-1.71275
-0.759938
-1.67581
-2.95627
-2.43488
-1.67833
-3.43552
-2.16529
-0.508247
-1.92175
-2.30167
-1.83392
-1.3255
-3.73517
-1.82636
-1.90717
-3.58555
-1.80567
-2.19288
-3.28985
-0.380748
-1.18862
1.00722
0
-3.14979
-2.65237
-2.09178
-3.11748
-1.32181
0.200126
-2.60666
0.373079
-1.69101
-2.92706
-1.85203
-0.97564
-3.44013
-2.55902
-0.995513
-3.62751
-3.84058
-0.996565
-3.09375
-3.63171
-1.45885
-2.41162
-1.44667
-1.74797
-1.97375
-2.24785
-3.14979
0
-1.33376
-4.09766
-2.10286
-1.52453
-3.30651
-1.56265
-0.457463
-1.98435
-1.92862
-2.41712
-0.664104
-3.17101
-2.30754
-0.693905
-2.19938
-1.96227
-0.31742
-1.27801
-3.0147
-2.43647
-1.67255
-1.89196
-1.00106
-1.35334
-1.67042
-2.65237
-1.33376
0
-0.422728
-3.66421
-2.96938
-2.38919
-1.97582
-1.57301
-2.04436
-2.1408
-2.31973
-2.90863
-2.60537
-2.26372
-3.27875
-2.47665
-1.46509
-1.92426
-3.69934
-1.91222
-1.31822
0.0948133
-3.24483
-4.25972
-2.47655
-1.836
-2.09178
-4.09766
-0.422728
0
-2.48088
-2.89174
-1.75526
-1.77522
-0.342057
-1.87583
-0.347166
-1.68789
-1.41512
-2.43799
-3.15053
-1.19223
-1.11821
-2.34307
-4.27563
-1.86583
0.000890778
-2.84533
-2.99963
-2.09444
-0.0743364
-0.454506
-1.71275
-3.11748
-2.10286
-3.66421
-2.48088
0
-1.67693
-3.52185
-0.552235
-1.71117
-2.45749
-3.00605
-1.84343
-2.62236
-1.57405
-2.24368
-3.79648
-1.31306
-1.66661
-2.23751
-1.4632
-2.2764
-2.16573
-3.89501
0.0930457
0.81137
-2.51615
-0.759938
-1.32181
-1.52453
-2.96938
-2.89174
-1.67693
0
-0.980226
-2.10136
-1.42566
-2.85802
0.698048
-2.89251
-1.49418
-2.52194
-1.14947
-1.63906
-3.06659
-3.1031
-2.44317
-2.54171
-1.03855
-2.02131
-3.46284
-1.23369
-3.78914
-1.74742
-1.67581
0.200126
-3.30651
-2.38919
-1.75526
-3.52185
-0.980226
0
-2.85886
0.072708
-2.66538
-4.34607
-2.19602
0.372391
-3.30275
-1.14305
-1.29125
-2.64811
-2.92097
-1.50208
-0.989906
-0.349798
-4.73446
0.172706
-1.30054
-2.50492
-2.82051
-2.95627
-2.60666
-1.56265
-1.97582
-1.77522
-0.552235
-2.10136
-2.85886
0
-2.66557
-1.29251
-1.3887
-2.28594
0.525709
-1.92773
-2.96143
-2.49175
-1.28812
-2.51578
-3.91096
-3.56951
-2.00535
-2.00572
-1.24103
-2.18698
-1.20403
-4.44488
-2.43488
0.373079
-0.457463
-1.57301
-0.342057
-1.71117
-1.42566
0.072708
-2.66557
0
-2.14817
-2.88139
-1.47288
0.820003
-0.373908
-2.20801
-1.74883
-3.97964
-1.14716
-3.14114
-3.10775
-3.17631
-4.11571
-0.414367
-2.6519
-4.25713
-2.16641
-1.67833
-1.69101
-1.98435
-2.04436
-1.87583
-2.45749
-2.85802
-2.66538
-1.29251
-2.14817
0
-1.90585
-0.109147
-1.2578
-0.469413
-1.96717
-4.3951
-4.31017
-1.97399
-1.55712
-2.90702
-1.53585
-2.75119
-3.24174
-3.23836
-3.32271
-3.98918
-3.43552
-2.92706
-1.92862
-2.1408
-0.347166
-3.00605
0.698048
-4.34607
-1.3887
-2.88139
-1.90585
0
-1.93665
-0.787669
-1.4769
-1.8964
-2.35137
-0.762121
-1.44194
-3.15858
-2.18692
-1.42327
-1.80568
-2.78557
-1.94391
-1.47188
-2.37349
-2.16529
-1.85203
-2.41712
-2.31973
-1.68789
-1.84343
-2.89251
-2.19602
-2.28594
-1.47288
-0.109147
-1.93665
0
-2.3312
-2.21319
-1.68465
-2.1883
-2.84456
-2.29272
-0.383088
-2.88978
-1.53328
-1.79852
-3.45347
-2.73097
-1.03905
-3.59923
-0.508247
-0.97564
-0.664104
-2.90863
-1.41512
-2.62236
-1.49418
0.372391
0.525709
0.820003
-1.2578
-0.787669
-2.3312
0
-2.15098
-1.54769
-2.13269
-1.49587
-2.46446
-4.03436
-2.26217
-1.74166
-1.30942
-2.36854
-1.20925
-1.88107
-1.25858
-1.92175
-3.44013
-3.17101
-2.60537
-2.43799
-1.57405
-2.52194
-3.30275
-1.92773
-0.373908
-0.469413
-1.4769
-2.21319
-2.15098
0
-2.43626
-1.64745
-3.49888
-2.36929
-2.52648
-1.44596
-1.02558
-1.58141
-2.58666
-2.22041
-2.62462
-1.77501
-2.30167
-2.55902
-2.30754
-2.26372
-3.15053
-2.24368
-1.14947
-1.14305
-2.96143
-2.20801
-1.96717
-1.8964
-1.68465
-1.54769
-2.43626
0
-2.47759
-2.78608
-1.22883
-1.88586
-1.9401
-2.98798
-1.03351
0.18449
-3.06304
-2.06226
-1.18884
-1.83392
-0.995513
-0.693905
-3.27875
-1.19223
-3.79648
-1.63906
-1.29125
-2.49175
-1.74883
-4.3951
-2.35137
-2.1883
-2.13269
-1.64745
-2.47759
0
-2.50055
-1.66332
-0.51025
-1.65155
-3.37347
0.436113
-2.56705
-1.21014
-1.73377
-3.62709
-1.3255
-3.62751
-2.19938
-2.47665
-1.11821
-1.31306
-3.06659
-2.64811
-1.28812
-3.97964
-4.31017
-0.762121
-2.84456
-1.49587
-3.49888
-2.78608
-2.50055
0
-1.12758
-1.26351
-0.581417
-1.64389
-2.00352
-2.41363
-1.92954
-2.20743
-2.12783
-3.73517
-3.84058
-1.96227
-1.46509
-2.34307
-1.66661
-3.1031
-2.92097
-2.51578
-1.14716
-1.97399
-1.44194
-2.29272
-2.46446
-2.36929
-1.22883
-1.66332
-1.12758
0
-2.32833
-0.653981
-3.26595
-1.91216
-0.829612
0.340244
-1.84272
-2.01803
-1.82636
-0.996565
-0.31742
-1.92426
-4.27563
-2.23751
-2.44317
-1.50208
-3.91096
-3.14114
-1.55712
-3.15858
-0.383088
-4.03436
-2.52648
-1.88586
-0.51025
-1.26351
-2.32833
0
-2.21045
-1.93487
-2.05165
-1.25646
-0.0281312
-2.53802
-2.58348
-1.90717
-3.09375
-1.27801
-3.69934
-1.86583
-1.4632
-2.54171
-0.989906
-3.56951
-3.10775
-2.90702
-2.18692
-2.88978
-2.26217
-1.44596
-1.9401
-1.65155
-0.581417
-0.653981
-2.21045
0
-2.63516
-0.589558
-2.37342
-2.88294
0.970137
-1.2802
-3.58555
-3.63171
-3.0147
-1.91222
0.000890778
-2.2764
-1.03855
-0.349798
-2.00535
-3.17631
-1.53585
-1.42327
-1.53328
-1.74166
-1.02558
-2.98798
-3.37347
-1.64389
-3.26595
-1.93487
-2.63516
0
-0.476795
-1.5389
-2.3742
-1.56346
-3.27539
-1.80567
-1.45885
-2.43647
-1.31822
-2.84533
-2.16573
-2.02131
-4.73446
-2.00572
-4.11571
-2.75119
-1.80568
-1.79852
-1.30942
-1.58141
-1.03351
0.436113
-2.00352
-1.91216
-2.05165
-0.589558
-0.476795
0
-0.646224
-1.89583
-0.603136
-3.13993
-2.19288
-2.41162
-1.67255
0.0948133
-2.99963
-3.89501
-3.46284
0.172706
-1.24103
-0.414367
-3.24174
-2.78557
-3.45347
-2.36854
-2.58666
0.18449
-2.56705
-2.41363
-0.829612
-1.25646
-2.37342
-1.5389
-0.646224
0
-1.31288
-1.62619
-4.17208
-3.28985
-1.44667
-1.89196
-3.24483
-2.09444
0.0930457
-1.23369
-1.30054
-2.18698
-2.6519
-3.23836
-1.94391
-2.73097
-1.20925
-2.22041
-3.06304
-1.21014
-1.92954
0.340244
-0.0281312
-2.88294
-2.3742
-1.89583
-1.31288
0
-2.33544
-1.91595
-0.380748
-1.74797
-1.00106
-4.25972
-0.0743364
0.81137
-3.78914
-2.50492
-1.20403
-4.25713
-3.32271
-1.47188
-1.03905
-1.88107
-2.62462
-2.06226
-1.73377
-2.20743
-1.84272
-2.53802
0.970137
-1.56346
-0.603136
-1.62619
-2.33544
0
