0
-2.30113
-0.812932
-0.805937
-3.00268
-3.0798
-0.867954
-1.6504
-0.627801
-0.817475
-1.96938
-1.03539
-2.15361
-1.94314
-2.23838
-1.57577
-1.56891
-1.69263
-1.69032
-1.99354
-2.55883
-2.60196
-2.36982
-1.42712
-1.17392
-2.05182
-1.54062
-2.30113
0
0.100817
-4.26122
-2.03272
-2.56494
-2.37554
-1.69785
-2.14938
-1.44991
-2.27426
-2.18604
-0.156945
-3.36505
-0.636695
-2.11453
0.312576
-2.14995
-1.07122
-0.93466
-2.09586
-0.678412
-0.981207
-5.53776
-1.34097
-2.31764
-2.88081
-0.812932
0.100817
0
-2.40795
-1.09678
-2.92929
-2.50761
-0.591308
-3.39516
-3.22186
-2.03556
-2.22188
-2.23599
-0.552366
-2.53645
-1.06168
-0.268504
-3.10927
-2.45055
-1.84685
-3.39523
-1.62606
-0.325723
-1.59896
-0.0260528
-2.04639
-1.70171
-0.805937
-4.26122
-2.40795
0
-2.65459
-1.72239
-1.62893
-1.58423
-2.02222
-0.700643
-1.23399
-1.78816
-2.04832
-1.28666
-0.943139
-1.80569
0.0554097
-2.66452
-3.21976
-1.38248
-3.89446
-3.09125
-1.58704
-0.31528
-3.02268
-2.62839
-1.66425
-3.00268
-2.03272
-1.09678
-2.65459
0
-0.510671
-0.49674
-2.03439
-0.394271
-1.83861
-2.49841
-2.00714
-2.8515
-2.74436
-3.24939
-2.52682
-1.45116
-1.48828
-1.79492
-3.55101
-3.68118
-1.88959
-0.254564
-2.78642
-1.45237
-2.39071
-1.30477
-3.0798
-2.56494
-2.92929
-1.72239
-0.510671
0
-0.893549
-2.11739
-2.43689
-0.677842
-1.078
-3.16795
-2.73994
-2.87052
-2.07198
-2.14878
-2.06407
-2.85052
-2.95718
-1.05827
0.152826
-3.3714
-3.43274
-1.60408
-2.34927
-1.53226
-2.03829
-0.867954
-2.37554
-2.50761
-1.62893
-0.49674
-0.893549
0
-2.90632
-2.98876
-2.53859
-2.55854
-0.462331
-4.03967
-2.56517
-1.07837
-1.23092
-1.96477
-3.93179
0.683858
-0.619028
-1.77565
-1.5945
-2.01024
-3.10294
-1.18827
-2.08695
-1.67722
-1.6504
-1.69785
-0.591308
-1.58423
-2.03439
-2.11739
-2.90632
0
-3.4827
-1.61323
-3.55583
-4.07726
-3.31626
-3.49322
-1.22459
-0.806012
-2.3171
-2.68439
-0.685546
-2.29774
-3.6235
-0.462615
-2.57814
-2.72869
-2.72689
-3.27936
-1.3727
-0.627801
-2.14938
-3.39516
-2.02222
-0.394271
-2.43689
-2.98876
-3.4827
0
-2.65853
-2.74032
-2.78887
-1.44964
-2.18396
-1.34802
-1.74013
-2.19364
-2.13106
-0.963136
-1.88846
0.00191919
-0.731366
-1.34095
-1.91751
1.14998
-2.6951
-1.57482
-0.817475
-1.44991
-3.22186
-0.700643
-1.83861
-0.677842
-2.53859
-1.61323
-2.65853
0
-1.47966
-1.03833
-1.51492
-0.402406
-1.43671
-0.495956
-1.84703
-0.616035
-2.13075
-2.01694
-2.01571
-0.477621
-1.80257
-1.45195
-1.7654
-1.16199
-1.07212
-1.96938
-2.27426
-2.03556
-1.23399
-2.49841
-1.078
-2.55854
-3.55583
-2.74032
-1.47966
0
-1.40506
-0.173036
-3.40058
-0.797433
-4.06807
-1.56013
-1.75936
-1.05121
-0.191865
-3.24663
-4.25606
-0.0402847
-2.98165
-0.969692
-3.12059
-1.9447
-1.03539
-2.18604
-2.22188
-1.78816
-2.00714
-3.16795
-0.462331
-4.07726
-2.78887
-1.03833
-1.40506
0
-0.224862
-0.505301
-2.11107
-4.37689
-3.71333
-1.95436
-1.12757
-3.36621
-1.09974
-0.793412
-2.10329
-0.320196
-2.11781
-1.90386
-2.08204
-2.15361
-0.156945
-2.23599
-2.04832
-2.8515
-2.73994
-4.03967
-3.31626
-1.44964
-1.51492
-0.173036
-0.224862
0
-1.39137
-3.05527
-2.56478
-2.41032
-1.21035
-1.22966
-0.295719
-1.55606
-2.25625
-1.61188
-1.7001
-1.57888
-1.50415
-1.87633
-1.94314
-3.36505
-0.552366
-1.28666
-2.74436
-2.87052
-2.56517
-3.49322
-2.18396
-0.402406
-3.40058
-0.505301
-1.39137
0
-2.20713
-4.0521
-3.30251
-2.15006
-2.17529
-4.33356
-0.963729
-3.21329
-2.22245
-0.699543
-2.27243
-2.90728
-0.854192
-2.23838
-0.636695
-2.53645
-0.943139
-3.24939
-2.07198
-1.07837
-1.22459
-1.34802
-1.43671
-0.797433
-2.11107
-3.05527
-2.20713
0
-1.67761
-2.56017
-3.05867
-2.32814
-2.07889
-2.72804
-1.9362
-1.20308
-1.1639
-2.77547
-2.03329
-2.84034
-1.57577
-2.11453
-1.06168
-1.80569
-2.52682
-2.14878
-1.23092
-0.806012
-1.74013
-0.495956
-4.06807
-4.37689
-2.56478
-4.0521
-1.67761
0
-1.68992
-1.08186
-1.34923
-2.17767
-2.63663
-2.7432
-2.30468
-2.04035
-1.28674
-0.788326
-4.59565
-1.56891
0.312576
-0.268504
0.0554097
-1.45116
-2.06407
-1.96477
-2.3171
-2.19364
-1.84703
-1.56013
-3.71333
-2.41032
-3.30251
-2.56017
-1.68992
0
-2.31776
-1.53586
0.675988
-2.15129
-1.4942
-1.33199
-2.51814
-3.16794
-0.972148
-3.51335
-1.69263
-2.14995
-3.10927
-2.66452
-1.48828
-2.85052
-3.93179
-2.68439
-2.13106
-0.616035
-1.75936
-1.95436
-1.21035
-2.15006
-3.05867
-1.08186
-2.31776
0
-1.12989
-1.69387
-2.20699
-0.588075
-2.58988
-3.27639
-2.42935
-3.48187
-2.29591
-1.69032
-1.07122
-2.45055
-3.21976
-1.79492
-2.95718
0.683858
-0.685546
-0.963136
-2.13075
-1.05121
-1.12757
-1.22966
-2.17529
-2.32814
-1.34923
-1.53586
-1.12989
0
-2.47406
-2.33812
-1.25849
-2.91171
-2.33134
-1.2512
-3.50095
-1.93342
-1.99354
-0.93466
-1.84685
-1.38248
-3.55101
-1.05827
-0.619028
-2.29774
-1.88846
-2.01694
-0.191865
-3.36621
-0.295719
-4.33356
-2.07889
-2.17767
0.675988
-1.69387
-2.47406
0
-2.15926
-1.55656
-0.620511
-0.924967
-2.97055
-1.62037
-1.70187
-2.55883
-2.09586
-3.39523
-3.89446
-3.68118
0.152826
-1.77565
-3.6235
0.00191919
-2.01571
-3.24663
-1.09974
-1.55606
-0.963729
-2.72804
-2.63663
-2.15129
-2.20699
-2.33812
-2.15926
0
-3.90074
-1.02101
-2.10054
-2.57747
-2.45618
0.221561
-2.60196
-0.678412
-1.62606
-3.09125
-1.88959
-3.3714
-1.5945
-0.462615
-0.731366
-0.477621
-4.25606
-0.793412
-2.25625
-3.21329
-1.9362
-2.7432
-1.4942
-0.588075
-1.25849
-1.55656
-3.90074
0
-4.77981
-1.79543
-2.86024
-1.0298
-0.916137
-2.36982
-0.981207
-0.325723
-1.58704
-0.254564
-3.43274
-2.01024
-2.57814
-1.34095
-1.80257
-0.0402847
-2.10329
-1.61188
-2.22245
-1.20308
-2.30468
-1.33199
-2.58988
-2.91171
-0.620511
-1.02101
-4.77981
0
-0.241758
-1.79684
0.293892
-3.67751
-1.42712
-5.53776
-1.59896
-0.31528
-2.78642
-1.60408
-3.10294
-2.72869
-1.91751
-1.45195
-2.98165
-0.320196
-1.7001
-0.699543
-1.1639
-2.04035
-2.51814
-3.27639
-2.33134
-0.924967
-2.10054
-1.79543
-0.241758
0
-1.88893
-2.24156
-2.15354
-1.17392
-1.34097
-0.0260528
-3.02268
-1.45237
-2.34927
-1.18827
-2.72689
1.14998
-1.7654
-0.969692
-2.11781
-1.57888
-2.27243
-2.77547
-1.28674
-3.16794
-2.42935
-1.2512
-2.97055
-2.57747
-2.86024
-1.79684
-1.88893
0
-1.63132
-1.98784
-2.05182
-2.31764
-2.04639
-2.62839
-2.39071
-1.53226
-2.08695
-3.27936
-2.6951
-1.16199
-3.12059
-1.90386
-1.50415
-2.90728
-2.03329
-0.788326
-0.972148
-3.48187
-3.50095
-1.62037
-2.45618
-1.0298
0.293892
-2.24156
-1.63132
0
-3.03954
-1.54062
-2.88081
-1.70171
-1.66425
-1.30477
-2.03829
-1.67722
-1.3727
-1.57482
-1.07212
-1.9447
-2.08204
-1.87633
-0.854192
-2.84034
-4.59565
-3.51335
-2.29591
-1.93342
-1.70187
0.221561
-0.916137
-3.67751
-2.15354
-1.98784
-3.03954
0
