0
-3.44339
-2.17855
-2.59883
-0.97149
-0.614675
-1.80473
-1.84362
0.490531
-1.02696
-2.22543
-1.82006
-2.00149
-1.74805
-2.36396
-1.79858
-3.10338
-1.28203
-1.94842
-1.43909
-0.249725
-2.49601
-1.05192
-1.59144
-1.96463
-2.46206
-1.22912
-3.44339
0
-1.76085
-2.57089
-1.53253
-1.26151
-4.31721
-1.89301
-3.95684
-3.65502
-0.665393
-3.69727
-0.795011
-0.793906
0.171564
-0.598755
-0.52533
-1.1963
-0.210797
-2.76258
-2.01735
-0.202987
-2.10245
-2.40996
-2.63112
-1.88646
-2.52531
-2.17855
-1.76085
0
-2.58911
-1.20529
-1.53266
-0.537868
-2.91295
-1.7261
-0.944201
-0.286089
-0.586007
0.0560871
-1.41328
-2.02465
-3.84079
-1.79347
-0.221291
-3.17025
-3.87812
-4.72597
-2.12536
-1.44942
-1.70914
-2.23757
-4.8684
-2.56794
-2.59883
-2.57089
-2.58911
0
-3.4366
-2.02269
-1.65816
-2.59619
-0.878344
-2.84026
-2.52766
0.0107007
-4.0472
-0.86224
-1.00649
-1.34181
-1.47946
-3.38946
-0.179451
-2.48992
-3.18084
-1.27931
-2.26501
-2.82258
-1.9329
-1.56019
-3.05176
-0.97149
-1.53253
-1.20529
-3.4366
0
0.18572
-3.39584
-0.516657
-1.58215
-0.689066
-2.11195
-0.873623
-1.15363
-2.07581
0.123748
-2.51773
-1.90702
-1.66338
-2.43909
-0.203702
-0.6193
-0.767423
-2.30523
-1.39109
-1.67522
-0.84997
-2.92699
-0.614675
-1.26151
-1.53266
-2.02269
0.18572
0
-1.32091
-0.550138
-2.2501
-0.601524
-2.95385
0.0475698
-1.42798
-3.97262
-3.06351
-2.63397
-2.85963
-1.48105
-1.10889
-3.72618
-3.3559
-1.51089
-2.22609
-2.77718
-1.60081
-1.99471
-3.3632
-1.80473
-4.31721
-0.537868
-1.65816
-3.39584
-1.32091
0
-2.00368
-0.893981
-2.09135
-2.26506
-2.43988
-1.51593
-2.14628
-3.28173
-1.79365
-2.14803
-0.0993154
-1.97799
-3.13764
-1.07747
-1.15229
-2.5087
-0.555321
-1.9841
-1.21204
-1.54663
-1.84362
-1.89301
-2.91295
-2.59619
-0.516657
-0.550138
-2.00368
0
-2.1782
-3.02555
-3.73024
-4.09153
-1.32344
-3.29238
-2.38892
-2.28785
-1.36623
-0.975506
-1.7068
-0.738557
-2.73857
-3.44508
-2.94111
-3.25159
-1.54618
-3.47299
-3.64958
0.490531
-3.95684
-1.7261
-0.878344
-1.58215
-2.2501
-0.893981
-2.1782
0
-2.61488
-2.51902
-0.984998
-1.8906
-2.44649
-1.00575
-1.88779
-3.0188
-3.18544
-1.72068
-1.43499
-1.89657
-1.81824
-1.30446
-1.82824
-2.28471
-1.68002
-3.36938
-1.02696
-3.65502
-0.944201
-2.84026
-0.689066
-0.601524
-2.09135
-3.02555
-2.61488
0
-2.60752
-2.60214
-2.73082
-1.23363
-3.12847
-2.78775
-0.937437
-2.06368
-2.60802
-1.90572
-1.02904
-2.8702
-0.534429
-2.77398
-0.170854
-2.25737
-1.89304
-2.22543
-0.665393
-0.286089
-2.52766
-2.11195
-2.95385
-2.26506
-3.73024
-2.51902
-2.60752
0
-2.10845
-2.36476
0.644082
-1.61455
-4.73827
-1.65596
-2.22563
-3.04946
-2.10439
-0.120526
-2.24517
-2.30759
-2.28843
-1.93006
-2.33904
-2.97134
-1.82006
-3.69727
-0.586007
0.0107007
-0.873623
0.0475698
-2.43988
-4.09153
-0.984998
-2.60214
-2.10845
0
0.037558
-2.30298
-2.54763
-3.91576
-3.25354
-1.47418
-2.41079
-0.29085
-0.0946307
-3.17856
-1.53125
-2.40889
-1.94451
-0.69892
-3.91365
-2.00149
-0.795011
0.0560871
-4.0472
-1.15363
-1.42798
-1.51593
-1.32344
-1.8906
-2.73082
-2.36476
0.037558
0
-2.62614
-2.10639
-2.87008
-1.93829
-1.76443
-3.05823
-0.66498
-2.36033
-3.8174
-1.89928
-1.23655
-1.83544
-2.66564
-2.49224
-1.74805
-0.793906
-1.41328
-0.86224
-2.07581
-3.97262
-2.14628
-3.29238
-2.44649
-1.23363
0.644082
-2.30298
-2.62614
0
-2.11409
-1.1401
-1.5404
-0.695773
-2.90351
0.55739
-2.36605
-0.929885
-2.46109
-0.323873
-0.516904
-1.61455
-0.736119
-2.36396
0.171564
-2.02465
-1.00649
0.123748
-3.06351
-3.28173
-2.38892
-1.00575
-3.12847
-1.61455
-2.54763
-2.10639
-2.11409
0
-3.72294
-0.997217
-1.05609
-3.27137
-1.10487
-1.84345
-2.4132
-2.49536
-4.02193
-1.38881
-3.0324
-0.68336
-1.79858
-0.598755
-3.84079
-1.34181
-2.51773
-2.63397
-1.79365
-2.28785
-1.88779
-2.78775
-4.73827
-3.91576
-2.87008
-1.1401
-3.72294
0
-1.0544
-1.68676
-3.57246
-1.63365
-0.842529
-2.70334
-0.343512
-0.0595529
-1.54955
-1.90056
-1.6286
-3.10338
-0.52533
-1.79347
-1.47946
-1.90702
-2.85963
-2.14803
-1.36623
-3.0188
-0.937437
-1.65596
-3.25354
-1.93829
-1.5404
-0.997217
-1.0544
0
-1.01982
0.110994
-1.61639
-3.59029
-1.17426
-1.86486
-1.56798
-2.81684
-2.13873
-0.729713
-1.28203
-1.1963
-0.221291
-3.38946
-1.66338
-1.48105
-0.0993154
-0.975506
-3.18544
-2.06368
-2.22563
-1.47418
-1.76443
-0.695773
-1.05609
-1.68676
-1.01982
0
-1.83391
-0.187511
-0.176821
-1.99548
-2.38237
-3.39301
-2.36612
-2.57763
-2.02717
-1.94842
-0.210797
-3.17025
-0.179451
-2.43909
-1.10889
-1.97799
-1.7068
-1.72068
-2.60802
-3.04946
-2.41079
-3.05823
-2.90351
-3.27137
-3.57246
0.110994
-1.83391
0
-2.2322
-3.26651
-0.558875
-2.67516
-2.3824
-3.41044
-3.20252
-2.00486
-1.43909
-2.76258
-3.87812
-2.48992
-0.203702
-3.72618
-3.13764
-0.738557
-1.43499
-1.90572
-2.10439
-0.29085
-0.66498
0.55739
-1.10487
-1.63365
-1.61639
-0.187511
-2.2322
0
-3.09554
-3.10289
-1.70407
-3.36891
-3.40979
-2.14636
-1.06855
-0.249725
-2.01735
-4.72597
-3.18084
-0.6193
-3.3559
-1.07747
-2.73857
-1.89657
-1.02904
-0.120526
-0.0946307
-2.36033
-2.36605
-1.84345
-0.842529
-3.59029
-0.176821
-3.26651
-3.09554
0
0.25823
-1.99918
-1.65855
-1.92714
-1.73846
-2.34126
-2.49601
-0.202987
-2.12536
-1.27931
-0.767423
-1.51089
-1.15229
-3.44508
-1.81824
-2.8702
-2.24517
-3.17856
-3.8174
-0.929885
-2.4132
-2.70334
-1.17426
-1.99548
-0.558875
-3.10289
0.25823
0
-1.728
-1.79394
-3.76686
-1.63778
-0.966461
-1.05192
-2.10245
-1.44942
-2.26501
-2.30523
-2.22609
-2.5087
-2.94111
-1.30446
-0.534429
-2.30759
-1.53125
-1.89928
-2.46109
-2.49536
-0.343512
-1.86486
-2.38237
-2.67516
-1.70407
-1.99918
-1.728
0
-2.19767
-3.54604
-1.1461
-1.74645
-1.59144
-2.40996
-1.70914
-2.82258
-1.39109
-2.77718
-0.555321
-3.25159
-1.82824
-2.77398
-2.28843
-2.40889
-1.23655
-0.323873
-4.02193
-0.0595529
-1.56798
-3.39301
-2.3824
-3.36891
-1.65855
-1.79394
-2.19767
0
-2.19113
-2.33344
-1.48686
-1.96463
-2.63112
-2.23757
-1.9329
-1.67522
-1.60081
-1.9841
-1.54618
-2.28471
-0.170854
-1.93006
-1.94451
-1.83544
-0.516904
-1.38881
-1.54955
-2.81684
-2.36612
-3.41044
-3.40979
-1.92714
-3.76686
-3.54604
-2.19113
0
-1.81726
-2.35262
-2.46206
-1.88646
-4.8684
-1.56019
-0.84997
-1.99471
-1.21204
-3.47299
-1.68002
-2.25737
-2.33904
-0.69892
-2.66564
-1.61455
-3.0324
-1.90056
-2.13873
-2.57763
-3.20252
-2.14636
-1.73846
-1.63778
-1.1461
-2.33344
-1.81726
0
-2.82077
-1.22912
-2.52531
-2.56794
-3.05176
-2.92699
-3.3632
-1.54663
-3.64958
-3.36938
-1.89304
-2.97134
-3.91365
-2.49224
-0.736119
-0.68336
-1.6286
-0.729713
-2.02717
-2.00486
-1.06855
-2.34126
-0.966461
-1.74645
-1.48686
-2.35262
-2.82077
0
