0
-0.28547
-0.672595
-1.95646
-3.10226
-1.13308
-2.48393
-2.04023
-1.52075
-1.12428
-3.65625
-3.031
-2.97705
-4.95489
-1.56882
-1.97119
-3.52222
-3.32144
-2.31817
-1.8838
-2.74619
-0.76849
-2.13554
-1.24247
0.0434153
-0.528932
-3.2979
-0.28547
0
-0.967918
-3.83776
-1.69495
-2.06465
-0.793561
-2.50749
-2.06696
-1.47628
0.248351
-2.87349
-1.87099
-0.345816
-0.568796
-1.97573
-2.54868
-2.5437
-1.48712
-2.23729
-1.39642
-2.35182
-0.77812
-2.9282
-1.58317
-1.6242
-2.02341
-0.672595
-0.967918
0
-1.06958
-2.12583
-1.28635
-1.21509
-3.5344
-1.7152
-1.33476
-2.13429
-1.32911
-0.0574146
-0.995529
-0.871567
-2.55432
-1.77736
-2.48799
-1.64782
-2.33943
-1.25302
-1.44999
-2.43463
-2.56753
-1.25421
-3.39744
-2.10311
-1.95646
-3.83776
-1.06958
0
-0.198076
-2.55327
-1.09052
-1.89764
-0.808689
-2.32327
-3.5209
-2.06302
-2.01985
-1.71755
-2.48867
-3.09946
-0.762503
-2.58128
-2.11343
-3.07537
-2.42032
-1.90684
-1.60407
-3.14975
-1.78275
-1.22372
-0.751329
-3.10226
-1.69495
-2.12583
-0.198076
0
-2.08098
-2.13748
-3.35025
-1.89197
-2.57247
-1.99765
-1.555
-1.90932
-2.36227
-2.01832
-1.6261
-1.5827
-1.03749
-2.54682
-0.555982
-1.88224
-2.599
-2.43281
-3.11522
-1.81345
-1.97442
-3.23707
-1.13308
-2.06465
-1.28635
-2.55327
-2.08098
0
-2.32437
-0.865175
-1.69156
-2.23147
-2.97738
-2.06582
-2.98565
-2.49152
-2.90761
-2.62651
-1.41475
-1.56581
-2.58381
-1.556
-2.39183
-2.95892
-1.84617
-1.14443
-1.6931
-1.97367
-2.64165
-2.48393
-0.793561
-1.21509
-1.09052
-2.13748
-2.32437
0
-2.13817
-1.58601
-1.61617
-2.25424
-2.72645
-3.81208
-2.82167
-3.08156
-4.43508
-3.07429
-2.80171
-2.75745
-2.16476
-0.961803
-1.41351
-2.83895
-1.54904
-1.91043
-1.99125
-3.88864
-2.04023
-2.50749
-3.5344
-1.89764
-3.35025
-0.865175
-2.13817
0
-1.49114
-1.81792
-1.89138
-3.37148
-2.32264
0.570516
-1.20102
-0.200838
-1.05487
-3.6597
0.278901
-1.46049
-2.32397
-3.72856
-1.72022
-1.11817
-2.27409
-1.77948
-2.09535
-1.52075
-2.06696
-1.7152
-0.808689
-1.89197
-1.69156
-1.58601
-1.49114
0
-0.521254
-2.08705
-3.17651
-3.12728
-2.20458
-2.01198
-1.76455
-2.40636
-1.34101
-2.98394
-0.600618
-0.470424
-2.53066
-0.405257
-1.70113
-0.880658
-1.91686
-1.49909
-1.12428
-1.47628
-1.33476
-2.32327
-2.57247
-2.23147
-1.61617
-1.81792
-0.521254
0
-1.35525
-3.09438
-1.18505
-1.63997
-1.43138
-3.06464
-3.32695
-1.31757
-2.82445
-3.29815
-2.6766
-1.3556
-1.99142
-1.19697
-2.32269
-1.81541
-2.69173
-3.65625
0.248351
-2.13429
-3.5209
-1.99765
-2.97738
-2.25424
-1.89138
-2.08705
-1.35525
0
-0.955976
-1.70402
-2.89127
-2.78898
-2.01094
-1.35384
-1.15453
-0.579939
-0.635736
0.130045
-1.0848
-2.31279
-3.20569
-2.74127
-2.24852
-2.00647
-3.031
-2.87349
-1.32911
-2.06302
-1.555
-2.06582
-2.72645
-3.37148
-3.17651
-3.09438
-0.955976
0
-3.3339
-1.33265
-2.39924
-2.95241
-2.13261
-2.84098
-2.098
-0.939366
-1.16059
-0.952021
-1.54428
-3.00808
-2.08418
-2.09968
-1.32802
-2.97705
-1.87099
-0.0574146
-2.01985
-1.90932
-2.98565
-3.81208
-2.32264
-3.12728
-1.18505
-1.70402
-3.3339
0
0.0590602
-1.88402
-1.16397
-1.70595
-2.16561
-4.23867
0.132506
-0.92731
-1.01774
-2.21781
-2.29419
-2.74466
-2.23594
-2.48796
-4.95489
-0.345816
-0.995529
-1.71755
-2.36227
-2.49152
-2.82167
0.570516
-2.20458
-1.63997
-2.89127
-1.33265
0.0590602
0
-1.97625
-3.41261
-0.664673
-0.887993
-2.60274
-0.709065
-1.86175
-3.68224
-1.50833
-3.3048
-2.07814
-2.34644
-0.719455
-1.56882
-0.568796
-0.871567
-2.48867
-2.01832
-2.90761
-3.08156
-1.20102
-2.01198
-1.43138
-2.78898
-2.39924
-1.88402
-1.97625
0
-4.0184
-2.38531
-1.99423
-1.32883
-1.72458
-1.39509
-1.69464
-0.0157007
-2.9454
-1.59379
-3.37983
0.32446
-1.97119
-1.97573
-2.55432
-3.09946
-1.6261
-2.62651
-4.43508
-0.200838
-1.76455
-3.06464
-2.01094
-2.95241
-1.16397
-3.41261
-4.0184
0
-2.39664
-0.369384
-0.94454
-0.592897
-3.52652
-2.96055
-1.85485
-0.830014
-1.31065
-2.35987
-4.05202
-3.52222
-2.54868
-1.77736
-0.762503
-1.5827
-1.41475
-3.07429
-1.05487
-2.40636
-3.32695
-1.35384
-2.13261
-1.70595
-0.664673
-2.38531
-2.39664
0
-1.33771
-3.13213
-3.22274
-2.29866
-1.62629
-3.15879
-1.08644
-1.16708
-2.42267
-2.46919
-3.32144
-2.5437
-2.48799
-2.58128
-1.03749
-1.56581
-2.80171
-3.6597
-1.34101
-1.31757
-1.15453
-2.84098
-2.16561
-0.887993
-1.99423
-0.369384
-1.33771
0
-0.509655
-4.61263
-1.20444
-2.08615
-2.65532
-1.64324
-2.62657
-0.979837
-2.15933
-2.31817
-1.48712
-1.64782
-2.11343
-2.54682
-2.58381
-2.75745
0.278901
-2.98394
-2.82445
-0.579939
-2.098
-4.23867
-2.60274
-1.32883
-0.94454
-3.13213
-0.509655
0
-2.1808
-2.91702
-2.27282
-1.99382
-0.93107
-2.78148
-2.65647
-1.57552
-1.8838
-2.23729
-2.33943
-3.07537
-0.555982
-1.556
-2.16476
-1.46049
-0.600618
-3.29815
-0.635736
-0.939366
0.132506
-0.709065
-1.72458
-0.592897
-3.22274
-4.61263
-2.1808
0
-2.42432
-3.78291
-1.46839
-2.02862
-2.94311
-2.02746
-1.19133
-2.74619
-1.39642
-1.25302
-2.42032
-1.88224
-2.39183
-0.961803
-2.32397
-0.470424
-2.6766
0.130045
-1.16059
-0.92731
-1.86175
-1.39509
-3.52652
-2.29866
-1.20444
-2.91702
-2.42432
0
-2.51551
-2.40693
-3.12542
-1.8206
-1.99502
-1.9151
-0.76849
-2.35182
-1.44999
-1.90684
-2.599
-2.95892
-1.41351
-3.72856
-2.53066
-1.3556
-1.0848
-0.952021
-1.01774
-3.68224
-1.69464
-2.96055
-1.62629
-2.08615
-2.27282
-3.78291
-2.51551
0
-0.607785
-0.921652
-2.24146
-1.56506
-5.06069
-2.13554
-0.77812
-2.43463
-1.60407
-2.43281
-1.84617
-2.83895
-1.72022
-0.405257
-1.99142
-2.31279
-1.54428
-2.21781
-1.50833
-0.0157007
-1.85485
-3.15879
-2.65532
-1.99382
-1.46839
-2.40693
-0.607785
0
-1.09364
-0.831341
-1.63727
-1.86723
-1.24247
-2.9282
-2.56753
-3.14975
-3.11522
-1.14443
-1.54904
-1.11817
-1.70113
-1.19697
-3.20569
-3.00808
-2.29419
-3.3048
-2.9454
-0.830014
-1.08644
-1.64324
-0.93107
-2.02862
-3.12542
-0.921652
-1.09364
0
-2.90486
-2.75013
-2.30185
0.0434153
-1.58317
-1.25421
-1.78275
-1.81345
-1.6931
-1.91043
-2.27409
-0.880658
-2.32269
-2.74127
-2.08418
-2.74466
-2.07814
-1.59379
-1.31065
-1.16708
-2.62657
-2.78148
-2.94311
-1.8206
-2.24146
-0.831341
-2.90486
0
-3.06494
-2.35165
-0.528932
-1.6242
-3.39744
-1.22372
-1.97442
-1.97367
-1.99125
-1.77948
-1.91686
-1.81541
-2.24852
-2.09968
-2.23594
-2.34644
-3.37983
-2.35987
-2.42267
-0.979837
-2.65647
-2.02746
-1.99502
-1.56506
-1.63727
-2.75013
-3.06494
0
-4.02578
-3.2979
-2.02341
-2.10311
-0.751329
-3.23707
-2.64165
-3.88864
-2.09535
-1.49909
-2.69173
-2.00647
-1.32802
-2.48796
-0.719455
0.32446
-4.05202
-2.46919
-2.15933
-1.57552
-1.19133
-1.9151
-5.06069
-1.86723
-2.30185
-2.35165
-4.02578
0
