0
-0.0978378
-1.02005
-1.97825
-2.26793
-2.61851
-3.58339
-3.91277
-0.278163
-1.84995
-2.32842
-0.852489
1.20743
-1.61601
-0.685148
-1.66534
-0.619954
-1.3552
-2.86643
-2.52581
-3.28519
-1.56507
-4.42172
-1.55218
-0.623856
-2.35174
-1.64117
-0.0978378
0
-3.39597
-1.49591
-2.57591
-2.90787
-1.71007
-2.51403
-1.93329
-2.63132
-2.53525
-1.34931
-2.64116
-2.63868
-3.57703
-1.82449
-1.25736
-1.54541
0.129114
-1.4518
-0.621358
-3.03167
-2.78548
-1.49197
-1.88543
-1.89961
-2.22253
-1.02005
-3.39597
0
-2.51983
-1.9573
-1.00165
-1.44944
-1.17449
-1.91959
-0.522589
-0.954746
-1.48215
-1.58343
-0.965327
-0.4822
-1.33292
-2.1302
-2.22758
-0.810196
-3.59797
-3.12424
-1.51455
-1.15338
-0.497702
-2.10143
0.123076
0.160182
-1.97825
-1.49591
-2.51983
0
-2.44735
0.230514
1.10622
-1.13589
-1.18769
-2.36682
-2.8575
-1.84177
0.0985244
-2.38643
-2.19578
-2.11345
-2.10458
-2.80904
-1.0115
0.0260878
-0.593833
-2.39645
-2.0783
-2.07964
-0.408624
-2.07616
-2.67374
-2.26793
-2.57591
-1.9573
-2.44735
0
-2.54527
-1.92243
-2.52499
-2.06602
-2.68564
-1.8427
-0.728135
-1.98648
-1.39552
-1.90895
-2.01367
-0.172895
-2.25489
-0.607989
-1.75062
-0.939752
-0.873171
-1.30763
-1.24282
-3.23535
-2.02407
-3.63591
-2.61851
-2.90787
-1.00165
0.230514
-2.54527
0
-2.1263
-2.75947
-2.66361
-2.27638
-0.82459
-1.07221
-0.550444
-2.27529
-1.8105
-1.03835
-1.35087
-3.00341
-2.98741
-0.666541
-2.33873
-2.59959
-2.054
-2.40714
-2.76299
-0.618601
-1.55954
-3.58339
-1.71007
-1.44944
1.10622
-1.92243
-2.1263
0
-2.29111
-3.06605
-1.70663
-2.71262
-0.5929
-1.0281
-1.06972
-2.1458
-1.23855
-1.09171
-1.89168
-3.07039
-0.613104
-1.35845
-2.14139
-1.09545
-2.41278
-0.269433
-1.58121
-2.77265
-3.91277
-2.51403
-1.17449
-1.13589
-2.52499
-2.75947
-2.29111
0
-1.89795
-3.49134
-2.08445
-1.98589
-2.70136
-2.47572
-1.70602
-1.28637
-2.38537
-1.00348
-1.0374
-1.23337
-3.48343
-1.0433
-0.670739
-1.27067
-2.37069
-1.48777
-1.67295
-0.278163
-1.93329
-1.91959
-1.18769
-2.06602
-2.66361
-3.06605
-1.89795
0
-2.57252
-2.81839
0.31288
-3.21887
-2.14954
-3.17675
-2.11529
-1.38676
-2.77129
-2.01409
-2.66119
-3.91908
-1.133
-0.888206
-0.926221
-1.80112
-3.14657
-3.10482
-1.84995
-2.63132
-0.522589
-2.36682
-2.68564
-2.27638
-1.70663
-3.49134
-2.57252
0
-3.45405
-3.37141
-1.45834
-0.690321
-1.88184
-1.59578
-0.698585
-0.894568
-0.440076
-1.42211
-2.4665
0.350758
-1.27333
0.141998
-1.22055
-2.32703
-2.88764
-2.32842
-2.53525
-0.954746
-2.8575
-1.8427
-0.82459
-2.71262
-2.08445
-2.81839
-3.45405
0
-0.835409
-2.65602
-0.310855
-0.777319
-2.47551
-0.714151
-2.75149
-2.94536
-2.58419
-0.882927
-3.79827
-2.19134
-3.16527
-1.38623
-0.802749
-1.87187
-0.852489
-1.34931
-1.48215
-1.84177
-0.728135
-1.07221
-0.5929
-1.98589
0.31288
-3.37141
-0.835409
0
-2.40387
-1.21279
-1.50567
-0.767798
-1.1288
-1.24879
-1.10678
-1.44264
-4.69317
-2.81254
-2.66213
-1.4585
-0.805421
-3.02964
-1.69989
1.20743
-2.64116
-1.58343
0.0985244
-1.98648
-0.550444
-1.0281
-2.70136
-3.21887
-1.45834
-2.65602
-2.40387
0
-1.15254
-1.01498
-3.67267
-2.93416
-3.5659
-2.30526
-2.10267
-2.63728
-1.66331
-2.43155
-0.588098
-1.04627
-2.65228
-2.39793
-1.61601
-2.63868
-0.965327
-2.38643
-1.39552
-2.27529
-1.06972
-2.47572
-2.14954
-0.690321
-0.310855
-1.21279
-1.15254
0
-3.56908
-2.47906
-1.69618
-2.79054
-1.95187
-0.678022
-2.36813
-0.696178
-4.21214
-1.48658
-1.60066
-0.149812
-2.41813
-0.685148
-3.57703
-0.4822
-2.19578
-1.90895
-1.8105
-2.1458
-1.70602
-3.17675
-1.88184
-0.777319
-1.50567
-1.01498
-3.56908
0
-2.0054
-2.61084
-2.15432
-2.91233
-1.63261
-0.0690434
-0.305401
-2.47207
-1.21165
-1.431
-1.18991
-1.81612
-1.66534
-1.82449
-1.33292
-2.11345
-2.01367
-1.03835
-1.23855
-1.28637
-2.11529
-1.59578
-2.47551
-0.767798
-3.67267
-2.47906
-2.0054
0
-2.42638
-1.88258
-1.59087
-2.01293
0.219219
-1.25323
-3.59738
-0.847697
-1.04528
-3.03434
-0.363028
-0.619954
-1.25736
-2.1302
-2.10458
-0.172895
-1.35087
-1.09171
-2.38537
-1.38676
-0.698585
-0.714151
-1.1288
-2.93416
-1.69618
-2.61084
-2.42638
0
-1.7641
-2.2596
-2.78887
-0.977443
-1.80059
-3.15374
-0.991927
-1.82656
-1.28608
-2.49552
-1.3552
-1.54541
-2.22758
-2.80904
-2.25489
-3.00341
-1.89168
-1.00348
-2.77129
-0.894568
-2.75149
-1.24879
-3.5659
-2.79054
-2.15432
-1.88258
-1.7641
0
-0.724768
-1.57831
-1.44434
-0.57616
-3.3308
-2.0212
-0.779511
-1.7221
-1.71729
-2.86643
0.129114
-0.810196
-1.0115
-0.607989
-2.98741
-3.07039
-1.0374
-2.01409
-0.440076
-2.94536
-1.10678
-2.30526
-1.95187
-2.91233
-1.59087
-2.2596
-0.724768
0
-2.21398
-1.14823
-1.26644
-1.14534
-1.82222
-1.22947
-3.71503
-0.919425
-2.52581
-1.4518
-3.59797
0.0260878
-1.75062
-0.666541
-0.613104
-1.23337
-2.66119
-1.42211
-2.58419
-1.44264
-2.10267
-0.678022
-1.63261
-2.01293
-2.78887
-1.57831
-2.21398
0
-2.49494
-1.14076
-1.35981
-2.13792
-2.25223
-1.29691
-0.824005
-3.28519
-0.621358
-3.12424
-0.593833
-0.939752
-2.33873
-1.35845
-3.48343
-3.91908
-2.4665
-0.882927
-4.69317
-2.63728
-2.36813
-0.0690434
0.219219
-0.977443
-1.44434
-1.14823
-2.49494
0
-0.771123
-1.53904
-0.462666
-2.28266
-3.40922
-0.49185
-1.56507
-3.03167
-1.51455
-2.39645
-0.873171
-2.59959
-2.14139
-1.0433
-1.133
0.350758
-3.79827
-2.81254
-1.66331
-0.696178
-0.305401
-1.25323
-1.80059
-0.57616
-1.26644
-1.14076
-0.771123
0
-2.99702
-3.14088
-1.14025
-2.29616
-1.5425
-4.42172
-2.78548
-1.15338
-2.0783
-1.30763
-2.054
-1.09545
-0.670739
-0.888206
-1.27333
-2.19134
-2.66213
-2.43155
-4.21214
-2.47207
-3.59738
-3.15374
-3.3308
-1.14534
-1.35981
-1.53904
-2.99702
0
-2.37719
-2.71983
-2.28386
-1.15478
-1.55218
-1.49197
-0.497702
-2.07964
-1.24282
-2.40714
-2.41278
-1.27067
-0.926221
0.141998
-3.16527
-1.4585
-0.588098
-1.48658
-1.21165
-0.847697
-0.991927
-2.0212
-1.82222
-2.13792
-0.462666
-3.14088
-2.37719
0
-2.16524
-2.46259
-1.69563
-0.623856
-1.88543
-2.10143
-0.408624
-3.23535
-2.76299
-0.269433
-2.37069
-1.80112
-1.22055
-1.38623
-0.805421
-1.04627
-1.60066
-1.431
-1.04528
-1.82656
-0.779511
-1.22947
-2.25223
-2.28266
-1.14025
-2.71983
-2.16524
0
-1.79471
-1.13316
-2.35174
-1.89961
0.123076
-2.07616
-2.02407
-0.618601
-1.58121
-1.48777
-3.14657
-2.32703
-0.802749
-3.02964
-2.65228
-0.149812
-1.18991
-3.03434
-1.28608
-1.7221
-3.71503
-1.29691
-3.40922
-2.29616
-2.28386
-2.46259
-1.79471
0
-1.02622
-1.64117
-2.22253
0.160182
-2.67374
-3.63591
-1.55954
-2.77265
-1.67295
-3.10482
-2.88764
-1.87187
-1.69989
-2.39793
-2.41813
-1.81612
-0.363028
-2.49552
-1.71729
-0.919425
-0.824005
-0.49185
-1.5425
-1.15478
-1.69563
-1.13316
-1.02622
0
