0
-2.71244
-0.122837
-2.87273
-1.9822
-1.91485
-1.87859
0.258045
-1.85417
-0.510745
-0.657661
-1.79653
-1.73091
-3.74238
-2.67339
-2.38116
-0.811725
-2.39059
-0.775395
-0.763942
-2.2134
-2.39827
-3.67927
-2.41385
-3.37187
-2.46744
-2.03823
-2.71244
0
-0.88398
-1.25373
-1.27267
-2.20141
-3.03799
-3.21022
-2.76183
-2.95526
-1.3862
-3.26239
-1.62709
-0.497654
0.373779
-2.45226
-2.59044
-2.45932
-1.42893
-2.35417
-2.34456
-1.72133
-2.32831
-1.59987
-2.03714
-3.88002
-2.41979
-0.122837
-0.88398
0
-3.57898
-2.69902
-2.08687
-1.51056
-1.02871
-1.28501
-1.43013
-0.58227
-2.99945
-3.07171
-1.37613
-2.07117
-2.37549
-3.53288
-3.30226
-2.86341
-1.5133
-1.72765
-3.5159
-1.71362
-1.77957
-4.25665
-2.18396
-0.479666
-2.87273
-1.25373
-3.57898
0
-2.93222
-3.03427
-2.9645
-2.78459
-3.20511
-1.82079
-2.80463
-2.63946
-2.87413
-1.61425
-2.49504
-0.950394
-0.962137
-0.721644
-1.5475
-2.21389
-2.6098
-1.38509
-3.26569
-0.797748
-3.50374
-1.50469
-2.46724
-1.9822
-1.27267
-2.69902
-2.93222
0
-1.96802
-1.97928
-1.89212
-2.60287
-2.74933
-1.9783
-1.75724
-1.22888
-2.78608
-0.680704
-2.82654
-3.02849
-1.98529
-1.57214
-3.75126
-0.734359
-1.38371
-2.39972
-1.62743
-1.66797
-2.62595
-3.04895
-1.91485
-2.20141
-2.08687
-3.03427
-1.96802
0
-0.788772
-1.03202
-1.06045
-2.4576
1.30987
0.412074
-0.754859
-1.74182
-0.243517
-1.27552
-4.4667
-4.15473
-2.62796
-0.216571
-4.60016
0.288715
-2.80233
-3.20596
-1.17347
-2.25916
-0.741881
-1.87859
-3.03799
-1.51056
-2.9645
-1.97928
-0.788772
0
-2.34908
-1.5577
-2.22298
-0.698749
-0.90498
-3.93795
-1.75779
-2.69326
-3.66059
-2.42628
-2.05949
-3.64741
-3.25179
-2.19005
-2.31959
-2.58625
-1.89685
-3.16405
-2.18748
-2.3687
0.258045
-3.21022
-1.02871
-2.78459
-1.89212
-1.03202
-2.34908
0
-2.30135
-2.15305
-2.50397
-2.5432
-1.64875
-1.43651
-1.55979
-1.79499
-1.26227
-0.222764
-1.48884
-0.907736
-1.57627
-1.50245
-1.74722
-2.30334
-1.11431
-1.2915
-1.38796
-1.85417
-2.76183
-1.28501
-3.20511
-2.60287
-1.06045
-1.5577
-2.30135
0
-0.852707
-3.08273
-3.38495
0.0329593
-1.80946
-2.17709
-3.05207
-3.95326
-1.47046
-2.52854
-2.28492
-1.52089
-2.14536
-1.32368
-3.61236
-1.6048
-1.39055
-1.48713
-0.510745
-2.95526
-1.43013
-1.82079
-2.74933
-2.4576
-2.22298
-2.15305
-0.852707
0
-2.00546
-3.8899
-1.04131
-1.59522
-2.87508
-1.46405
-1.65528
-0.654387
-2.81097
-1.39597
-1.55157
-1.36154
-2.16682
-4.3127
-3.15981
-1.16599
-1.3117
-0.657661
-1.3862
-0.58227
-2.80463
-1.9783
1.30987
-0.698749
-2.50397
-3.08273
-2.00546
0
-2.37673
-3.47719
-0.822796
-3.12355
-1.26489
-2.48427
-2.27108
-2.63196
-4.60522
-0.333057
-2.30928
-2.47444
-1.27494
-2.2997
-2.05907
-2.13263
-1.79653
-3.26239
-2.99945
-2.63946
-1.75724
0.412074
-0.90498
-2.5432
-3.38495
-3.8899
-2.37673
0
-3.46999
-1.40596
-0.880491
-1.62098
-2.9754
-0.300089
-0.76948
-3.70548
-3.10771
-2.07853
-0.91757
-2.16979
-3.18023
-1.93758
-4.86502
-1.73091
-1.62709
-3.07171
-2.87413
-1.22888
-0.754859
-3.93795
-1.64875
0.0329593
-1.04131
-3.47719
-3.46999
0
-1.54867
-1.72871
-2.43401
-3.36629
-1.17098
-2.36977
-1.66365
-0.769884
-0.258326
-3.55424
-0.465884
-0.636113
-1.60418
-2.18282
-3.74238
-0.497654
-1.37613
-1.61425
-2.78608
-1.74182
-1.75779
-1.43651
-1.80946
-1.59522
-0.822796
-1.40596
-1.54867
0
-1.79516
-3.29684
-3.28918
-0.719832
-0.910423
-0.987463
-0.222411
-1.94369
-2.10311
-2.63078
-2.85576
-2.42321
-3.16663
-2.67339
0.373779
-2.07117
-2.49504
-0.680704
-0.243517
-2.69326
-1.55979
-2.17709
-2.87508
-3.12355
-0.880491
-1.72871
-1.79516
0
-1.90666
-2.12032
-2.25054
-2.31761
-3.39301
-2.72263
-2.80363
-2.12157
-1.36568
-0.782974
-1.65292
-2.83717
-2.38116
-2.45226
-2.37549
-0.950394
-2.82654
-1.27552
-3.66059
-1.79499
-3.05207
-1.46405
-1.26489
-1.62098
-2.43401
-3.29684
-1.90666
0
-2.05288
-0.316364
-1.55717
-1.59527
-0.637861
-0.444051
-1.46965
-1.61891
-1.17265
-1.23508
-2.10054
-0.811725
-2.59044
-3.53288
-0.962137
-3.02849
-4.4667
-2.42628
-1.26227
-3.95326
-1.65528
-2.48427
-2.9754
-3.36629
-3.28918
-2.12032
-2.05288
0
-0.468851
-2.38269
-2.5492
-1.71738
-1.74055
-3.35624
-2.77943
-1.4477
-2.95971
0.587665
-2.39059
-2.45932
-3.30226
-0.721644
-1.98529
-4.15473
-2.05949
-0.222764
-1.47046
-0.654387
-2.27108
-0.300089
-1.17098
-0.719832
-2.25054
-0.316364
-0.468851
0
-3.48324
-3.23001
-1.63851
-4.39006
-4.14722
-1.2328
-2.40459
-1.03783
-1.89661
-0.775395
-1.42893
-2.86341
-1.5475
-1.57214
-2.62796
-3.64741
-1.48884
-2.52854
-2.81097
-2.63196
-0.76948
-2.36977
-0.910423
-2.31761
-1.55717
-2.38269
-3.48324
0
-1.0229
-1.94688
-3.48551
-0.0959377
-2.8526
-0.931071
-0.206171
-2.52192
-0.763942
-2.35417
-1.5133
-2.21389
-3.75126
-0.216571
-3.25179
-0.907736
-2.28492
-1.39597
-4.60522
-3.70548
-1.66365
-0.987463
-3.39301
-1.59527
-2.5492
-3.23001
-1.0229
0
-2.46785
-2.82862
-2.18925
-1.28827
-0.700671
-1.90823
-2.9024
-2.2134
-2.34456
-1.72765
-2.6098
-0.734359
-4.60016
-2.19005
-1.57627
-1.52089
-1.55157
-0.333057
-3.10771
-0.769884
-0.222411
-2.72263
-0.637861
-1.71738
-1.63851
-1.94688
-2.46785
0
-2.34041
-0.894484
-2.90396
-3.19825
-1.86683
-2.49939
-2.39827
-1.72133
-3.5159
-1.38509
-1.38371
0.288715
-2.31959
-1.50245
-2.14536
-1.36154
-2.30928
-2.07853
-0.258326
-1.94369
-2.80363
-0.444051
-1.74055
-4.39006
-3.48551
-2.82862
-2.34041
0
-3.50243
-2.89804
-2.21809
-3.17369
-1.76242
-3.67927
-2.32831
-1.71362
-3.26569
-2.39972
-2.80233
-2.58625
-1.74722
-1.32368
-2.16682
-2.47444
-0.91757
-3.55424
-2.10311
-2.12157
-1.46965
-3.35624
-4.14722
-0.0959377
-2.18925
-0.894484
-3.50243
0
-3.35996
-0.869764
-2.90658
-3.661
-2.41385
-1.59987
-1.77957
-0.797748
-1.62743
-3.20596
-1.89685
-2.30334
-3.61236
-4.3127
-1.27494
-2.16979
-0.465884
-2.63078
-1.36568
-1.61891
-2.77943
-1.2328
-2.8526
-1.28827
-2.90396
-2.89804
-3.35996
0
-2.40312
-2.52358
-2.17988
-3.37187
-2.03714
-4.25665
-3.50374
-1.66797
-1.17347
-3.16405
-1.11431
-1.6048
-3.15981
-2.2997
-3.18023
-0.636113
-2.85576
-0.782974
-1.17265
-1.4477
-2.40459
-0.931071
-0.700671
-3.19825
-2.21809
-0.869764
-2.40312
0
-2.61052
-1.82349
-2.46744
-3.88002
-2.18396
-1.50469
-2.62595
-2.25916
-2.18748
-1.2915
-1.39055
-1.16599
-2.05907
-1.93758
-1.60418
-2.42321
-1.65292
-1.23508
-2.95971
-1.03783
-0.206171
-1.90823
-1.86683
-3.17369
-2.90658
-2.52358
-2.61052
0
-2.30259
-2.03823
-2.41979
-0.479666
-2.46724
-3.04895
-0.741881
-2.3687
-1.38796
-1.48713
-1.3117
-2.13263
-4.86502
-2.18282
-3.16663
-2.83717
-2.10054
0.587665
-1.89661
-2.52192
-2.9024
-2.49939
-1.76242
-3.661
-2.17988
-1.82349
-2.30259
0
