0
-1.04255
-0.800361
-2.54932
-1.92955
-2.44588
-3.11959
-2.30286
-2.661
-3.0099
-3.06287
-2.17414
-1.2013
-1.23444
-1.64853
-3.61991
-1.54863
-1.39913
-1.39451
-2.28044
-2.1968
-2.8637
-3.58992
-0.58682
-1.2831
0.903532
-2.21252
-1.04255
0
-1.80837
-2.47254
-2.47595
-0.891438
-2.18519
-1.05774
-1.70313
-2.95102
1.17361
-3.14189
-2.13282
-1.91758
-0.676218
-1.88115
-2.90053
-2.61753
-0.109509
-3.10977
-4.41706
-0.949791
-1.81222
-2.53493
-0.725767
-0.560244
-2.92996
-0.800361
-1.80837
0
-1.52145
0.12381
-1.43811
-1.27276
-2.66228
-1.58091
-1.7556
-3.73913
-2.69683
-2.03122
-4.05124
-2.00517
-1.88351
-0.495741
-2.2595
-2.45218
-2.12242
-2.57073
-1.15765
-1.96352
-1.91759
-1.48751
-2.60432
-2.07284
-2.54932
-2.47254
-1.52145
0
-3.94219
-3.05778
-2.40601
-1.97661
-2.70011
-3.0226
-3.36401
-2.90415
-1.09678
-1.53831
-3.13384
-1.31608
-2.65674
-2.9062
-2.86284
-1.90276
-2.72764
-1.58037
-3.40771
-2.47251
-1.52871
-1.26847
-3.8207
-1.92955
-2.47595
0.12381
-3.94219
0
-0.613043
-1.43855
-2.58594
-1.40384
-2.51884
-3.31944
-0.983509
-3.56975
-0.72196
0.0625871
-3.28826
-2.43321
-1.54146
-1.39172
-3.09575
-3.03905
-1.56858
-2.72596
-2.24736
-1.26528
-0.326297
-1.10818
-2.44588
-0.891438
-1.43811
-3.05778
-0.613043
0
-2.3384
-2.33712
-3.81166
-2.74579
-1.95861
-2.26509
-1.36496
-2.82794
-3.45353
-0.169199
-2.83718
-1.14364
-1.5668
-1.91319
-2.30932
-0.787659
-3.35067
-0.72633
-2.54902
-1.49965
-2.09616
-3.11959
-2.18519
-1.27276
-2.40601
-1.43855
-2.3384
0
-1.43823
-1.76572
-1.75145
-2.21642
-1.13383
-2.30032
-2.9866
-2.51278
-2.98207
-1.3108
-4.99295
-1.37458
-1.74911
-2.8742
-1.50799
-1.17968
-1.45033
-2.11319
-0.886148
-3.23545
-2.30286
-1.05774
-2.66228
-1.97661
-2.58594
-2.33712
-1.43823
0
-0.142051
-3.13064
-1.68947
-2.13673
-2.55632
-0.435297
-3.06392
-2.38525
-2.58977
-3.02781
-1.71577
-2.33961
-0.60934
-1.32357
-1.16836
-2.27572
-0.516768
-3.33103
-1.78549
-2.661
-1.70313
-1.58091
-2.70011
-1.40384
-3.81166
-1.76572
-0.142051
0
-0.180979
-0.482274
-2.49947
-1.23049
-1.4662
-4.25778
-2.0904
-2.75978
-1.07563
-2.30328
-1.35418
-2.50475
-2.2927
-2.22273
-2.16007
-2.75342
-0.0209492
-2.20277
-3.0099
-2.95102
-1.7556
-3.0226
-2.51884
-2.74579
-1.75145
-3.13064
-0.180979
0
-2.42298
-2.85695
-1.75229
-2.09256
-2.62339
-1.44687
-2.27666
-0.788002
-2.815
-2.82882
-2.58651
-2.06253
-0.904665
-2.67947
-1.86765
-1.68936
-0.802036
-3.06287
1.17361
-3.73913
-3.36401
-3.31944
-1.95861
-2.21642
-1.68947
-0.482274
-2.42298
0
-0.975725
-3.21873
-2.06401
-2.81272
-1.22409
-4.38632
-1.46378
-2.84816
-1.83324
-2.1146
-2.4999
-2.22662
-1.36268
-2.7354
-1.94587
-1.90761
-2.17414
-3.14189
-2.69683
-2.90415
-0.983509
-2.26509
-1.13383
-2.13673
-2.49947
-2.85695
-0.975725
0
-2.90012
-2.13023
-3.02334
-1.16969
-1.49288
-0.427053
-2.84081
-3.55794
-3.29817
-1.3981
0.286257
-3.15249
-2.52127
-1.56024
-4.34915
-1.2013
-2.13282
-2.03122
-1.09678
-3.56975
-1.36496
-2.30032
-2.55632
-1.23049
-1.75229
-3.21873
-2.90012
0
-2.75317
-2.33033
-2.43763
-1.68173
-1.72649
-2.88882
-1.71934
-2.68235
-3.00621
-1.2757
-2.29526
-1.04806
-1.4434
0.026419
-1.23444
-1.91758
-4.05124
-1.53831
-0.72196
-2.82794
-2.9866
-0.435297
-1.4662
-2.09256
-2.06401
-2.13023
-2.75317
0
-2.5864
-3.0852
-2.35944
-3.2215
-0.48185
-2.32668
-1.73463
-2.43638
-3.74999
-2.4087
-1.84938
-1.54708
-1.26571
-1.64853
-0.676218
-2.00517
-3.13384
0.0625871
-3.45353
-2.51278
-3.06392
-4.25778
-2.62339
-2.81272
-3.02334
-2.33033
-2.5864
0
-1.25219
-1.79336
-2.63634
-3.82826
-1.84463
-2.99795
-3.01588
-1.87828
-1.56949
-2.18355
-3.28436
-1.09901
-3.61991
-1.88115
-1.88351
-1.31608
-3.28826
-0.169199
-2.98207
-2.38525
-2.0904
-1.44687
-1.22409
-1.16969
-2.43763
-3.0852
-1.25219
0
-2.74874
-3.27389
-1.81754
-1.71741
-0.817116
-2.27732
-2.16792
-0.261885
-1.86027
-0.861108
-2.71067
-1.54863
-2.90053
-0.495741
-2.65674
-2.43321
-2.83718
-1.3108
-2.58977
-2.75978
-2.27666
-4.38632
-1.49288
-1.68173
-2.35944
-1.79336
-2.74874
0
-1.32894
-2.15682
-2.91726
-2.84532
-2.63834
-1.25391
-0.707216
-2.97342
-2.80855
-1.16527
-1.39913
-2.61753
-2.2595
-2.9062
-1.54146
-1.14364
-4.99295
-3.02781
-1.07563
-0.788002
-1.46378
-0.427053
-1.72649
-3.2215
-2.63634
-3.27389
-1.32894
0
-2.44349
-0.543774
-0.664137
-1.42739
-1.12938
-2.17379
-4.34803
-1.96369
-0.767785
-1.39451
-0.109509
-2.45218
-2.86284
-1.39172
-1.5668
-1.37458
-1.71577
-2.30328
-2.815
-2.84816
-2.84081
-2.88882
-0.48185
-3.82826
-1.81754
-2.15682
-2.44349
0
-3.25012
-3.55396
-2.27527
-1.96921
-2.89424
-1.10379
-0.390941
-2.6555
-2.28044
-3.10977
-2.12242
-1.90276
-3.09575
-1.91319
-1.74911
-2.33961
-1.35418
-2.82882
-1.83324
-3.55794
-1.71934
-2.32668
-1.84463
-1.71741
-2.91726
-0.543774
-3.25012
0
-3.24425
-1.87811
-1.33543
-2.00417
-0.803572
-2.43784
-1.56334
-2.1968
-4.41706
-2.57073
-2.72764
-3.03905
-2.30932
-2.8742
-0.60934
-2.50475
-2.58651
-2.1146
-3.29817
-2.68235
-1.73463
-2.99795
-0.817116
-2.84532
-0.664137
-3.55396
-3.24425
0
-2.90671
-1.94271
-2.79339
-3.21636
-3.35751
-2.39337
-2.8637
-0.949791
-1.15765
-1.58037
-1.56858
-0.787659
-1.50799
-1.32357
-2.2927
-2.06253
-2.4999
-1.3981
-3.00621
-2.43638
-3.01588
-2.27732
-2.63834
-1.42739
-2.27527
-1.87811
-2.90671
0
-2.89786
-0.168962
-1.60833
-0.503339
-2.47153
-3.58992
-1.81222
-1.96352
-3.40771
-2.72596
-3.35067
-1.17968
-1.16836
-2.22273
-0.904665
-2.22662
0.286257
-1.2757
-3.74999
-1.87828
-2.16792
-1.25391
-1.12938
-1.96921
-1.33543
-1.94271
-2.89786
0
-3.46671
-2.15935
-2.28939
-1.79668
-0.58682
-2.53493
-1.91759
-2.47251
-2.24736
-0.72633
-1.45033
-2.27572
-2.16007
-2.67947
-1.36268
-3.15249
-2.29526
-2.4087
-1.56949
-0.261885
-0.707216
-2.17379
-2.89424
-2.00417
-2.79339
-0.168962
-3.46671
0
-2.0003
-3.63988
-1.71177
-1.2831
-0.725767
-1.48751
-1.52871
-1.26528
-2.54902
-2.11319
-0.516768
-2.75342
-1.86765
-2.7354
-2.52127
-1.04806
-1.84938
-2.18355
-1.86027
-2.97342
-4.34803
-1.10379
-0.803572
-3.21636
-1.60833
-2.15935
-2.0003
0
-2.28505
-0.739239
0.903532
-0.560244
-2.60432
-1.26847
-0.326297
-1.49965
-0.886148
-3.33103
-0.0209492
-1.68936
-1.94587
-1.56024
-1.4434
-1.54708
-3.28436
-0.861108
-2.80855
-1.96369
-0.390941
-2.43784
-3.35751
-0.503339
-2.28939
-3.63988
-2.28505
0
-4.67512
-2.21252
-2.92996
-2.07284
-3.8207
-1.10818
-2.09616
-3.23545
-1.78549
-2.20277
-0.802036
-1.90761
-4.34915
0.026419
-1.26571
-1.09901
-2.71067
-1.16527
-0.767785
-2.6555
-1.56334
-2.39337
-2.47153
-1.79668
-1.71177
-0.739239
-4.67512
0
