0
-3.63866
-3.92925
-1.03187
-1.79044
-1.31151
-3.14658
-3.15833
-1.05838
-1.90491
-1.98928
-1.65098
0.101602
-1.97819
-1.86785
-1.63024
-1.84923
-0.583357
-2.55589
-1.96946
-2.93265
-4.80292
-1.09495
-1.47398
-2.92474
-2.69948
-2.8617
-3.63866
0
-0.472585
-2.21471
-5.67727
-1.02619
-1.43127
-3.68788
-1.37048
-2.22586
-1.98094
0.161296
-1.99381
1.48638
-2.77081
-3.35963
-3.39051
-1.88547
-2.35959
-3.33304
-1.81621
-1.22517
-2.46738
-2.06919
-2.02721
-1.32339
-2.72898
-3.92925
-0.472585
0
-2.03582
-1.59892
-2.40222
-1.56429
-2.69425
-2.04418
0.0640195
-0.878303
-1.13953
-2.34941
-2.08544
0.508699
-0.791236
-2.06516
-0.859187
-0.448983
-2.6281
-2.15907
-2.77869
-2.76656
-2.80187
-1.99729
-1.53939
-2.04905
-1.03187
-2.21471
-2.03582
0
-1.3068
-1.99278
-2.32904
-2.17378
-3.58521
-2.80656
-2.56651
-1.78646
-2.14313
-0.0149539
-2.90028
-2.25156
0.265005
-2.44182
-0.889387
0.486879
-0.693387
-2.6173
-2.91588
-3.4139
-1.37399
-0.693855
-1.75791
-1.79044
-5.67727
-1.59892
-1.3068
0
-1.56094
-2.20289
-1.41502
-2.43925
-3.71256
-2.3231
-1.93079
-3.00032
-1.11942
-2.8075
-3.33111
-2.37012
-1.10428
1.00046
-1.84805
-2.38567
-2.07516
-0.728069
-2.34807
-0.795565
-2.74765
-1.97322
-1.31151
-1.02619
-2.40222
-1.99278
-1.56094
0
-2.76664
-2.02421
-0.870222
-3.08314
-1.20208
-1.75305
-2.75582
-2.14096
-4.35291
-3.16019
-1.80509
-1.34145
-2.24829
-3.18115
-1.69732
-0.220993
-3.124
-3.65506
-2.91871
-3.15124
-1.22263
-3.14658
-1.43127
-1.56429
-2.32904
-2.20289
-2.76664
0
-0.235505
-2.20386
-1.73071
0.171376
-0.997144
-1.38462
-0.447879
-2.45606
-2.58137
-2.82863
-2.94841
-0.784941
-1.29014
-1.31501
-0.389548
-2.70196
-0.11614
-1.88828
-1.89514
-1.85055
-3.15833
-3.68788
-2.69425
-2.17378
-1.41502
-2.02421
-0.235505
0
-3.17387
-1.88452
-1.6592
-1.37709
-3.29527
-2.12902
-2.6242
-0.906152
-2.12315
-2.22862
-3.35562
-1.28566
-2.70457
-1.70477
-2.02469
-0.775649
-3.46888
-3.00817
-2.55382
-1.05838
-1.37048
-2.04418
-3.58521
-2.43925
-0.870222
-2.20386
-3.17387
0
-0.940125
-2.95002
-0.679625
-3.64788
-1.98714
-0.983672
-1.46443
-2.50282
-0.0685652
-2.12187
-1.51664
-4.45026
-1.63573
-2.42239
-2.33339
-2.85631
-3.15106
-4.83561
-1.90491
-2.22586
0.0640195
-2.80656
-3.71256
-3.08314
-1.73071
-1.88452
-0.940125
0
-1.29997
-1.06926
-2.19125
-2.15146
-1.92557
-3.64366
-1.51382
-2.82421
-1.48534
-1.96847
-1.74872
-3.1192
-1.55957
-2.76466
-1.77699
-0.599748
-3.27596
-1.98928
-1.98094
-0.878303
-2.56651
-2.3231
-1.20208
0.171376
-1.6592
-2.95002
-1.29997
0
-2.97863
-3.99568
-2.32834
-1.84863
-3.0776
-2.63661
-2.53414
-1.70653
-1.14915
-4.35333
-2.39329
-4.00132
-2.25927
-4.0579
-2.03483
-1.5002
-1.65098
0.161296
-1.13953
-1.78646
-1.93079
-1.75305
-0.997144
-1.37709
-0.679625
-1.06926
-2.97863
0
-2.33762
-1.73489
-1.21171
-2.78683
-2.62717
-0.212128
-2.15922
-2.47435
-1.96161
-1.11759
-0.427209
-2.56994
-3.2622
-1.38919
-2.83171
0.101602
-1.99381
-2.34941
-2.14313
-3.00032
-2.75582
-1.38462
-3.29527
-3.64788
-2.19125
-3.99568
-2.33762
0
-2.16511
-2.36128
-2.21599
-2.46244
-0.781244
-0.345939
-0.443877
-3.42286
-1.86273
-1.4435
-1.62085
-1.50783
0.354074
-2.5937
-1.97819
1.48638
-2.08544
-0.0149539
-1.11942
-2.14096
-0.447879
-2.12902
-1.98714
-2.15146
-2.32834
-1.73489
-2.16511
0
-4.08458
-2.22804
-2.13236
-3.06833
-1.29294
-3.28253
-2.14427
-1.09211
-3.25679
-1.3203
-3.38874
-1.15539
-1.65741
-1.86785
-2.77081
0.508699
-2.90028
-2.8075
-4.35291
-2.45606
-2.6242
-0.983672
-1.92557
-1.84863
-1.21171
-2.36128
-4.08458
0
-0.630037
-3.59841
-2.88071
-2.66614
-4.94701
-1.62948
-2.76605
-3.45467
-1.94954
-1.02819
-1.66324
-2.30625
-1.63024
-3.35963
-0.791236
-2.25156
-3.33111
-3.16019
-2.58137
-0.906152
-1.46443
-3.64366
-3.0776
-2.78683
-2.21599
-2.22804
-0.630037
0
-2.89414
-1.42065
-1.32664
-2.04953
-1.67777
-1.89941
-1.94566
-1.86723
-3.50366
-1.29409
-2.32766
-1.84923
-3.39051
-2.06516
0.265005
-2.37012
-1.80509
-2.82863
-2.12315
-2.50282
-1.51382
-2.63661
-2.62717
-2.46244
-2.13236
-3.59841
-2.89414
0
-1.88891
-1.68239
-1.02755
-2.12514
-3.31883
-1.49443
-2.21845
-1.44381
-1.82584
-1.16983
-0.583357
-1.88547
-0.859187
-2.44182
-1.10428
-1.34145
-2.94841
-2.22862
-0.0685652
-2.82421
-2.53414
-0.212128
-0.781244
-3.06833
-2.88071
-1.42065
-1.88891
0
-2.36003
-1.45141
-1.73792
-1.9718
-1.17281
-2.44623
-2.24417
-1.48931
-1.37997
-2.55589
-2.35959
-0.448983
-0.889387
1.00046
-2.24829
-0.784941
-3.35562
-2.12187
-1.48534
-1.70653
-2.15922
-0.345939
-1.29294
-2.66614
-1.32664
-1.68239
-2.36003
0
-3.65152
-1.83913
-2.41938
-2.2566
-2.89842
-0.920384
-1.52996
-3.70392
-1.96946
-3.33304
-2.6281
0.486879
-1.84805
-3.18115
-1.29014
-1.28566
-1.51664
-1.96847
-1.14915
-2.47435
-0.443877
-3.28253
-4.94701
-2.04953
-1.02755
-1.45141
-3.65152
0
-2.61931
-3.64062
-2.62403
-4.58043
-2.5413
-1.14269
-1.16954
-2.93265
-1.81621
-2.15907
-0.693387
-2.38567
-1.69732
-1.31501
-2.70457
-4.45026
-1.74872
-4.35333
-1.96161
-3.42286
-2.14427
-1.62948
-1.67777
-2.12514
-1.73792
-1.83913
-2.61931
0
-0.873098
-3.013
-4.35228
-1.14365
-1.46089
-1.22016
-4.80292
-1.22517
-2.77869
-2.6173
-2.07516
-0.220993
-0.389548
-1.70477
-1.63573
-3.1192
-2.39329
-1.11759
-1.86273
-1.09211
-2.76605
-1.89941
-3.31883
-1.9718
-2.41938
-3.64062
-0.873098
0
-3.09838
-1.98857
-1.95261
-1.95893
-0.873626
-1.09495
-2.46738
-2.76656
-2.91588
-0.728069
-3.124
-2.70196
-2.02469
-2.42239
-1.55957
-4.00132
-0.427209
-1.4435
-3.25679
-3.45467
-1.94566
-1.49443
-1.17281
-2.2566
-2.62403
-3.013
-3.09838
0
-2.4801
-1.83102
-2.74636
-0.277228
-1.47398
-2.06919
-2.80187
-3.4139
-2.34807
-3.65506
-0.11614
-0.775649
-2.33339
-2.76466
-2.25927
-2.56994
-1.62085
-1.3203
-1.94954
-1.86723
-2.21845
-2.44623
-2.89842
-4.58043
-4.35228
-1.98857
-2.4801
0
-3.12702
-2.09686
-2.23798
-2.92474
-2.02721
-1.99729
-1.37399
-0.795565
-2.91871
-1.88828
-3.46888
-2.85631
-1.77699
-4.0579
-3.2622
-1.50783
-3.38874
-1.02819
-3.50366
-1.44381
-2.24417
-0.920384
-2.5413
-1.14365
-1.95261
-1.83102
-3.12702
0
-1.59936
-1.70445
-2.69948
-1.32339
-1.53939
-0.693855
-2.74765
-3.15124
-1.89514
-3.00817
-3.15106
-0.599748
-2.03483
-1.38919
0.354074
-1.15539
-1.66324
-1.29409
-1.82584
-1.48931
-1.52996
-1.14269
-1.46089
-1.95893
-2.74636
-2.09686
-1.59936
0
-4.37349
-2.8617
-2.72898
-2.04905
-1.75791
-1.97322
-1.22263
-1.85055
-2.55382
-4.83561
-3.27596
-1.5002
-2.83171
-2.5937
-1.65741
-2.30625
-2.32766
-1.16983
-1.37997
-3.70392
-1.16954
-1.22016
-0.873626
-0.277228
-2.23798
-1.70445
-4.37349
0
