0
-2.04271
-1.82152
-1.91963
-1.87621
-2.33715
-2.4073
-1.78715
-0.0403427
-2.18363
-1.77597
-1.77321
-2.73239
-0.768098
-2.32372
-2.42636
-2.17961
-1.51729
-2.40081
-2.56403
-0.308269
-4.22661
-1.74228
-2.33408
-3.07718
-1.87862
-1.50172
-2.04271
0
-0.750677
-1.46182
-3.29226
-2.34306
-2.5524
-2.75932
-1.59548
-3.16235
-2.82949
-3.15463
-0.587773
-2.03515
-3.73898
-1.56464
-0.893032
-2.72568
-2.23223
0.293718
-1.80448
-2.77206
-1.25458
-2.91964
-2.54729
-2.05207
-3.65683
-1.82152
-0.750677
0
-2.31026
-2.65797
-2.30395
-2.43045
-0.916552
-1.80236
-3.17829
-1.53557
-1.90735
-2.27645
-2.64573
-2.20779
-1.88808
-4.01484
-1.90189
-2.11031
-1.03277
-1.54498
-1.86559
-1.7736
-3.25343
-2.16742
-4.56658
-1.65233
-1.91963
-1.46182
-2.31026
0
-3.094
-1.71226
-3.02622
-0.372287
-1.08111
-1.19428
-4.25369
-0.25912
-1.93331
-3.73191
-0.890934
-2.40211
-2.0934
-2.54946
-1.12718
-3.37632
-1.3066
-1.63381
-1.80186
-1.44123
-1.97312
-3.02714
-2.77946
-1.87621
-3.29226
-2.65797
-3.094
0
-3.23858
-2.22911
-2.75518
-0.172003
-4.11312
-1.24553
-0.666741
-1.06409
-3.42558
-1.35433
-1.82448
-1.10821
-1.03377
-0.400136
-1.3679
-1.73274
-2.1684
-0.823663
-1.6427
-0.54442
-2.32673
-2.50527
-2.33715
-2.34306
-2.30395
-1.71226
-3.23858
0
-1.66654
-1.75438
-1.15066
-1.28759
-1.94602
-1.39717
-0.529965
-1.49635
-2.678
-3.29818
-1.84182
-2.48527
-0.108413
-2.28835
-3.14712
-0.526444
-1.95781
-1.51192
-1.74469
-1.8155
-2.48213
-2.4073
-2.5524
-2.43045
-3.02622
-2.22911
-1.66654
0
-2.6336
-2.66161
-2.45633
-1.15447
-1.63525
-1.27479
-1.98806
-3.54804
-1.48746
-2.69102
-1.25624
-1.9163
-1.70563
-3.01356
-2.55151
-1.67914
-3.08206
-0.789872
-3.75426
-1.42222
-1.78715
-2.75932
-0.916552
-0.372287
-2.75518
-1.75438
-2.6336
0
-2.65217
-1.68273
-2.0953
-3.45204
-1.93988
-1.96191
-3.10668
-3.09139
-2.74089
-2.2909
-1.49227
-1.58181
-3.53302
-1.44692
-1.88053
-2.84793
-2.86527
-1.60951
-1.25284
-0.0403427
-1.59548
-1.80236
-1.08111
-0.172003
-1.15066
-2.66161
-2.65217
0
-2.3644
-2.20831
-1.67257
-1.71502
-2.16613
-1.94546
-2.06718
-2.96672
-2.67135
0.227663
-3.52519
-1.30817
-2.49062
-3.1797
-2.78372
-5.07967
-1.43028
-3.05681
-2.18363
-3.16235
-3.17829
-1.19428
-4.11312
-1.28759
-2.45633
-1.68273
-2.3644
0
-1.84121
-2.74171
-1.42264
-1.09374
-3.24167
-1.22743
-1.83286
-1.1341
-0.70002
-1.991
-2.10959
0.677037
-3.65587
-1.83896
-1.51343
-3.12551
-1.80503
-1.77597
-2.82949
-1.53557
-4.25369
-1.24553
-1.94602
-1.15447
-2.0953
-2.20831
-1.84121
0
-0.796396
-2.83697
-0.305609
-1.65186
-1.83886
-2.30053
-2.30155
-2.56432
-4.04935
-0.539556
-1.71238
-1.51203
-1.44023
-2.2254
-1.45634
-2.86354
-1.77321
-3.15463
-1.90735
-0.25912
-0.666741
-1.39717
-1.63525
-3.45204
-1.67257
-2.74171
-0.796396
0
-1.5637
-0.783983
-1.67787
-2.13491
-1.01621
-1.35781
-1.54168
-0.518718
-2.73374
-3.33861
-4.32354
-3.8488
-0.964699
-3.00782
-2.37492
-2.73239
-0.587773
-2.27645
-1.93331
-1.06409
-0.529965
-1.27479
-1.93988
-1.71502
-1.42264
-2.83697
-1.5637
0
-3.12981
-1.10685
-1.58018
-0.378757
-2.12267
-3.13697
-1.64984
-2.52754
-0.896458
-3.51316
-0.718586
-0.816706
-2.43558
-2.7502
-0.768098
-2.03515
-2.64573
-3.73191
-3.42558
-1.49635
-1.98806
-1.96191
-2.16613
-1.09374
-0.305609
-0.783983
-3.12981
0
-1.72505
-0.708027
-0.207031
-1.54097
-2.70797
-1.44494
0.213202
-0.887931
-2.62668
-2.30224
-0.889907
-2.26863
-1.7718
-2.32372
-3.73898
-2.20779
-0.890934
-1.35433
-2.678
-3.54804
-3.10668
-1.94546
-3.24167
-1.65186
-1.67787
-1.10685
-1.72505
0
-3.2684
-0.891443
-3.33541
-3.28456
-1.59592
-1.42497
-1.90614
-2.87934
-2.52485
-0.194722
-0.672685
-1.64735
-2.42636
-1.56464
-1.88808
-2.40211
-1.82448
-3.29818
-1.48746
-3.09139
-2.06718
-1.22743
-1.83886
-2.13491
-1.58018
-0.708027
-3.2684
0
-1.16249
-0.705882
-2.39297
-2.07525
-2.09818
-3.05559
-0.807461
-2.43644
-1.46939
-2.34465
-1.25151
-2.17961
-0.893032
-4.01484
-2.0934
-1.10821
-1.84182
-2.69102
-2.74089
-2.96672
-1.83286
-2.30053
-1.01621
-0.378757
-0.207031
-0.891443
-1.16249
0
-1.7794
-2.536
-3.55001
-1.3261
-2.51907
-1.30458
-2.31346
-2.42511
-2.83349
-1.08198
-1.51729
-2.72568
-1.90189
-2.54946
-1.03377
-2.48527
-1.25624
-2.2909
-2.67135
-1.1341
-2.30155
-1.35781
-2.12267
-1.54097
-3.33541
-0.705882
-1.7794
0
-1.90719
-2.72616
-2.80352
-2.41348
-0.800616
-1.75883
-1.69574
-2.28825
-1.61332
-2.40081
-2.23223
-2.11031
-1.12718
-0.400136
-0.108413
-1.9163
-1.49227
0.227663
-0.70002
-2.56432
-1.54168
-3.13697
-2.70797
-3.28456
-2.39297
-2.536
-1.90719
0
-1.52446
-1.19832
-1.31298
-2.39827
-1.83051
-1.70478
-1.86311
0.27963
-2.56403
0.293718
-1.03277
-3.37632
-1.3679
-2.28835
-1.70563
-1.58181
-3.52519
-1.991
-4.04935
-0.518718
-1.64984
-1.44494
-1.59592
-2.07525
-3.55001
-2.72616
-1.52446
0
-2.61955
-2.38804
-1.05189
-1.018
-2.94169
-0.854066
-2.94784
-0.308269
-1.80448
-1.54498
-1.3066
-1.73274
-3.14712
-3.01356
-3.53302
-1.30817
-2.10959
-0.539556
-2.73374
-2.52754
0.213202
-1.42497
-2.09818
-1.3261
-2.80352
-1.19832
-2.61955
0
-1.01574
-5.77116
-3.15767
-3.41335
-1.96975
-1.8286
-4.22661
-2.77206
-1.86559
-1.63381
-2.1684
-0.526444
-2.55151
-1.44692
-2.49062
0.677037
-1.71238
-3.33861
-0.896458
-0.887931
-1.90614
-3.05559
-2.51907
-2.41348
-1.31298
-2.38804
-1.01574
0
-2.18015
-0.21174
-2.02939
-3.25322
-2.12988
-1.74228
-1.25458
-1.7736
-1.80186
-0.823663
-1.95781
-1.67914
-1.88053
-3.1797
-3.65587
-1.51203
-4.32354
-3.51316
-2.62668
-2.87934
-0.807461
-1.30458
-0.800616
-2.39827
-1.05189
-5.77116
-2.18015
0
-2.24045
-2.4727
-2.41894
-0.538098
-2.33408
-2.91964
-3.25343
-1.44123
-1.6427
-1.51192
-3.08206
-2.84793
-2.78372
-1.83896
-1.44023
-3.8488
-0.718586
-2.30224
-2.52485
-2.43644
-2.31346
-1.75883
-1.83051
-1.018
-3.15767
-0.21174
-2.24045
0
-2.03519
-3.57965
0.190419
-3.07718
-2.54729
-2.16742
-1.97312
-0.54442
-1.74469
-0.789872
-2.86527
-5.07967
-1.51343
-2.2254
-0.964699
-0.816706
-0.889907
-0.194722
-1.46939
-2.42511
-1.69574
-1.70478
-2.94169
-3.41335
-2.02939
-2.4727
-2.03519
0
-3.67674
-1.34678
-1.87862
-2.05207
-4.56658
-3.02714
-2.32673
-1.8155
-3.75426
-1.60951
-1.43028
-3.12551
-1.45634
-3.00782
-2.43558
-2.26863
-0.672685
-2.34465
-2.83349
-2.28825
-1.86311
-0.854066
-1.96975
-3.25322
-2.41894
-3.57965
-3.67674
0
-2.36368
-1.50172
-3.65683
-1.65233
-2.77946
-2.50527
-2.48213
-1.42222
-1.25284
-3.05681
-1.80503
-2.86354
-2.37492
-2.7502
-1.7718
-1.64735
-1.25151
-1.08198
-1.61332
0.27963
-2.94784
-1.8286
-2.12988
-0.538098
0.190419
-1.34678
-2.36368
0
