0
-2.5043
-2.25025
-2.00303
-4.08347
-1.7362
-4.30168
-3.41094
-0.99757
-2.14693
-1.04566
0.127082
-1.19635
-2.91969
-3.06319
-1.2619
-3.67425
-2.50417
-1.88813
-0.666812
-3.85762
-1.72622
-2.1921
-2.30891
-2.19425
-2.47591
-3.31701
-2.5043
0
-2.33671
-1.33203
-1.99654
-2.36116
-1.59454
-3.08508
-1.63461
-3.08122
-0.870341
-1.74876
-2.91065
0.466634
-1.35722
-3.82218
-1.1667
-2.1852
-1.51233
-1.57759
-0.860225
-2.58484
-1.78639
-1.18267
-2.29386
-2.13543
-2.28323
-2.25025
-2.33671
0
-0.258312
-0.857044
-1.39636
-1.28505
-2.85755
-1.00528
-1.77136
-3.02291
-3.75823
-0.543571
-1.71183
-1.70151
-2.30276
-1.95949
-1.77384
-2.46357
-2.05739
0.1974
-2.73303
-2.29944
-1.37795
-2.35445
-3.08956
-2.31865
-2.00303
-1.33203
-0.258312
0
-3.21837
-2.6309
-1.13583
-0.553466
-2.86186
-0.793478
-0.420401
-2.42922
-3.41498
-2.44947
-4.40851
-2.53871
-3.39744
-2.64124
-1.68739
-1.66107
-3.83147
-2.5016
-0.836549
-2.24881
-1.83285
-1.50056
-0.733799
-4.08347
-1.99654
-0.857044
-3.21837
0
-2.8639
-2.98088
-3.24216
-1.766
-1.56346
-0.640107
-2.90289
-1.09015
-2.16979
-1.63675
-1.01094
-3.15842
-1.69702
-1.03431
-1.23696
-2.26802
-1.4443
-1.87409
-2.36305
-1.78289
-1.19679
-1.62174
-1.7362
-2.36116
-1.39636
-2.6309
-2.8639
0
-2.18254
-2.8549
-2.49567
-2.34113
-2.45809
-1.77191
-1.88153
0.0565255
-1.83667
-1.37081
-2.25373
-2.83992
-1.34128
-3.57938
-1.06704
-1.31205
-2.3233
-3.03925
-0.822435
-3.38612
-2.18625
-4.30168
-1.59454
-1.28505
-1.13583
-2.98088
-2.18254
0
0.16933
-2.78989
-3.36496
0.970508
-0.737865
-1.83306
-0.953974
-3.20368
-2.12712
-1.8081
-0.254957
-2.92948
-2.08264
-3.49883
-0.89705
-2.72747
-2.58334
-2.93958
-0.971153
-3.31286
-3.41094
-3.08508
-2.85755
-0.553466
-3.24216
-2.8549
0.16933
0
-2.47784
0.0444298
-1.65662
-1.40065
-2.83233
-3.37631
-1.39845
-0.673362
-1.97929
-2.14408
-1.65347
-1.77214
-0.743376
-2.76407
-1.84149
-1.13238
-3.02157
-2.59432
-1.93518
-0.99757
-1.63461
-1.00528
-2.86186
-1.766
-2.49567
-2.78989
-2.47784
0
-2.82782
-2.36481
-0.804756
-1.00407
-3.53398
-0.348751
-3.38924
-1.06655
-1.40781
-2.51086
-2.954
-1.5212
-0.1203
-3.14578
-0.672397
-1.2468
-0.674329
-4.23795
-2.14693
-3.08122
-1.77136
-0.793478
-1.56346
-2.34113
-3.36496
0.0444298
-2.82782
0
-2.42795
-1.58287
-1.9214
-1.49751
-1.70462
0.0658056
-2.83056
-2.78292
-0.209031
-2.73426
-3.13702
-1.11595
-0.654917
-1.50608
-1.10366
-0.87666
-1.12961
-1.04566
-0.870341
-3.02291
-0.420401
-0.640107
-2.45809
0.970508
-1.65662
-2.36481
-2.42795
0
-2.09271
-2.47198
-1.11003
-2.44264
-2.75848
-1.40699
-1.40601
-1.42862
-2.92675
-2.36713
-2.3019
-2.25915
-1.30448
-2.09279
-2.7182
-2.94383
0.127082
-1.74876
-3.75823
-2.42922
-2.90289
-1.77191
-0.737865
-1.40065
-0.804756
-1.58287
-2.09271
0
-3.15764
-2.06702
-2.34833
-1.06076
-2.15473
-1.42705
-2.0714
-1.20478
-0.36891
-2.7033
-2.37497
-1.3886
-0.766794
-2.1661
0.450615
-1.19635
-2.91065
-0.543571
-3.41498
-1.09015
-1.88153
-1.83306
-2.83233
-1.00407
-1.9214
-2.47198
-3.15764
0
-0.365293
-2.91165
-1.06059
-1.68659
-4.21373
-2.85725
-1.78797
-2.73852
-1.82901
-2.31325
-3.43939
-3.20989
-4.32896
-1.13462
-2.91969
0.466634
-1.71183
-2.44947
-2.16979
0.0565255
-0.953974
-3.37631
-3.53398
-1.49751
-1.11003
-2.06702
-0.365293
0
-1.72427
-1.7978
-4.27622
-2.27888
-0.899193
-1.25787
-0.942138
-2.43102
-2.26344
-2.77001
-2.49298
-3.14478
-1.66403
-3.06319
-1.35722
-1.70151
-4.40851
-1.63675
-1.83667
-3.20368
-1.39845
-0.348751
-1.70462
-2.44264
-2.34833
-2.91165
-1.72427
0
-2.4876
-2.86034
-0.934506
-2.82712
-1.8592
-1.32887
-3.33194
-3.25685
-1.93464
-2.47803
-2.20473
-0.760193
-1.2619
-3.82218
-2.30276
-2.53871
-1.01094
-1.37081
-2.12712
-0.673362
-3.38924
0.0658056
-2.75848
-1.06076
-1.06059
-1.7978
-2.4876
0
-2.33043
-2.89497
-1.68012
-3.01377
-3.53657
-1.34966
-2.29387
-2.64584
-3.91312
-4.53758
-3.78533
-3.67425
-1.1667
-1.95949
-3.39744
-3.15842
-2.25373
-1.8081
-1.97929
-1.06655
-2.83056
-1.40699
-2.15473
-1.68659
-4.27622
-2.86034
-2.33043
0
-1.63649
-3.56209
-4.81815
-2.11714
-1.93738
-3.28762
-3.57047
-3.19459
-4.64339
-1.52168
-2.50417
-2.1852
-1.77384
-2.64124
-1.69702
-2.83992
-0.254957
-2.14408
-1.40781
-2.78292
-1.40601
-1.42705
-4.21373
-2.27888
-0.934506
-2.89497
-1.63649
0
-0.797627
-1.54385
-1.97327
-1.27692
-1.24146
-2.58709
-2.49078
-3.19233
-0.375012
-1.88813
-1.51233
-2.46357
-1.68739
-1.03431
-1.34128
-2.92948
-1.65347
-2.51086
-0.209031
-1.42862
-2.0714
-2.85725
-0.899193
-2.82712
-1.68012
-3.56209
-0.797627
0
-2.5915
-2.37889
-1.93524
-1.19059
-2.46189
-2.074
-2.15028
-1.63935
-0.666812
-1.57759
-2.05739
-1.66107
-1.23696
-3.57938
-2.08264
-1.77214
-2.954
-2.73426
-2.92675
-1.20478
-1.78797
-1.25787
-1.8592
-3.01377
-4.81815
-1.54385
-2.5915
0
-0.815729
-0.35814
-1.30271
-1.2201
-1.99675
-1.58796
0.450463
-3.85762
-0.860225
0.1974
-3.83147
-2.26802
-1.06704
-3.49883
-0.743376
-1.5212
-3.13702
-2.36713
-0.36891
-2.73852
-0.942138
-1.32887
-3.53657
-2.11714
-1.97327
-2.37889
-0.815729
0
-1.25873
-2.18502
0.267805
-3.93084
-2.42655
-3.47089
-1.72622
-2.58484
-2.73303
-2.5016
-1.4443
-1.31205
-0.89705
-2.76407
-0.1203
-1.11595
-2.3019
-2.7033
-1.82901
-2.43102
-3.33194
-1.34966
-1.93738
-1.27692
-1.93524
-0.35814
-1.25873
0
-1.27652
-1.45616
-2.53838
-1.59747
-0.926218
-2.1921
-1.78639
-2.29944
-0.836549
-1.87409
-2.3233
-2.72747
-1.84149
-3.14578
-0.654917
-2.25915
-2.37497
-2.31325
-2.26344
-3.25685
-2.29387
-3.28762
-1.24146
-1.19059
-1.30271
-2.18502
-1.27652
0
-1.89824
-2.99128
-0.547342
-3.1722
-2.30891
-1.18267
-1.37795
-2.24881
-2.36305
-3.03925
-2.58334
-1.13238
-0.672397
-1.50608
-1.30448
-1.3886
-3.43939
-2.77001
-1.93464
-2.64584
-3.57047
-2.58709
-2.46189
-1.2201
0.267805
-1.45616
-1.89824
0
-1.55532
-1.37614
-1.82989
-2.19425
-2.29386
-2.35445
-1.83285
-1.78289
-0.822435
-2.93958
-3.02157
-1.2468
-1.10366
-2.09279
-0.766794
-3.20989
-2.49298
-2.47803
-3.91312
-3.19459
-2.49078
-2.074
-1.99675
-3.93084
-2.53838
-2.99128
-1.55532
0
-1.89715
-1.7741
-2.47591
-2.13543
-3.08956
-1.50056
-1.19679
-3.38612
-0.971153
-2.59432
-0.674329
-0.87666
-2.7182
-2.1661
-4.32896
-3.14478
-2.20473
-4.53758
-4.64339
-3.19233
-2.15028
-1.58796
-2.42655
-1.59747
-0.547342
-1.37614
-1.89715
0
-2.53411
-3.31701
-2.28323
-2.31865
-0.733799
-1.62174
-2.18625
-3.31286
-1.93518
-4.23795
-1.12961
-2.94383
0.450615
-1.13462
-1.66403
-0.760193
-3.78533
-1.52168
-0.375012
-1.63935
0.450463
-3.47089
-0.926218
-3.1722
-1.82989
-1.7741
-2.53411
0
