0
-1.83755
-1.7815
-2.94968
-1.41302
-1.81461
-2.35721
-0.75694
-1.3754
-3.30842
-1.8785
-1.84588
-2.66568
-1.98106
-1.32952
-0.480327
-0.70833
-1.91985
-0.637357
-2.48126
-2.63039
-1.56984
-3.14411
-2.94834
-2.1913
-2.38608
-3.29999
-1.83755
0
-1.67126
-3.01241
-2.67855
-1.19104
-2.43989
-0.0642591
-3.51366
-3.70293
-2.21856
-3.86817
-2.5008
-1.89118
-3.08932
-3.74189
-1.5567
-1.6311
-4.22748
-2.34365
-2.81476
-4.31667
-1.7279
-1.20379
-3.73501
-0.15631
-0.420471
-1.7815
-1.67126
0
-1.1827
-2.50596
-2.57623
-1.76004
-1.46569
-3.37901
-2.30343
0.626721
-3.14767
-2.33582
-2.836
-1.48861
-0.929667
-3.13845
-1.40802
-1.14877
-1.9474
-1.37817
-2.03005
-2.05647
-1.09886
-2.29922
-0.245825
-1.4899
-2.94968
-3.01241
-1.1827
0
-3.68599
-1.63597
-2.91266
-3.6845
-3.77118
-2.94973
-3.57271
0.0444536
-2.52416
-5.47552
-2.24104
-2.67597
-1.1358
-1.73636
-3.11646
-1.52327
-2.05923
-1.74208
-2.65426
-2.04575
-2.02697
-0.224853
-4.23072
-1.41302
-2.67855
-2.50596
-3.68599
0
-2.35046
-1.13576
0.0705048
-2.46213
-2.00084
-2.48635
-3.01149
-2.60902
-1.8432
-0.865576
-3.86042
-0.62441
-2.42848
-2.63286
-1.54072
-2.8164
-2.44266
-1.902
-1.3826
-2.31041
-3.39066
-2.69994
-1.81461
-1.19104
-2.57623
-1.63597
-2.35046
0
-1.77692
-1.70975
-2.49944
-1.57003
-3.94964
-1.56206
-0.94441
-2.20039
-2.26655
-2.76327
-0.861571
-2.22637
-3.56823
-1.72114
-2.53114
-0.844681
-0.535274
-2.417
-1.61917
-3.06165
-3.96704
-2.35721
-2.43989
-1.76004
-2.91266
-1.13576
-1.77692
0
-1.99062
-1.78632
-1.37759
-1.93969
-2.50589
-2.41118
-1.93063
-1.55311
-3.45846
-1.31133
-3.06892
-2.16928
-2.26458
-3.72782
-1.75203
-1.40235
-1.95161
-2.98489
-2.04902
-2.2468
-0.75694
-0.0642591
-1.46569
-3.6845
0.0705048
-1.70975
-1.99062
0
-2.07524
-1.39195
-1.97826
-1.33878
-3.36353
-2.5248
-1.63551
-0.738589
-0.962039
-2.34499
-2.84911
-2.21324
-3.60314
-1.83697
-0.665727
-3.53166
-2.90519
-1.86736
-2.54458
-1.3754
-3.51366
-3.37901
-3.77118
-2.46213
-2.49944
-1.78632
-2.07524
0
-3.00554
-2.37018
-2.09555
-2.45856
-1.2482
-2.02693
-2.61875
-2.02437
-1.68781
-0.953052
-2.7253
-3.27253
-2.31446
-2.10228
-2.3181
-3.41679
-3.67186
-1.34258
-3.30842
-3.70293
-2.30343
-2.94973
-2.00084
-1.57003
-1.37759
-1.39195
-3.00554
0
-1.47025
-1.00983
-1.16774
0.835202
-2.44289
-2.41602
-0.915186
-3.14832
-0.306402
-2.50386
-1.41952
0.292956
-2.96857
-2.8227
-0.996243
-3.0769
-1.91725
-1.8785
-2.21856
0.626721
-3.57271
-2.48635
-3.94964
-1.93969
-1.97826
-2.37018
-1.47025
0
-2.22457
-2.12468
-1.39043
-1.35214
-2.42483
-2.14797
-3.07161
-1.49642
-2.21595
-2.10699
-2.42708
-1.00089
-3.29414
-1.4463
-2.36109
-1.76859
-1.84588
-3.86817
-3.14767
0.0444536
-3.01149
-1.56206
-2.50589
-1.33878
-2.09555
-1.00983
-2.22457
0
-3.54306
-1.03337
-0.63751
-3.54058
-3.11592
-1.04296
-2.04148
-2.18229
-2.00789
-0.491631
-1.48863
-2.02828
-1.76651
-2.28189
-1.78575
-2.66568
-2.5008
-2.33582
-2.52416
-2.60902
-0.94441
-2.41118
-3.36353
-2.45856
-1.16774
-2.12468
-3.54306
0
-0.750812
-2.97627
-2.35319
-1.37028
-2.39075
-2.14207
-2.03805
-3.31401
-3.31754
-1.66019
-0.842506
-1.20369
-2.76164
-2.27324
-1.98106
-1.89118
-2.836
-5.47552
-1.8432
-2.20039
-1.93063
-2.5248
-1.2482
0.835202
-1.39043
-1.03337
-0.750812
0
-2.37144
-1.47399
-0.782277
-1.54688
-2.54334
-2.36646
-0.852661
-3.48952
-4.25665
-2.24782
-2.30671
-0.000706684
-0.924326
-1.32952
-3.08932
-1.48861
-2.24104
-0.865576
-2.26655
-1.55311
-1.63551
-2.02693
-2.44289
-1.35214
-0.63751
-2.97627
-2.37144
0
-2.30018
-2.19366
-1.44443
-0.144976
-1.40671
-2.35546
-1.70544
-1.20451
0.180023
-2.3408
-1.94019
-1.78983
-0.480327
-3.74189
-0.929667
-2.67597
-3.86042
-2.76327
-3.45846
-0.738589
-2.61875
-2.41602
-2.42483
-3.54058
-2.35319
-1.47399
-2.30018
0
-1.13998
-2.41697
-1.0102
-2.14143
-0.363971
-0.469484
-1.91693
-4.53403
-1.89736
-2.08977
-1.21425
-0.70833
-1.5567
-3.13845
-1.1358
-0.62441
-0.861571
-1.31133
-0.962039
-2.02437
-0.915186
-2.14797
-3.11592
-1.37028
-0.782277
-2.19366
-1.13998
0
-2.6002
-1.61566
-2.52693
-1.67089
-1.73995
-1.58719
-1.66439
-3.34201
-2.07305
-2.24417
-1.91985
-1.6311
-1.40802
-1.73636
-2.42848
-2.22637
-3.06892
-2.34499
-1.68781
-3.14832
-3.07161
-1.04296
-2.39075
-1.54688
-1.44443
-2.41697
-2.6002
0
-3.52969
-2.93504
-2.66392
-2.44685
-1.73349
-3.69341
-1.96438
-1.12527
-1.3356
-0.637357
-4.22748
-1.14877
-3.11646
-2.63286
-3.56823
-2.16928
-2.84911
-0.953052
-0.306402
-1.49642
-2.04148
-2.14207
-2.54334
-0.144976
-1.0102
-1.61566
-3.52969
0
-0.650664
-2.72692
-2.32701
-1.0028
-2.1023
-2.5963
-0.819728
-3.87782
-2.48126
-2.34365
-1.9474
-1.52327
-1.54072
-1.72114
-2.26458
-2.21324
-2.7253
-2.50386
-2.21595
-2.18229
-2.03805
-2.36646
-1.40671
-2.14143
-2.52693
-2.93504
-0.650664
0
-0.655711
0.395112
-3.35901
-0.880803
-2.41176
-2.76983
-4.53899
-2.63039
-2.81476
-1.37817
-2.05923
-2.8164
-2.53114
-3.72782
-3.60314
-3.27253
-1.41952
-2.10699
-2.00789
-3.31401
-0.852661
-2.35546
-0.363971
-1.67089
-2.66392
-2.72692
-0.655711
0
-3.06138
-0.629222
-1.95812
-2.74436
-0.0554148
-1.84436
-1.56984
-4.31667
-2.03005
-1.74208
-2.44266
-0.844681
-1.75203
-1.83697
-2.31446
0.292956
-2.42708
-0.491631
-3.31754
-3.48952
-1.70544
-0.469484
-1.73995
-2.44685
-2.32701
0.395112
-3.06138
0
-3.37041
-1.50411
-0.671487
-1.12441
-2.08147
-3.14411
-1.7279
-2.05647
-2.65426
-1.902
-0.535274
-1.40235
-0.665727
-2.10228
-2.96857
-1.00089
-1.48863
-1.66019
-4.25665
-1.20451
-1.91693
-1.58719
-1.73349
-1.0028
-3.35901
-0.629222
-3.37041
0
-0.593107
-0.738994
-2.64724
-1.41617
-2.94834
-1.20379
-1.09886
-2.04575
-1.3826
-2.417
-1.95161
-3.53166
-2.3181
-2.8227
-3.29414
-2.02828
-0.842506
-2.24782
0.180023
-4.53403
-1.66439
-3.69341
-2.1023
-0.880803
-1.95812
-1.50411
-0.593107
0
-0.803718
-4.44365
-0.581466
-2.1913
-3.73501
-2.29922
-2.02697
-2.31041
-1.61917
-2.98489
-2.90519
-3.41679
-0.996243
-1.4463
-1.76651
-1.20369
-2.30671
-2.3408
-1.89736
-3.34201
-1.96438
-2.5963
-2.41176
-2.74436
-0.671487
-0.738994
-0.803718
0
-2.24043
-2.53159
-2.38608
-0.15631
-0.245825
-0.224853
-3.39066
-3.06165
-2.04902
-1.86736
-3.67186
-3.0769
-2.36109
-2.28189
-2.76164
-0.000706684
-1.94019
-2.08977
-2.07305
-1.12527
-0.819728
-2.76983
-0.0554148
-1.12441
-2.64724
-4.44365
-2.24043
0
-1.77434
-3.29999
-0.420471
-1.4899
-4.23072
-2.69994
-3.96704
-2.2468
-2.54458
-1.34258
-1.91725
-1.76859
-1.78575
-2.27324
-0.924326
-1.78983
-1.21425
-2.24417
-1.3356
-3.87782
-4.53899
-1.84436
-2.08147
-1.41617
-0.581466
-2.53159
-1.77434
0
