0
-1.31938
-1.59422
-2.75716
-1.28546
-1.73324
-1.19949
-0.711839
-0.553976
-1.85158
-1.55087
-1.77729
-1.25945
-2.42553
-1.43653
-3.70913
-2.48315
-1.29276
-2.14216
-2.52716
-2.27178
-3.39943
-2.56689
-2.00866
-0.666068
-2.37699
-4.74623
-1.31938
0
-2.8108
-0.660939
-4.82743
-1.87856
-3.49834
-2.2292
-2.33037
-0.633016
-2.76735
-2.15232
-2.52041
-2.96876
-1.1116
-3.44621
-1.14018
-1.70094
-2.90788
-1.84237
-1.36759
-2.83358
-1.84461
-3.41772
-2.0434
-2.12613
-3.26581
-1.59422
-2.8108
0
-3.35389
-1.69749
-0.743982
-2.13173
-1.35796
-0.678363
-1.86422
-0.552186
0.522704
-3.33073
-1.32388
-4.37945
-2.22125
-0.406646
-0.927771
-2.0088
-4.03848
-1.52785
-2.61027
-1.73849
-2.94056
-0.645521
-4.02288
-1.62885
-2.75716
-0.660939
-3.35389
0
-0.390796
-1.28679
-1.80451
-2.1272
-2.1814
-2.10272
-1.35327
-2.34722
0.162737
-3.25827
-1.1963
-2.08306
-0.95531
-4.14922
-0.444308
-2.02399
-1.57224
-1.69811
-2.43851
-1.2013
-2.10884
-2.19489
-1.15238
-1.28546
-4.82743
-1.69749
-0.390796
0
-2.42768
-1.38558
-2.29985
-2.3402
-2.22013
-1.16345
-0.299145
-2.06042
-1.09864
-1.10466
-1.2109
-3.27293
-1.21712
-2.23933
-0.713149
-0.88399
-2.28826
-2.71899
-1.62621
-0.871167
-0.0845497
-2.60531
-1.73324
-1.87856
-0.743982
-1.28679
-2.42768
0
-1.48324
-1.46719
-3.45506
-2.46467
-1.39039
-1.59018
-0.1834
-1.11389
-4.5576
-3.25027
-0.19215
-3.28991
-2.56776
-1.6549
-2.6797
-2.78473
-3.26001
-1.30266
-0.678361
-1.59437
-2.67556
-1.19949
-3.49834
-2.13173
-1.80451
-1.38558
-1.48324
0
-1.09284
-1.19888
-1.49431
-4.88445
-1.88252
-1.27333
-1.4993
-4.32235
-2.40177
-0.407201
-2.72901
-2.35851
-2.13925
-0.951374
-2.92294
0.135467
-3.39476
-2.50736
-0.762511
-1.27737
-0.711839
-2.2292
-1.35796
-2.1272
-2.29985
-1.46719
-1.09284
0
-2.19028
-1.60174
-0.958822
-2.02026
-2.09973
-2.42511
-1.60878
-0.0284823
-1.47509
-1.06076
-1.37278
-1.77468
-3.97457
-5.3905
-1.48657
-1.93259
-2.08099
-1.6587
-2.11928
-0.553976
-2.33037
-0.678363
-2.1814
-2.3402
-3.45506
-1.19888
-2.19028
0
-1.57597
-2.33364
-1.24304
-1.67888
-1.05492
-2.04626
-1.82081
-3.15617
-2.27962
-2.91604
-0.522154
-2.10735
-3.1141
-3.74956
-3.08148
-0.495821
-3.67233
-2.12475
-1.85158
-0.633016
-1.86422
-2.10272
-2.22013
-2.46467
-1.49431
-1.60174
-1.57597
0
-2.28646
-3.25424
-0.236341
-2.42183
-1.90105
-0.760611
-2.668
-4.06058
-1.66536
-1.99618
-2.16405
-1.81113
-1.76445
-2.39632
-2.91261
-1.33382
-2.59609
-1.55087
-2.76735
-0.552186
-1.35327
-1.16345
-1.39039
-4.88445
-0.958822
-2.33364
-2.28646
0
-1.75118
-2.80537
0.145646
-0.17177
-1.08874
-0.478965
-1.39522
-1.30904
-1.59412
0.0826662
-2.22979
-1.3938
0.236657
-1.76002
-1.94141
-0.882723
-1.77729
-2.15232
0.522704
-2.34722
-0.299145
-1.59018
-1.88252
-2.02026
-1.24304
-3.25424
-1.75118
0
-1.01459
-1.39458
-1.32281
-3.28397
0.265844
-1.24375
-3.02285
-0.614244
-0.738508
-2.86487
-3.19456
-2.1835
-1.65335
-2.14146
-2.1668
-1.25945
-2.52041
-3.33073
0.162737
-2.06042
-0.1834
-1.27333
-2.09973
-1.67888
-0.236341
-2.80537
-1.01459
0
-1.23205
-1.21029
-1.26324
-3.58813
-2.13001
-2.12666
-2.00754
-4.0707
-1.33926
-1.70012
-0.512152
-2.74337
-2.75504
-3.22727
-2.42553
-2.96876
-1.32388
-3.25827
-1.09864
-1.11389
-1.4993
-2.42511
-1.05492
-2.42183
0.145646
-1.39458
-1.23205
0
-2.10757
-1.84577
-0.6799
-2.8305
-0.313548
-2.86613
-3.66404
-3.34019
-3.01558
-2.60173
-0.964333
-1.55504
-2.20696
-1.43653
-1.1116
-4.37945
-1.1963
-1.10466
-4.5576
-4.32235
-1.60878
-2.04626
-1.90105
-0.17177
-1.32281
-1.21029
-2.10757
0
-3.05668
-0.135689
-2.13764
-0.750879
-2.47004
-2.26793
-2.05144
-0.0951908
-2.06315
-3.00272
-2.64556
-0.689995
-3.70913
-3.44621
-2.22125
-2.08306
-1.2109
-3.25027
-2.40177
-0.0284823
-1.82081
-0.760611
-1.08874
-3.28397
-1.26324
-1.84577
-3.05668
0
-2.15592
-3.69364
-1.46797
-2.36808
-3.14346
-3.4935
-2.60432
-2.22861
-1.74831
-1.58003
-2.83191
-2.48315
-1.14018
-0.406646
-0.95531
-3.27293
-0.19215
-0.407201
-1.47509
-3.15617
-2.668
-0.478965
0.265844
-3.58813
-0.6799
-0.135689
-2.15592
0
-0.796377
-1.48601
-1.98124
-2.18481
-1.93389
-2.64424
-3.18816
-2.32629
-0.543318
-1.87221
-1.29276
-1.70094
-0.927771
-4.14922
-1.21712
-3.28991
-2.72901
-1.06076
-2.27962
-4.06058
-1.39522
-1.24375
-2.13001
-2.8305
-2.13764
-3.69364
-0.796377
0
-0.29038
-1.57894
-0.718896
-2.75783
-1.16071
-1.86435
-3.27327
-0.924232
-1.38412
-2.14216
-2.90788
-2.0088
-0.444308
-2.23933
-2.56776
-2.35851
-1.37278
-2.91604
-1.66536
-1.30904
-3.02285
-2.12666
-0.313548
-0.750879
-1.46797
-1.48601
-0.29038
0
-2.03104
-0.971452
-2.2628
-2.60113
-1.97154
-2.48486
-2.86192
-0.958446
-2.52716
-1.84237
-4.03848
-2.02399
-0.713149
-1.6549
-2.13925
-1.77468
-0.522154
-1.99618
-1.59412
-0.614244
-2.00754
-2.86613
-2.47004
-2.36808
-1.98124
-1.57894
-2.03104
0
-2.35526
-1.98096
-1.46392
-1.77968
-1.54889
-1.96665
-3.01945
-2.27178
-1.36759
-1.52785
-1.57224
-0.88399
-2.6797
-0.951374
-3.97457
-2.10735
-2.16405
0.0826662
-0.738508
-4.0707
-3.66404
-2.26793
-3.14346
-2.18481
-0.718896
-0.971452
-2.35526
0
-2.09724
-1.6333
-0.614327
-2.89955
-1.41473
-1.62271
-3.39943
-2.83358
-2.61027
-1.69811
-2.28826
-2.78473
-2.92294
-5.3905
-3.1141
-1.81113
-2.22979
-2.86487
-1.33926
-3.34019
-2.05144
-3.4935
-1.93389
-2.75783
-2.2628
-1.98096
-2.09724
0
-2.46108
-0.900728
-2.42188
-2.81021
-0.517547
-2.56689
-1.84461
-1.73849
-2.43851
-2.71899
-3.26001
0.135467
-1.48657
-3.74956
-1.76445
-1.3938
-3.19456
-1.70012
-3.01558
-0.0951908
-2.60432
-2.64424
-1.16071
-2.60113
-1.46392
-1.6333
-2.46108
0
-1.46975
-1.83419
-2.5108
-1.94737
-2.00866
-3.41772
-2.94056
-1.2013
-1.62621
-1.30266
-3.39476
-1.93259
-3.08148
-2.39632
0.236657
-2.1835
-0.512152
-2.60173
-2.06315
-2.22861
-3.18816
-1.86435
-1.97154
-1.77968
-0.614327
-0.900728
-1.46975
0
-2.60485
-3.56684
-1.77975
-0.666068
-2.0434
-0.645521
-2.10884
-0.871167
-0.678361
-2.50736
-2.08099
-0.495821
-2.91261
-1.76002
-1.65335
-2.74337
-0.964333
-3.00272
-1.74831
-2.32629
-3.27327
-2.48486
-1.54889
-2.89955
-2.42188
-1.83419
-2.60485
0
-1.10496
-3.47783
-2.37699
-2.12613
-4.02288
-2.19489
-0.0845497
-1.59437
-0.762511
-1.6587
-3.67233
-1.33382
-1.94141
-2.14146
-2.75504
-1.55504
-2.64556
-1.58003
-0.543318
-0.924232
-2.86192
-1.96665
-1.41473
-2.81021
-2.5108
-3.56684
-1.10496
0
-2.04961
-4.74623
-3.26581
-1.62885
-1.15238
-2.60531
-2.67556
-1.27737
-2.11928
-2.12475
-2.59609
-0.882723
-2.1668
-3.22727
-2.20696
-0.689995
-2.83191
-1.87221
-1.38412
-0.958446
-3.01945
-1.62271
-0.517547
-1.94737
-1.77975
-3.47783
-2.04961
0
