0
-2.42476
-0.99431
-0.483082
-2.93375
-2.13724
-2.80422
-0.702919
-1.89254
-2.44332
-0.996274
-1.51405
-0.697321
-2.31008
-3.49479
-1.5986
-0.814742
-2.46318
-2.52921
-2.58322
-1.09702
-2.86193
-2.93019
-1.22398
-1.18536
-1.52992
-3.2868
-2.42476
0
-3.01344
-3.01361
-2.15697
-3.77578
-2.66165
-2.33461
-1.83241
-0.671856
-4.23777
-2.25013
-0.445535
-2.17061
-2.65022
-3.4902
-1.09809
-1.76323
-3.37619
-1.30848
-1.15926
-1.79981
-0.937679
-0.966253
-1.4342
-2.37887
-0.906757
-0.99431
-3.01344
0
-2.55316
-2.61561
-2.80639
-1.3751
-2.74489
-2.09994
-3.49921
-3.03723
-2.05078
-2.73808
-1.71401
-1.35452
-2.90356
-2.11363
-1.25049
-2.4868
-2.9149
-0.532246
-2.27804
-1.36088
-2.54028
-4.01635
-2.04524
-1.76982
-0.483082
-3.01361
-2.55316
0
-1.31315
-3.21524
-1.33852
-2.61023
-1.26607
-4.40419
-1.08455
-2.1707
-1.50365
-1.96683
-0.976302
-1.01926
-3.1644
-2.42717
-1.17981
-1.89361
-1.02573
-2.03033
-3.40232
-1.00437
-1.01189
-1.70856
-1.17007
-2.93375
-2.15697
-2.61561
-1.31315
0
-1.32635
-0.447797
-1.15404
-0.702157
-1.57904
-1.1816
-0.602353
-1.50404
-0.887046
-0.369781
-2.48924
-2.8158
-2.625
-2.53341
-1.7585
-1.23937
-2.67676
-2.12804
-2.31786
-2.42477
-2.76549
-2.20484
-2.13724
-3.77578
-2.80639
-3.21524
-1.32635
0
-2.78951
-2.12246
-0.99624
-1.82094
0.674101
-0.788949
-0.41356
-1.72615
-0.946296
-0.980429
-1.76543
-0.277604
-0.634062
-1.55178
-1.84914
-1.31569
-3.04959
-1.92558
-4.25286
-1.93857
-2.22349
-2.80422
-2.66165
-1.3751
-1.33852
-0.447797
-2.78951
0
-3.43133
-2.77183
-0.485764
-1.82825
-2.64865
-2.80393
-1.45487
-1.39152
-3.1813
-2.94939
-2.25076
-0.929726
-3.53432
-2.54365
-1.95631
-1.33016
-1.7724
-0.158211
-3.09324
-1.46299
-0.702919
-2.33461
-2.74489
-2.61023
-1.15404
-2.12246
-3.43133
0
-2.32769
-0.893569
-3.00774
-2.49151
-2.26943
-0.617931
-1.6759
-3.02531
-1.70118
-0.800609
-2.83876
-0.993015
-2.99103
-0.811764
-2.2455
-1.65471
-3.1156
-1.29046
-1.41882
-1.89254
-1.83241
-2.09994
-1.26607
-0.702157
-0.99624
-2.77183
-2.32769
0
-2.25212
-3.96778
-1.13204
-1.37797
-4.04727
-4.66296
-1.75994
-2.63653
-2.02007
-1.06409
-1.33901
-1.5391
0.417775
-1.32113
-1.07884
-2.06986
-2.5441
-2.28655
-2.44332
-0.671856
-3.49921
-4.40419
-1.57904
-1.82094
-0.485764
-0.893569
-2.25212
0
-0.543185
-1.17898
-1.02245
-0.597347
-2.13335
-2.35694
-2.21672
-2.15097
0.126511
-1.37894
-1.65979
-0.913656
-2.62765
-0.795855
-2.07223
-0.181581
-3.61708
-0.996274
-4.23777
-3.03723
-1.08455
-1.1816
0.674101
-1.82825
-3.00774
-3.96778
-0.543185
0
-2.3137
-0.99734
-2.97118
-1.07241
-2.0335
-0.913538
-2.82872
-2.08113
-2.16777
-3.69284
-2.34409
-4.02033
-2.87829
-0.890795
0.226544
-2.36538
-1.51405
-2.25013
-2.05078
-2.1707
-0.602353
-0.788949
-2.64865
-2.49151
-1.13204
-1.17898
-2.3137
0
-0.904463
-2.18974
-3.20647
-0.898533
-2.2237
-1.90279
-3.63347
-1.73805
-1.13316
-3.44325
-1.04113
-2.70038
-2.29733
-2.11676
-1.94823
-0.697321
-0.445535
-2.73808
-1.50365
-1.50404
-0.41356
-2.80393
-2.26943
-1.37797
-1.02245
-0.99734
-0.904463
0
-1.80465
-1.99383
-2.60603
-3.10108
-2.34857
-3.41002
-1.30962
-1.23815
-2.26022
-3.15743
-2.39392
-0.610766
-3.25126
-1.2347
-2.31008
-2.17061
-1.71401
-1.96683
-0.887046
-1.72615
-1.45487
-0.617931
-4.04727
-0.597347
-2.97118
-2.18974
-1.80465
0
-1.29914
-4.13356
-1.22426
-2.09629
-2.05987
-1.6068
-1.24699
-3.56626
-1.80735
-1.91831
-3.07299
-1.22316
-2.09697
-3.49479
-2.65022
-1.35452
-0.976302
-0.369781
-0.946296
-1.39152
-1.6759
-4.66296
-2.13335
-1.07241
-3.20647
-1.99383
-1.29914
0
-3.01373
-1.35925
-2.03071
-3.09171
-1.54629
-3.88515
1.11524
-3.24717
-3.85688
-4.78053
-1.26327
-1.11487
-1.5986
-3.4902
-2.90356
-1.01926
-2.48924
-0.980429
-3.1813
-3.02531
-1.75994
-2.35694
-2.0335
-0.898533
-2.60603
-4.13356
-3.01373
0
-4.11453
-0.207599
-1.55851
-0.548786
-0.717642
-2.18798
-1.72576
-2.03729
-1.57768
-2.33175
-3.0262
-0.814742
-1.09809
-2.11363
-3.1644
-2.8158
-1.76543
-2.94939
-1.70118
-2.63653
-2.21672
-0.913538
-2.2237
-3.10108
-1.22426
-1.35925
-4.11453
0
-2.71231
-2.09262
-2.043
-1.1102
-0.832914
-3.40555
-0.184274
-2.65751
-2.27499
-1.96627
-2.46318
-1.76323
-1.25049
-2.42717
-2.625
-0.277604
-2.25076
-0.800609
-2.02007
-2.15097
-2.82872
-1.90279
-2.34857
-2.09629
-2.03071
-0.207599
-2.71231
0
-1.20818
-2.66315
-2.03407
-1.62133
-4.5615
-3.19993
-1.82395
-3.002
-3.49809
-2.52921
-3.37619
-2.4868
-1.17981
-2.53341
-0.634062
-0.929726
-2.83876
-1.06409
0.126511
-2.08113
-3.63347
-3.41002
-2.05987
-3.09171
-1.55851
-2.09262
-1.20818
0
-1.3938
-2.74108
-0.990609
-1.50067
-1.33382
-0.58934
-2.80771
-1.34471
-2.58322
-1.30848
-2.9149
-1.89361
-1.7585
-1.55178
-3.53432
-0.993015
-1.33901
-1.37894
-2.16777
-1.73805
-1.30962
-1.6068
-1.54629
-0.548786
-2.043
-2.66315
-1.3938
0
-1.2791
-1.57737
-1.79686
-3.39053
-1.97453
-1.34404
-0.746597
-1.09702
-1.15926
-0.532246
-1.02573
-1.23937
-1.84914
-2.54365
-2.99103
-1.5391
-1.65979
-3.69284
-1.13316
-1.23815
-1.24699
-3.88515
-0.717642
-1.1102
-2.03407
-2.74108
-1.2791
0
-0.75175
-2.62059
-2.68458
-2.27777
-2.47944
-3.15714
-2.86193
-1.79981
-2.27804
-2.03033
-2.67676
-1.31569
-1.95631
-0.811764
0.417775
-0.913656
-2.34409
-3.44325
-2.26022
-3.56626
1.11524
-2.18798
-0.832914
-1.62133
-0.990609
-1.57737
-0.75175
0
-1.54326
-2.00984
-2.90207
-3.03847
-3.32233
-2.93019
-0.937679
-1.36088
-3.40232
-2.12804
-3.04959
-1.33016
-2.2455
-1.32113
-2.62765
-4.02033
-1.04113
-3.15743
-1.80735
-3.24717
-1.72576
-3.40555
-4.5615
-1.50067
-1.79686
-2.62059
-1.54326
0
-2.20484
-1.85287
-3.16883
-2.95823
-1.22398
-0.966253
-2.54028
-1.00437
-2.31786
-1.92558
-1.7724
-1.65471
-1.07884
-0.795855
-2.87829
-2.70038
-2.39392
-1.91831
-3.85688
-2.03729
-0.184274
-3.19993
-1.33382
-3.39053
-2.68458
-2.00984
-2.20484
0
-0.67422
-2.20684
-1.70445
-1.18536
-1.4342
-4.01635
-1.01189
-2.42477
-4.25286
-0.158211
-3.1156
-2.06986
-2.07223
-0.890795
-2.29733
-0.610766
-3.07299
-4.78053
-1.57768
-2.65751
-1.82395
-0.58934
-1.97453
-2.27777
-2.90207
-1.85287
-0.67422
0
-1.19065
-2.05323
-1.52992
-2.37887
-2.04524
-1.70856
-2.76549
-1.93857
-3.09324
-1.29046
-2.5441
-0.181581
0.226544
-2.11676
-3.25126
-1.22316
-1.26327
-2.33175
-2.27499
-3.002
-2.80771
-1.34404
-2.47944
-3.03847
-3.16883
-2.20684
-1.19065
0
-4.65586
-3.2868
-0.906757
-1.76982
-1.17007
-2.20484
-2.22349
-1.46299
-1.41882
-2.28655
-3.61708
-2.36538
-1.94823
-1.2347
-2.09697
-1.11487
-3.0262
-1.96627
-3.49809
-1.34471
-0.746597
-3.15714
-3.32233
-2.95823
-1.70445
-2.05323
-4.65586
0
