0
0.266515
-1.00384
-1.7208
-1.81387
-2.56756
-2.69871
-1.0103
-2.08694
-2.22059
-0.167719
-1.82975
-2.58458
-2.16546
-1.6119
-1.75035
-2.52031
-2.70302
-0.517068
-2.02078
-2.26977
-1.03951
-2.67202
-1.7688
-2.25027
-2.42014
-3.10618
0.266515
0
-2.41582
-2.26497
-1.61489
-4.46933
-0.101532
-2.87682
-0.737688
-1.85405
-3.14452
-1.01423
-2.93804
-1.99798
-1.39968
-1.2882
-1.01819
-1.32823
-2.08251
-3.43523
-1.11445
-3.26461
-1.42834
-0.772727
-1.4229
-2.3214
-0.148072
-1.00384
-2.41582
0
-0.824856
-3.73395
-1.96226
-2.16037
-1.63116
-2.47367
-1.21023
-0.647489
-3.40469
-1.94026
-2.80184
-2.70257
-1.29258
-3.23457
-2.43717
-1.50165
-2.10009
-2.8729
-1.17537
-2.57158
-2.61789
-1.44046
-1.70601
-0.20553
-1.7208
-2.26497
-0.824856
0
-0.495643
-2.80222
-2.6368
-4.83326
-1.73605
0.218631
-1.60786
-0.9116
-3.54887
-0.835966
-0.712213
-0.559539
-2.17858
-1.65922
-5.56004
-0.176734
-1.08813
-1.86895
-0.322265
-1.9986
-1.31225
-1.37604
-2.41986
-1.81387
-1.61489
-3.73395
-0.495643
0
-1.56691
-3.14808
-1.42342
-2.19935
-2.00643
-3.02018
-2.45835
-1.26342
-1.12354
-2.95154
-2.12161
-2.08087
-2.4535
-2.65123
-2.02151
-1.0898
-2.77299
-2.07262
-3.27919
1.81556
-4.04394
-2.022
-2.56756
-4.46933
-1.96226
-2.80222
-1.56691
0
-1.81605
-3.58765
-1.63986
-1.11521
-3.36241
-1.28672
-2.9792
-2.89805
-3.65023
-2.64963
-0.862765
-2.54693
-3.23279
-2.23737
-1.96923
-1.29719
-3.10127
-2.13909
-3.07623
-2.01399
-2.52295
-2.69871
-0.101532
-2.16037
-2.6368
-3.14808
-1.81605
0
-2.93403
-0.812785
-3.16822
-0.998249
-1.11348
-3.44869
-2.33713
-1.14322
-3.28541
-1.40208
-3.23559
-3.56606
-1.72937
-1.48659
-3.492
-0.78455
-2.43269
-0.885363
-1.1204
-3.5564
-1.0103
-2.87682
-1.63116
-4.83326
-1.42342
-3.58765
-2.93403
0
-1.84718
-2.56596
-2.30934
-2.11538
-1.44233
-1.08113
-1.09562
-3.70813
-5.10305
-1.57176
-1.10021
-1.72172
-1.5715
-3.28544
-2.04773
-1.83151
-0.144396
-1.31367
-3.12327
-2.08694
-0.737688
-2.47367
-1.73605
-2.19935
-1.63986
-0.812785
-1.84718
0
-2.61003
-2.18455
-3.7245
-2.69803
-1.37539
-2.31666
-1.22375
-2.76155
-1.15373
-2.91547
-1.60193
-2.63803
-2.95184
-1.24423
-0.982838
-1.24971
-2.44272
0.14055
-2.22059
-1.85405
-1.21023
0.218631
-2.00643
-1.11521
-3.16822
-2.56596
-2.61003
0
-0.946036
-1.9178
-2.55996
-2.80539
-1.56095
-3.04213
-0.77108
-2.33403
-0.355041
-3.04198
-4.39236
-3.49484
-0.508319
-2.56084
0.308775
0.637524
-2.38125
-0.167719
-3.14452
-0.647489
-1.60786
-3.02018
-3.36241
-0.998249
-2.30934
-2.18455
-0.946036
0
-0.849452
-2.39765
-2.707
-2.72289
-3.58391
-2.55338
-2.84953
-2.40128
-2.20542
-0.533488
-3.06353
-2.38797
-3.80115
-2.06578
-1.72303
-2.4777
-1.82975
-1.01423
-3.40469
-0.9116
-2.45835
-1.28672
-1.11348
-2.11538
-3.7245
-1.9178
-0.849452
0
-3.47076
-0.921733
-1.47667
-2.76051
-2.69306
-1.70617
-1.81544
-2.50137
-2.82133
-1.29361
-0.867999
-2.08415
0.55765
-2.60229
-3.65333
-2.58458
-2.93804
-1.94026
-3.54887
-1.26342
-2.9792
-3.44869
-1.44233
-2.69803
-2.55996
-2.39765
-3.47076
0
-2.56132
0.130132
-0.695695
0.419788
-2.67746
-0.147813
-0.99004
-2.88907
-0.86405
-1.51177
-1.87136
-2.57128
-1.49694
-1.50934
-2.16546
-1.99798
-2.80184
-0.835966
-1.12354
-2.89805
-2.33713
-1.08113
-1.37539
-2.80539
-2.707
-0.921733
-2.56132
0
-1.22194
-0.439126
-2.83856
-1.55334
-2.17769
-1.51395
-2.6543
-1.27667
-2.03199
-2.66305
-2.87211
-3.25853
-1.85813
-1.6119
-1.39968
-2.70257
-0.712213
-2.95154
-3.65023
-1.14322
-1.09562
-2.31666
-1.56095
-2.72289
-1.47667
0.130132
-1.22194
0
-1.58666
-0.810232
-0.216773
-1.99918
-2.44979
-1.54534
-2.20567
-1.91076
-1.83127
-1.07336
-1.06675
-1.19742
-1.75035
-1.2882
-1.29258
-0.559539
-2.12161
-2.64963
-3.28541
-3.70813
-1.22375
-3.04213
-3.58391
-2.76051
-0.695695
-0.439126
-1.58666
0
-1.56211
-3.318
-0.399701
-1.1855
-3.57259
-2.62647
-2.74256
-1.03096
-1.23433
-1.25625
-2.04603
-2.52031
-1.01819
-3.23457
-2.17858
-2.08087
-0.862765
-1.40208
-5.10305
-2.76155
-0.77108
-2.55338
-2.69306
0.419788
-2.83856
-0.810232
-1.56211
0
-2.9768
-2.52033
-2.99808
-1.59862
-1.49978
-4.0857
-2.90122
-2.00623
-1.37222
-0.824363
-2.70302
-1.32823
-2.43717
-1.65922
-2.4535
-2.54693
-3.23559
-1.57176
-1.15373
-2.33403
-2.84953
-1.70617
-2.67746
-1.55334
-0.216773
-3.318
-2.9768
0
-3.18825
-2.02512
-2.69418
-0.742606
-1.56389
-1.5103
-2.78115
-4.1199
-0.612321
-0.517068
-2.08251
-1.50165
-5.56004
-2.65123
-3.23279
-3.56606
-1.10021
-2.91547
-0.355041
-2.40128
-1.81544
-0.147813
-2.17769
-1.99918
-0.399701
-2.52033
-3.18825
0
-2.42318
-2.58573
-2.76243
-2.41746
-1.99504
-1.21877
-2.68561
-1.96816
-2.02078
-3.43523
-2.10009
-0.176734
-2.02151
-2.23737
-1.72937
-1.72172
-1.60193
-3.04198
-2.20542
-2.50137
-0.99004
-1.51395
-2.44979
-1.1855
-2.99808
-2.02512
-2.42318
0
-2.68572
-1.66645
-2.80036
-2.77262
-2.39494
-1.14223
-2.18704
-2.26977
-1.11445
-2.8729
-1.08813
-1.0898
-1.96923
-1.48659
-1.5715
-2.63803
-4.39236
-0.533488
-2.82133
-2.88907
-2.6543
-1.54534
-3.57259
-1.59862
-2.69418
-2.58573
-2.68572
0
-2.20548
-0.943125
-1.83594
-1.50111
-0.674475
-4.80708
-1.03951
-3.26461
-1.17537
-1.86895
-2.77299
-1.29719
-3.492
-3.28544
-2.95184
-3.49484
-3.06353
-1.29361
-0.86405
-1.27667
-2.20567
-2.62647
-1.49978
-0.742606
-2.76243
-1.66645
-2.20548
0
-3.72244
-1.09188
-0.926354
-1.52636
-2.79292
-2.67202
-1.42834
-2.57158
-0.322265
-2.07262
-3.10127
-0.78455
-2.04773
-1.24423
-0.508319
-2.38797
-0.867999
-1.51177
-2.03199
-1.91076
-2.74256
-4.0857
-1.56389
-2.41746
-2.80036
-0.943125
-3.72244
0
-2.34767
-2.6178
-1.44365
-2.61295
-1.7688
-0.772727
-2.61789
-1.9986
-3.27919
-2.13909
-2.43269
-1.83151
-0.982838
-2.56084
-3.80115
-2.08415
-1.87136
-2.66305
-1.83127
-1.03096
-2.90122
-1.5103
-1.99504
-2.77262
-1.83594
-1.09188
-2.34767
0
-2.69325
-1.5584
-2.93289
-2.25027
-1.4229
-1.44046
-1.31225
1.81556
-3.07623
-0.885363
-0.144396
-1.24971
0.308775
-2.06578
0.55765
-2.57128
-2.87211
-1.07336
-1.23433
-2.00623
-2.78115
-1.21877
-2.39494
-1.50111
-0.926354
-2.6178
-2.69325
0
-1.89105
-3.32552
-2.42014
-2.3214
-1.70601
-1.37604
-4.04394
-2.01399
-1.1204
-1.31367
-2.44272
0.637524
-1.72303
-2.60229
-1.49694
-3.25853
-1.06675
-1.25625
-1.37222
-4.1199
-2.68561
-1.14223
-0.674475
-1.52636
-1.44365
-1.5584
-1.89105
0
-2.45946
-3.10618
-0.148072
-0.20553
-2.41986
-2.022
-2.52295
-3.5564
-3.12327
0.14055
-2.38125
-2.4777
-3.65333
-1.50934
-1.85813
-1.19742
-2.04603
-0.824363
-0.612321
-1.96816
-2.18704
-4.80708
-2.79292
-2.61295
-2.93289
-3.32552
-2.45946
0
