0
-2.91665
-1.85277
-1.10823
-3.7216
-3.32143
-3.16878
-0.824354
-4.12398
-1.79749
-2.81158
-1.73476
0.043966
-2.43299
-1.6384
-4.03852
-2.70662
-2.5965
-1.04074
-1.34327
-1.43012
0.249317
-1.46796
-2.15306
-1.28005
-2.68231
-2.37304
-2.91665
0
-1.61295
-0.834634
-2.90511
-1.1808
-2.88702
-1.43088
-2.38548
-2.55375
-0.414236
-2.32443
-2.03929
-3.10702
-2.86045
-3.08253
-1.96832
-2.32895
-1.84989
-0.526456
-1.5345
-0.632694
-1.87101
-1.06356
-2.41851
-2.00109
-0.351891
-1.85277
-1.61295
0
-3.42889
-3.08312
-1.52314
-1.44456
-0.762956
-2.60028
-2.13057
-0.87676
-4.25005
-2.04004
-1.97888
-4.0243
-1.31143
-2.27735
-3.21233
-3.34648
-2.69143
-2.20754
-4.58859
-3.41551
-2.6897
-3.15042
-4.59021
-2.73142
-1.10823
-0.834634
-3.42889
0
-1.11584
-1.88914
-1.99131
-2.06891
-1.95278
-2.29468
-1.36572
-2.53042
-1.85497
-1.35899
-0.0575503
-4.91064
-2.01945
-3.02064
-3.66088
-0.903
-1.7983
-2.65639
-1.8916
-3.30529
-1.75649
-2.23877
-4.18314
-3.7216
-2.90511
-3.08312
-1.11584
0
-2.93174
-1.65289
-2.39898
-2.03383
0.518585
-0.653368
-0.909146
-3.86248
-2.63955
0.644721
-0.904916
-1.07918
-0.252879
-1.61481
-2.45701
-1.32299
-1.94593
-3.37269
-2.59351
-1.49016
-2.33808
-1.23475
-3.32143
-1.1808
-1.52314
-1.88914
-2.93174
0
-3.50057
-1.18825
-2.23882
-0.671293
-2.91466
-1.06769
-3.39058
-2.64165
-1.67186
-0.310603
-2.59172
-2.66889
-0.871607
-2.31505
-2.50063
-1.91991
-2.20619
-1.55465
-0.476196
-2.70367
-4.02672
-3.16878
-2.88702
-1.44456
-1.99131
-1.65289
-3.50057
0
-1.78145
-1.44876
-2.57463
-0.205409
-2.17119
-2.0935
-3.08481
-2.6944
-2.10135
-2.46558
-2.09638
-2.25541
-2.75308
-1.59303
-2.86438
-2.73835
-1.43137
-1.68423
-1.03279
-3.75018
-0.824354
-1.43088
-0.762956
-2.06891
-2.39898
-1.18825
-1.78145
0
-0.55647
-0.620536
-3.24244
-0.922731
-1.21266
-1.77998
-3.19214
-1.17597
-2.80058
-1.36541
-0.274087
-1.86649
-1.21924
-2.35234
0.446843
-1.63422
-2.16187
-2.20955
-2.67875
-4.12398
-2.38548
-2.60028
-1.95278
-2.03383
-2.23882
-1.44876
-0.55647
0
-2.78063
-1.76876
-3.64145
-1.11309
-1.38334
-1.37844
-2.97009
-2.69349
-3.08148
-1.51586
-1.93118
-1.73608
-1.85813
-3.69433
-0.307897
-2.53668
-2.93562
-2.20447
-1.79749
-2.55375
-2.13057
-2.29468
0.518585
-0.671293
-2.57463
-0.620536
-2.78063
0
-2.1079
-1.24282
-2.29439
-2.22531
-2.71526
-2.7306
-1.87964
-2.58916
-1.86304
-3.52214
-0.341024
-2.39515
-1.37616
-1.86469
-2.97065
-2.44727
-2.91355
-2.81158
-0.414236
-0.87676
-1.36572
-0.653368
-2.91466
-0.205409
-3.24244
-1.76876
-2.1079
0
-1.68783
-0.480253
-2.04993
-1.96588
-1.39102
-1.40623
-0.152056
-1.44866
-1.89397
-1.52753
-2.12736
-1.74958
-2.83728
-1.7665
-2.68482
-1.58568
-1.73476
-2.32443
-4.25005
-2.53042
-0.909146
-1.06769
-2.17119
-0.922731
-3.64145
-1.24282
-1.68783
0
-3.17367
-1.94989
-2.90116
-3.43899
-2.42968
-2.24307
-1.73885
-1.82906
-2.62955
-1.7253
-3.0798
-2.50481
-0.159793
-1.176
-1.83355
0.043966
-2.03929
-2.04004
-1.85497
-3.86248
-3.39058
-2.0935
-1.21266
-1.11309
-2.29439
-0.480253
-3.17367
0
-1.08178
-1.59246
-2.77619
-3.4905
-2.95543
-1.12486
-3.09643
0.227833
-1.35059
-4.27733
-1.90261
-2.64058
-2.10771
-2.51521
-2.43299
-3.10702
-1.97888
-1.35899
-2.63955
-2.64165
-3.08481
-1.77998
-1.38334
-2.22531
-2.04993
-1.94989
-1.08178
0
-1.36807
-2.21443
-0.974938
-0.577267
-2.85451
-0.656074
-3.25329
-0.861158
-2.88481
-1.46124
-3.37865
-1.89899
1.06401
-1.6384
-2.86045
-4.0243
-0.0575503
0.644721
-1.67186
-2.6944
-3.19214
-1.37844
-2.71526
-1.96588
-2.90116
-1.59246
-1.36807
0
-2.26866
-2.69672
-1.92727
-1.42021
-1.22694
-2.24038
-1.99031
-2.67008
-1.23735
-4.17185
-3.9661
-2.1645
-4.03852
-3.08253
-1.31143
-4.91064
-0.904916
-0.310603
-2.10135
-1.17597
-2.97009
-2.7306
-1.39102
-3.43899
-2.77619
-2.21443
-2.26866
0
-2.90492
-4.57229
-2.6922
0.293989
-1.97258
-2.24289
-2.28022
-0.581783
-2.15192
-0.742014
-1.50068
-2.70662
-1.96832
-2.27735
-2.01945
-1.07918
-2.59172
-2.46558
-2.80058
-2.69349
-1.87964
-1.40623
-2.42968
-3.4905
-0.974938
-2.69672
-2.90492
0
-2.43693
-0.33688
-2.83648
-2.08763
-0.74286
-2.01981
-1.5164
-2.00457
-3.52546
-1.4171
-2.5965
-2.32895
-3.21233
-3.02064
-0.252879
-2.66889
-2.09638
-1.36541
-3.08148
-2.58916
-0.152056
-2.24307
-2.95543
-0.577267
-1.92727
-4.57229
-2.43693
0
-3.22202
-2.27006
-2.80013
-2.3464
-3.29591
-1.95099
-0.882681
-0.321973
-0.549809
-1.04074
-1.84989
-3.34648
-3.66088
-1.61481
-0.871607
-2.25541
-0.274087
-1.51586
-1.86304
-1.44866
-1.73885
-1.12486
-2.85451
-1.42021
-2.6922
-0.33688
-3.22202
0
-2.00343
-2.16094
-2.45933
-1.65063
-2.28182
-2.07298
-3.32463
-1.2888
-1.34327
-0.526456
-2.69143
-0.903
-2.45701
-2.31505
-2.75308
-1.86649
-1.93118
-3.52214
-1.89397
-1.82906
-3.09643
-0.656074
-1.22694
0.293989
-2.83648
-2.27006
-2.00343
0
-1.66466
-0.453435
-3.83122
-1.26939
-0.766974
-3.04384
-2.01152
-1.43012
-1.5345
-2.20754
-1.7983
-1.32299
-2.50063
-1.59303
-1.21924
-1.73608
-0.341024
-1.52753
-2.62955
0.227833
-3.25329
-2.24038
-1.97258
-2.08763
-2.80013
-2.16094
-1.66466
0
-2.4737
-1.72862
-0.526531
-2.59668
-1.69595
-1.50765
0.249317
-0.632694
-4.58859
-2.65639
-1.94593
-1.91991
-2.86438
-2.35234
-1.85813
-2.39515
-2.12736
-1.7253
-1.35059
-0.861158
-1.99031
-2.24289
-0.74286
-2.3464
-2.45933
-0.453435
-2.4737
0
-2.3404
-0.718631
0.0735267
-2.40604
-1.14823
-1.46796
-1.87101
-3.41551
-1.8916
-3.37269
-2.20619
-2.73835
0.446843
-3.69433
-1.37616
-1.74958
-3.0798
-4.27733
-2.88481
-2.67008
-2.28022
-2.01981
-3.29591
-1.65063
-3.83122
-1.72862
-2.3404
0
-0.990148
-2.79753
-1.53063
-2.32192
-2.15306
-1.06356
-2.6897
-3.30529
-2.59351
-1.55465
-1.43137
-1.63422
-0.307897
-1.86469
-2.83728
-2.50481
-1.90261
-1.46124
-1.23735
-0.581783
-1.5164
-1.95099
-2.28182
-1.26939
-0.526531
-0.718631
-0.990148
0
-1.10809
-1.13804
-3.74692
-1.28005
-2.41851
-3.15042
-1.75649
-1.49016
-0.476196
-1.68423
-2.16187
-2.53668
-2.97065
-1.7665
-0.159793
-2.64058
-3.37865
-4.17185
-2.15192
-2.00457
-0.882681
-2.07298
-0.766974
-2.59668
0.0735267
-2.79753
-1.10809
0
-2.4272
-1.8121
-2.68231
-2.00109
-4.59021
-2.23877
-2.33808
-2.70367
-1.03279
-2.20955
-2.93562
-2.44727
-2.68482
-1.176
-2.10771
-1.89899
-3.9661
-0.742014
-3.52546
-0.321973
-3.32463
-3.04384
-1.69595
-2.40604
-1.53063
-1.13804
-2.4272
0
-4.18111
-2.37304
-0.351891
-2.73142
-4.18314
-1.23475
-4.02672
-3.75018
-2.67875
-2.20447
-2.91355
-1.58568
-1.83355
-2.51521
1.06401
-2.1645
-1.50068
-1.4171
-0.549809
-1.2888
-2.01152
-1.50765
-1.14823
-2.32192
-3.74692
-1.8121
-4.18111
0
