0
-2.5701
-2.37613
-1.50827
-1.66593
-3.05739
-2.1091
0.286877
-1.39668
-2.23505
-1.96712
-2.06566
-1.72537
-0.974186
-0.580173
-3.73422
-0.425011
-1.24554
-2.10467
-2.48045
-1.51201
-4.28289
-2.06078
-2.2857
-2.85501
-2.03061
-2.26533
-2.5701
0
-2.26263
-1.47553
-2.44792
-3.37727
-0.448666
-1.81775
-1.97181
-0.815957
-1.24318
-2.75817
-2.89787
-1.22716
-1.57159
0.0647899
-1.49425
-2.11241
-3.60294
-3.1515
-1.97895
-2.22145
-1.49234
-1.47424
-1.06565
-0.641515
-2.30557
-2.37613
-2.26263
0
-1.68009
-3.16596
-2.25341
-1.32006
-2.6968
-1.87031
-1.34209
-1.16397
0.0816776
-1.14956
-1.10295
-2.25658
-2.3852
-1.21478
-2.55136
-2.90192
-1.73509
-1.68317
-3.03753
0.836429
-3.44165
-2.91246
-1.2082
-1.75182
-1.50827
-1.47553
-1.68009
0
-2.49581
-0.438772
-2.73086
-3.08917
-0.601771
-2.74369
-1.26965
-1.15916
-3.25865
-0.946495
-2.56614
-1.67901
-1.23802
-1.4572
-1.77796
-3.08003
-2.37565
-1.80778
-3.86335
-1.87966
-2.1375
-1.04974
-3.14516
-1.66593
-2.44792
-3.16596
-2.49581
0
-1.6307
-3.41591
-2.10465
-2.26069
-2.62834
-3.27811
-1.89076
-2.53455
-1.6315
-0.796481
-0.140346
-1.24899
-5.52608
-3.20393
-2.70171
-1.84093
-1.86223
-4.28841
-2.82481
-3.55965
-0.826399
-0.179841
-3.05739
-3.37727
-2.25341
-0.438772
-1.6307
0
-0.740004
0.0520844
-1.89541
-1.47104
-1.73398
-0.781061
-1.01932
0.90056
-2.0535
-2.24092
-0.788407
-2.41094
-1.20637
-2.04907
-3.16984
-3.42152
-2.51162
-3.07878
-3.17363
-2.97449
-2.27092
-2.1091
-0.448666
-1.32006
-2.73086
-3.41591
-0.740004
0
-2.85937
-1.85034
-1.50772
0.412765
-2.11473
-2.71717
0.465719
-1.97928
-2.09531
-0.537668
-2.00481
-3.36094
-0.171075
-2.45354
-1.6647
-2.21919
-1.5119
-2.56972
-4.19974
-2.03382
0.286877
-1.81775
-2.6968
-3.08917
-2.10465
0.0520844
-2.85937
0
-2.04499
-1.03002
-3.30895
-4.71878
-1.2138
-2.45485
-2.57481
0.487925
-2.08601
-3.40525
-2.31765
-0.0488576
-0.959013
-2.57825
-0.252925
-2.13108
-2.75573
-3.17861
-2.27571
-1.39668
-1.97181
-1.87031
-0.601771
-2.26069
-1.89541
-1.85034
-2.04499
0
-3.22205
-0.13271
-0.941635
-2.62447
-2.41904
-2.34965
-1.00815
-0.304246
-1.59259
-1.88826
-1.4236
-1.22938
-1.25226
-1.68892
-1.48162
-0.725048
-3.55143
-1.22077
-2.23505
-0.815957
-1.34209
-2.74369
-2.62834
-1.47104
-1.50772
-1.03002
-3.22205
0
-2.54481
-1.97797
-1.96918
-0.40513
-4.29599
-2.32561
-3.21781
-1.6095
-2.24439
-2.76291
-1.76369
-0.547496
-2.4736
-1.74489
-0.723522
-1.79195
-2.31663
-1.96712
-1.24318
-1.16397
-1.26965
-3.27811
-1.73398
0.412765
-3.30895
-0.13271
-2.54481
0
-2.80248
-0.394701
-3.57425
-1.59812
-1.8925
-2.40315
-1.28175
-1.01068
-2.09563
-2.8381
-0.696458
-1.84119
-2.21762
-3.05051
-2.05387
-1.34733
-2.06566
-2.75817
0.0816776
-1.15916
-1.89076
-0.781061
-2.11473
-4.71878
-0.941635
-1.97797
-2.80248
0
-1.39785
-3.80176
-1.77194
-4.71586
-0.78752
-3.36386
-3.43882
-1.49314
-1.65123
-1.88433
-2.27074
-1.37982
-3.38228
-2.43147
0.00757072
-1.72537
-2.89787
-1.14956
-3.25865
-2.53455
-1.01932
-2.71717
-1.2138
-2.62447
-1.96918
-0.394701
-1.39785
0
-1.47931
-1.18407
-1.73805
-1.61906
-2.5555
-0.906116
-3.55289
-3.27461
-1.52263
-1.79408
-3.54133
-2.29762
-3.49941
-1.87669
-0.974186
-1.22716
-1.10295
-0.946495
-1.6315
0.90056
0.465719
-2.45485
-2.41904
-0.40513
-3.57425
-3.80176
-1.47931
0
-0.904594
-2.91903
-2.40462
-0.40088
-3.37537
-2.33026
-2.04049
-0.621941
-1.28037
-1.65999
-2.62999
-1.16962
-1.2701
-0.580173
-1.57159
-2.25658
-2.56614
-0.796481
-2.0535
-1.97928
-2.57481
-2.34965
-4.29599
-1.59812
-1.77194
-1.18407
-0.904594
0
-1.98662
-0.421372
-1.852
-2.70483
-2.99686
-0.837084
-1.76872
-3.48557
-1.39997
-2.20723
-2.60845
-0.660383
-3.73422
0.0647899
-2.3852
-1.67901
-0.140346
-2.24092
-2.09531
0.487925
-1.00815
-2.32561
-1.8925
-4.71586
-1.73805
-2.91903
-1.98662
0
-2.0506
-1.36564
-3.8435
-3.62163
-1.7308
-0.813657
-2.77988
-3.25251
-2.39927
-2.88806
-1.57019
-0.425011
-1.49425
-1.21478
-1.23802
-1.24899
-0.788407
-0.537668
-2.08601
-0.304246
-3.21781
-2.40315
-0.78752
-1.61906
-2.40462
-0.421372
-2.0506
0
-1.89245
-3.48551
-2.27523
-1.55838
-1.52613
-2.41109
-2.85413
-2.67156
-2.14518
-2.9587
-1.24554
-2.11241
-2.55136
-1.4572
-5.52608
-2.41094
-2.00481
-3.40525
-1.59259
-1.6095
-1.28175
-3.36386
-2.5555
-0.40088
-1.852
-1.36564
-1.89245
0
-0.622903
-2.19115
-2.80585
-2.48105
-1.14197
-3.36843
-0.911549
-2.95774
-2.14809
-2.10467
-3.60294
-2.90192
-1.77796
-3.20393
-1.20637
-3.36094
-2.31765
-1.88826
-2.24439
-1.01068
-3.43882
-0.906116
-3.37537
-2.70483
-3.8435
-3.48551
-0.622903
0
-2.65788
-1.14259
-2.11722
-1.1831
-2.67624
-3.96874
-3.36621
-1.8468
-2.48045
-3.1515
-1.73509
-3.08003
-2.70171
-2.04907
-0.171075
-0.0488576
-1.4236
-2.76291
-2.09563
-1.49314
-3.55289
-2.33026
-2.99686
-3.62163
-2.27523
-2.19115
-2.65788
0
-1.21236
-3.3239
-1.35394
-0.858845
0.06422
-1.84387
-1.42462
-1.51201
-1.97895
-1.68317
-2.37565
-1.84093
-3.16984
-2.45354
-0.959013
-1.22938
-1.76369
-2.8381
-1.65123
-3.27461
-2.04049
-0.837084
-1.7308
-1.55838
-2.80585
-1.14259
-1.21236
0
-3.05698
-1.97941
-1.2645
-2.62663
-1.64062
-0.795991
-4.28289
-2.22145
-3.03753
-1.80778
-1.86223
-3.42152
-1.6647
-2.57825
-1.25226
-0.547496
-0.696458
-1.88433
-1.52263
-0.621941
-1.76872
-0.813657
-1.52613
-2.48105
-2.11722
-3.3239
-3.05698
0
-0.659718
-1.99694
-3.28088
-2.24563
-0.809175
-2.06078
-1.49234
0.836429
-3.86335
-4.28841
-2.51162
-2.21919
-0.252925
-1.68892
-2.4736
-1.84119
-2.27074
-1.79408
-1.28037
-3.48557
-2.77988
-2.41109
-1.14197
-1.1831
-1.35394
-1.97941
-0.659718
0
-1.52665
-3.04249
-0.85482
-2.99194
-2.2857
-1.47424
-3.44165
-1.87966
-2.82481
-3.07878
-1.5119
-2.13108
-1.48162
-1.74489
-2.21762
-1.37982
-3.54133
-1.65999
-1.39997
-3.25251
-2.85413
-3.36843
-2.67624
-0.858845
-1.2645
-1.99694
-1.52665
0
-1.30905
-3.4139
-3.23175
-2.85501
-1.06565
-2.91246
-2.1375
-3.55965
-3.17363
-2.56972
-2.75573
-0.725048
-0.723522
-3.05051
-3.38228
-2.29762
-2.62999
-2.20723
-2.39927
-2.67156
-0.911549
-3.96874
0.06422
-2.62663
-3.28088
-3.04249
-1.30905
0
-2.97442
-1.59178
-2.03061
-0.641515
-1.2082
-1.04974
-0.826399
-2.97449
-4.19974
-3.17861
-3.55143
-1.79195
-2.05387
-2.43147
-3.49941
-1.16962
-2.60845
-2.88806
-2.14518
-2.95774
-3.36621
-1.84387
-1.64062
-2.24563
-0.85482
-3.4139
-2.97442
0
-1.76245
-2.26533
-2.30557
-1.75182
-3.14516
-0.179841
-2.27092
-2.03382
-2.27571
-1.22077
-2.31663
-1.34733
0.00757072
-1.87669
-1.2701
-0.660383
-1.57019
-2.9587
-2.14809
-1.8468
-1.42462
-0.795991
-0.809175
-2.99194
-3.23175
-1.59178
-1.76245
0
