0
-3.77469
-2.364
-1.36987
-2.51055
-2.56843
-0.954695
-1.98972
-2.07977
0.317682
-1.71769
-3.60865
-2.47404
-3.32425
-2.40934
-0.433502
0.0475485
-0.0726208
-1.36919
-3.51164
-1.9834
-2.59601
-1.8312
-2.75044
-3.11509
-2.2085
-0.468092
-3.77469
0
-1.07848
-1.86668
-4.04178
-1.84362
-2.74802
-1.30567
-2.79369
-1.71634
-0.259446
-2.54471
-3.27484
-2.1046
-0.743252
-3.05775
0.0446913
-2.41743
-2.39687
-0.896038
-1.36293
-0.630262
-2.43232
-1.47755
-1.75035
-1.75269
-2.7641
-2.364
-1.07848
0
-1.2945
-3.18045
-1.61289
-2.67722
-2.24934
-1.05753
-1.87046
-2.15455
-2.63881
-1.57821
-2.86985
-2.14384
-2.70449
-2.58865
-2.65078
-0.801288
-1.35419
0.964297
-2.24582
-2.93778
-1.35803
-2.30627
-2.73609
-1.27858
-1.36987
-1.86668
-1.2945
0
-0.68961
-2.03387
-2.81267
-2.1926
-1.69117
-4.24663
-1.53496
-0.931932
-1.90754
-1.96144
-2.1483
-2.43816
-2.09644
-2.81854
-2.57291
-0.968892
-3.30677
-2.13035
-1.12885
-2.56129
-1.88459
-2.74793
-1.95493
-2.51055
-4.04178
-3.18045
-0.68961
0
-4.04219
-2.5182
-3.95452
-2.84277
-1.64254
-2.29115
-3.03549
-2.74356
-1.45689
-1.27602
-2.00634
-2.2524
-0.868728
-2.24809
-1.63215
-1.08947
-2.11123
-2.07374
-2.85848
-2.92281
-2.69286
-1.70997
-2.56843
-1.84362
-1.61289
-2.03387
-4.04219
0
-1.37528
-2.66815
-1.15756
-3.19446
-1.08212
-0.111322
-0.952067
-1.28089
-3.24165
-2.38885
-2.98954
-3.7457
-2.1663
-4.55431
-3.19499
-3.11757
-2.20654
-2.46564
-1.34296
-1.55028
-2.23571
-0.954695
-2.74802
-2.67722
-2.81267
-2.5182
-1.37528
0
-1.27718
-2.81034
-1.79424
-1.68658
-0.274409
-4.36579
-2.98557
-3.55592
-1.84426
-1.53453
-3.13141
-0.448489
-2.84303
-2.09686
-3.5846
-0.780302
-2.2165
-1.80267
-1.78567
-2.91964
-1.98972
-1.30567
-2.24934
-2.1926
-3.95452
-2.66815
-1.27718
0
-2.47058
-0.76517
-2.93638
-0.548036
-2.79459
-1.13275
-2.54825
-2.77634
-1.14
-1.43938
-1.66423
-0.392549
-2.44819
-1.1453
-1.79309
-1.64842
-0.318219
-1.53061
-2.07481
-2.07977
-2.79369
-1.05753
-1.69117
-2.84277
-1.15756
-2.81034
-2.47058
0
-1.4591
-3.00028
-3.48579
-2.78961
-2.05522
-0.284233
-0.165982
-2.06324
-1.86796
-1.56237
0.264402
-3.05032
-2.44134
-1.43899
-2.07841
-3.3224
-1.72615
-2.73851
0.317682
-1.71634
-1.87046
-4.24663
-1.64254
-3.19446
-1.79424
-0.76517
-1.4591
0
-1.83095
-2.58151
-2.83815
-0.331005
-2.25607
-1.23948
-0.453661
-1.87756
-2.05847
-2.02554
-2.36497
-1.47699
-0.921316
-2.05955
-1.76801
-2.20072
-2.40061
-1.71769
-0.259446
-2.15455
-1.53496
-2.29115
-1.08212
-1.68658
-2.93638
-3.00028
-1.83095
0
-1.43593
-0.00846836
-2.3002
-0.052979
-0.939615
-1.28277
-2.18308
-1.47667
-2.21237
-1.3135
-3.42231
-2.81377
-3.15255
-0.62538
-3.68292
-2.12969
-3.60865
-2.54471
-2.63881
-0.931932
-3.03549
-0.111322
-0.274409
-0.548036
-3.48579
-2.58151
-1.43593
0
-1.40508
-0.812494
-2.56329
-2.62242
-1.75528
-2.86639
0.108953
-1.02359
-1.98399
-2.62388
-2.10154
-1.75705
-1.61388
-1.24486
-1.59062
-2.47404
-3.27484
-1.57821
-1.90754
-2.74356
-0.952067
-4.36579
-2.79459
-2.78961
-2.83815
-0.00846836
-1.40508
0
0.0304114
-1.07217
-0.80519
-3.15317
-2.05131
-2.00073
-1.08944
-1.77649
-1.06885
-1.9746
-1.80945
-3.31624
-4.08306
-1.28471
-3.32425
-2.1046
-2.86985
-1.96144
-1.45689
-1.28089
-2.98557
-1.13275
-2.05522
-0.331005
-2.3002
-0.812494
0.0304114
0
-1.23152
-1.12798
-2.64534
-2.21633
-2.2062
-2.10883
-2.59081
-1.89749
-1.2264
-0.312723
-2.88519
-1.24166
-1.3272
-2.40934
-0.743252
-2.14384
-2.1483
-1.27602
-3.24165
-3.55592
-2.54825
-0.284233
-2.25607
-0.052979
-2.56329
-1.07217
-1.23152
0
-2.27242
-1.32747
-1.92142
-1.07614
-0.834785
0.0589345
-2.9044
-3.72899
-1.64413
-2.63119
-2.38987
-3.40606
-0.433502
-3.05775
-2.70449
-2.43816
-2.00634
-2.38885
-1.84426
-2.77634
-0.165982
-1.23948
-0.939615
-2.62242
-0.80519
-1.12798
-2.27242
0
-4.29362
-1.93491
-1.88703
-1.27799
-2.0845
-1.64587
-2.54359
-3.41663
-3.48761
-2.66737
-0.383881
0.0475485
0.0446913
-2.58865
-2.09644
-2.2524
-2.98954
-1.53453
-1.14
-2.06324
-0.453661
-1.28277
-1.75528
-3.15317
-2.64534
-1.32747
-4.29362
0
-3.19497
-2.05599
-0.48985
-1.16552
-1.64384
0.0749435
-4.15078
-2.18645
-0.148196
-1.32412
-0.0726208
-2.41743
-2.65078
-2.81854
-0.868728
-3.7457
-3.13141
-1.43938
-1.86796
-1.87756
-2.18308
-2.86639
-2.05131
-2.21633
-1.92142
-1.93491
-3.19497
0
-2.23226
-4.16066
-2.39326
-2.59583
-1.70686
-4.21519
-2.95939
-1.49351
-0.285137
-1.36919
-2.39687
-0.801288
-2.57291
-2.24809
-2.1663
-0.448489
-1.66423
-1.56237
-2.05847
-1.47667
0.108953
-2.00073
-2.2062
-1.07614
-1.88703
-2.05599
-2.23226
0
-1.74322
-2.6178
-1.25282
-2.49542
-1.65377
-2.38174
-0.373322
-1.68764
-3.51164
-0.896038
-1.35419
-0.968892
-1.63215
-4.55431
-2.84303
-0.392549
0.264402
-2.02554
-2.21237
-1.02359
-1.08944
-2.10883
-0.834785
-1.27799
-0.48985
-4.16066
-1.74322
0
-1.67798
-2.84955
-4.39868
-1.98346
-1.03799
-2.90975
-1.46752
-1.9834
-1.36293
0.964297
-3.30677
-1.08947
-3.19499
-2.09686
-2.44819
-3.05032
-2.36497
-1.3135
-1.98399
-1.77649
-2.59081
0.0589345
-2.0845
-1.16552
-2.39326
-2.6178
-1.67798
0
-3.40881
-1.75566
-3.35946
-3.49163
-2.55778
-0.161534
-2.59601
-0.630262
-2.24582
-2.13035
-2.11123
-3.11757
-3.5846
-1.1453
-2.44134
-1.47699
-3.42231
-2.62388
-1.06885
-1.89749
-2.9044
-1.64587
-1.64384
-2.59583
-1.25282
-2.84955
-3.40881
0
-1.55349
-1.80403
-2.27288
-2.91415
-0.622822
-1.8312
-2.43232
-2.93778
-1.12885
-2.07374
-2.20654
-0.780302
-1.79309
-1.43899
-0.921316
-2.81377
-2.10154
-1.9746
-1.2264
-3.72899
-2.54359
0.0749435
-1.70686
-2.49542
-4.39868
-1.75566
-1.55349
0
-1.66537
-2.44049
-0.512232
0.455376
-2.75044
-1.47755
-1.35803
-2.56129
-2.85848
-2.46564
-2.2165
-1.64842
-2.07841
-2.05955
-3.15255
-1.75705
-1.80945
-0.312723
-1.64413
-3.41663
-4.15078
-4.21519
-1.65377
-1.98346
-3.35946
-1.80403
-1.66537
0
-4.09289
-2.76407
-2.67195
-3.11509
-1.75035
-2.30627
-1.88459
-2.92281
-1.34296
-1.80267
-0.318219
-3.3224
-1.76801
-0.62538
-1.61388
-3.31624
-2.88519
-2.63119
-3.48761
-2.18645
-2.95939
-2.38174
-1.03799
-3.49163
-2.27288
-2.44049
-4.09289
0
-1.37031
-3.06194
-2.2085
-1.75269
-2.73609
-2.74793
-2.69286
-1.55028
-1.78567
-1.53061
-1.72615
-2.20072
-3.68292
-1.24486
-4.08306
-1.24166
-2.38987
-2.66737
-0.148196
-1.49351
-0.373322
-2.90975
-2.55778
-2.91415
-0.512232
-2.76407
-1.37031
0
-1.68645
-0.468092
-2.7641
-1.27858
-1.95493
-1.70997
-2.23571
-2.91964
-2.07481
-2.73851
-2.40061
-2.12969
-1.59062
-1.28471
-1.3272
-3.40606
-0.383881
-1.32412
-0.285137
-1.68764
-1.46752
-0.161534
-0.622822
0.455376
-2.67195
-3.06194
-1.68645
0
