0
-3.09734
-2.33974
-0.899878
-3.81955
-1.21187
-0.696354
-4.5999
-2.45475
-1.89101
-3.62416
-1.05733
-2.20917
-1.56405
-2.37839
-0.722318
-2.79881
-2.91385
-3.31061
-2.06172
-1.08568
-0.714965
-0.91692
-2.34462
-3.84392
-3.10005
-1.45898
-3.09734
0
-1.60023
-3.96056
-1.01109
-2.29896
-3.6015
-0.188026
-3.58658
-0.43763
-2.85351
-1.15773
-3.47075
-2.62126
-2.42574
-2.53871
-3.87158
-1.84761
-1.573
-2.53773
-2.34417
-2.80223
-4.10491
-2.40465
-1.05934
-1.07843
-2.82672
-2.33974
-1.60023
0
-2.05608
-2.09568
0.0875715
-0.991878
-1.36576
-1.686
-1.32361
-0.376557
-2.30565
-2.73633
-1.23111
-1.95355
-0.694817
-1.68158
-1.86769
-3.35388
-2.07239
-2.88441
-3.19455
-0.700249
-4.32254
-1.68596
-1.00325
-1.89548
-0.899878
-3.96056
-2.05608
0
-0.901862
-2.02187
-1.26075
-2.48014
-1.97314
-1.99281
-1.37473
-0.328032
-1.49168
-1.10373
-1.50383
-2.2543
-3.05742
-0.366204
-2.03053
-3.69592
-0.91353
-1.38005
-3.22988
-1.76989
-1.60474
-3.00934
-1.51781
-3.81955
-1.01109
-2.09568
-0.901862
0
-3.47761
-2.25561
-1.52801
-2.7931
-1.45482
-2.17878
-1.5707
-2.12162
-2.27006
-2.10142
-2.0763
-1.86911
-4.00306
-1.70993
-0.720495
-3.40084
-0.525059
-2.21013
-2.93848
-2.45951
-2.65861
-1.8386
-1.21187
-2.29896
0.0875715
-2.02187
-3.47761
0
-2.90923
-1.02002
-1.27372
-0.711711
-1.20573
-3.02549
-2.61165
-2.73396
-1.10163
-1.91225
-1.88677
-2.80846
-1.58043
-2.47244
-1.89521
-0.849444
-0.670461
-2.56817
-1.76553
-2.19078
-0.476991
-0.696354
-3.6015
-0.991878
-1.26075
-2.25561
-2.90923
0
-1.50343
-1.28658
-2.26028
-2.39715
-2.30204
-1.76954
-2.14527
-1.02926
-2.10856
-2.54139
-2.94144
-1.58265
-0.634593
-0.11312
-2.09642
-2.64407
-1.20649
-2.23416
-1.81598
-1.92411
-4.5999
-0.188026
-1.36576
-2.48014
-1.52801
-1.02002
-1.50343
0
-3.61381
-2.92709
-0.329806
-1.95528
-0.822398
-2.48861
-2.69411
-1.13328
-0.713148
-1.26349
-3.07792
-3.13745
-3.14279
-2.31534
-2.39867
-3.39777
-2.4662
-2.67741
-2.15241
-2.45475
-3.58658
-1.686
-1.97314
-2.7931
-1.27372
-1.28658
-3.61381
0
-1.34015
-2.71216
-1.69405
-1.18662
-0.703129
-3.13633
-0.371065
-0.341327
-2.79606
-2.88474
-4.06823
-2.38122
-2.76322
-2.99531
-2.32488
-2.1475
-2.89815
-2.22835
-1.89101
-0.43763
-1.32361
-1.99281
-1.45482
-0.711711
-2.26028
-2.92709
-1.34015
0
-3.23099
-2.72776
-0.468184
-3.01042
-3.38418
-1.25
-1.0181
-2.05983
-4.12657
-0.940324
-2.20194
-2.99037
-1.15147
-2.42668
-2.29148
-2.99716
-1.91925
-3.62416
-2.85351
-0.376557
-1.37473
-2.17878
-1.20573
-2.39715
-0.329806
-2.71216
-3.23099
0
-4.85178
-1.16915
-1.04169
-0.164973
-2.77818
-2.50439
-3.64232
-2.05994
-0.885577
-0.676821
-1.85317
-2.43522
-2.59633
-0.197925
-1.26711
-2.97216
-1.05733
-1.15773
-2.30565
-0.328032
-1.5707
-3.02549
-2.30204
-1.95528
-1.69405
-2.72776
-4.85178
0
-2.24365
-1.38794
-2.89482
-0.880663
-2.83848
-2.26803
-1.75332
-0.463762
-1.34318
-2.03478
-2.73341
-1.86219
-1.49552
-2.75433
-2.11822
-2.20917
-3.47075
-2.73633
-1.49168
-2.12162
-2.61165
-1.76954
-0.822398
-1.18662
-0.468184
-1.16915
-2.24365
0
-2.39384
-1.69047
-1.78784
-1.9646
-1.63642
-0.246254
-3.17736
-0.624777
-2.28032
-3.7529
-0.164043
-2.06829
-1.46432
-0.961843
-1.56405
-2.62126
-1.23111
-1.10373
-2.27006
-2.73396
-2.14527
-2.48861
-0.703129
-3.01042
-1.04169
-1.38794
-2.39384
0
-1.02449
-2.36026
-1.88061
-2.44786
-2.57485
-2.40432
-2.1788
-3.33997
-3.95653
-2.91495
-2.64752
-1.33453
-2.46932
-2.37839
-2.42574
-1.95355
-1.50383
-2.10142
-1.10163
-1.02926
-2.69411
-3.13633
-3.38418
-0.164973
-2.89482
-1.69047
-1.02449
0
-2.0008
-1.21795
-2.60283
-1.83823
-3.05368
-1.66959
-1.57122
-0.823277
-2.16511
-0.387708
-1.86935
-0.211599
-0.722318
-2.53871
-0.694817
-2.2543
-2.0763
-1.91225
-2.10856
-1.13328
-0.371065
-1.25
-2.77818
-0.880663
-1.78784
-2.36026
-2.0008
0
-0.382822
-0.810914
-2.76814
-2.16432
-2.24557
-3.04464
-0.883691
-2.32215
-1.73586
-3.30856
-1.65567
-2.79881
-3.87158
-1.68158
-3.05742
-1.86911
-1.88677
-2.54139
-0.713148
-0.341327
-1.0181
-2.50439
-2.83848
-1.9646
-1.88061
-1.21795
-0.382822
0
-1.64161
-1.76545
-2.64912
-2.23645
-1.3937
-3.84857
-0.862522
-1.31558
-1.82545
-3.13049
-2.91385
-1.84761
-1.86769
-0.366204
-4.00306
-2.80846
-2.94144
-1.26349
-2.79606
-2.05983
-3.64232
-2.26803
-1.63642
-2.44786
-2.60283
-0.810914
-1.64161
0
-2.5062
-2.0013
-1.11896
-1.82717
-2.37241
-1.94521
-1.41469
-2.29953
-2.03367
-3.31061
-1.573
-3.35388
-2.03053
-1.70993
-1.58043
-1.58265
-3.07792
-2.88474
-4.12657
-2.05994
-1.75332
-0.246254
-2.57485
-1.83823
-2.76814
-1.76545
-2.5062
0
-2.42908
-0.623582
-4.14374
-1.983
-1.52522
-2.02426
-2.07942
-2.68426
-2.06172
-2.53773
-2.07239
-3.69592
-0.720495
-2.47244
-0.634593
-3.13745
-4.06823
-0.940324
-0.885577
-0.463762
-3.17736
-2.40432
-3.05368
-2.16432
-2.64912
-2.0013
-2.42908
0
-1.19267
-2.50569
-0.546771
-2.87015
-0.957489
-2.44388
-0.436192
-1.08568
-2.34417
-2.88441
-0.91353
-3.40084
-1.89521
-0.11312
-3.14279
-2.38122
-2.20194
-0.676821
-1.34318
-0.624777
-2.1788
-1.66959
-2.24557
-2.23645
-1.11896
-0.623582
-1.19267
0
-0.58728
-0.514802
-0.418362
-0.446421
-1.25743
-2.53856
-0.714965
-2.80223
-3.19455
-1.38005
-0.525059
-0.849444
-2.09642
-2.31534
-2.76322
-2.99037
-1.85317
-2.03478
-2.28032
-3.33997
-1.57122
-3.04464
-1.3937
-1.82717
-4.14374
-2.50569
-0.58728
0
-0.72079
-4.7907
-2.07474
-3.55157
-1.85507
-0.91692
-4.10491
-0.700249
-3.22988
-2.21013
-0.670461
-2.64407
-2.39867
-2.99531
-1.15147
-2.43522
-2.73341
-3.7529
-3.95653
-0.823277
-0.883691
-3.84857
-2.37241
-1.983
-0.546771
-0.514802
-0.72079
0
-1.96782
-2.81155
-1.74059
-1.95002
-2.34462
-2.40465
-4.32254
-1.76989
-2.93848
-2.56817
-1.20649
-3.39777
-2.32488
-2.42668
-2.59633
-1.86219
-0.164043
-2.91495
-2.16511
-2.32215
-0.862522
-1.94521
-1.52522
-2.87015
-0.418362
-4.7907
-1.96782
0
-2.20681
-1.67428
-1.88189
-3.84392
-1.05934
-1.68596
-1.60474
-2.45951
-1.76553
-2.23416
-2.4662
-2.1475
-2.29148
-0.197925
-1.49552
-2.06829
-2.64752
-0.387708
-1.73586
-1.31558
-1.41469
-2.02426
-0.957489
-0.446421
-2.07474
-2.81155
-2.20681
0
-3.08601
-3.36687
-3.10005
-1.07843
-1.00325
-3.00934
-2.65861
-2.19078
-1.81598
-2.67741
-2.89815
-2.99716
-1.26711
-2.75433
-1.46432
-1.33453
-1.86935
-3.30856
-1.82545
-2.29953
-2.07942
-2.44388
-1.25743
-3.55157
-1.74059
-1.67428
-3.08601
0
-2.4438
-1.45898
-2.82672
-1.89548
-1.51781
-1.8386
-0.476991
-1.92411
-2.15241
-2.22835
-1.91925
-2.97216
-2.11822
-0.961843
-2.46932
-0.211599
-1.65567
-3.13049
-2.03367
-2.68426
-0.436192
-2.53856
-1.85507
-1.95002
-1.88189
-3.36687
-2.4438
0
