0
-0.426828
-2.03396
-2.9109
-1.13435
-1.0639
-1.82251
-2.7579
-0.911994
-3.09153
-1.22513
-3.22435
-0.819786
-1.49975
-0.944404
-0.747198
-2.97268
-3.73576
-1.72362
-0.829142
-1.01792
-2.05536
-1.45211
-1.18256
-2.27006
-0.0105166
-4.42454
-0.426828
0
-0.569156
-2.17259
-2.06419
-2.21015
-0.682774
-0.570573
-2.49793
-2.19426
-3.14316
-3.22944
-0.758957
-0.0452073
-1.13989
-1.97859
-2.11615
-1.6408
-2.27923
-3.2974
-1.74738
-2.87159
-1.4482
-4.15931
-1.78605
-1.45118
-2.60552
-2.03396
-0.569156
0
-2.67026
-3.43265
-3.55237
-3.19106
-1.9534
0.0494211
-3.27017
-0.502193
-2.75284
-0.0626058
0.152557
-3.31656
-1.28588
-2.82569
-0.852037
-1.62202
-2.79562
-1.64028
-2.99692
-1.94205
-2.80944
-1.85603
-1.69476
-0.948728
-2.9109
-2.17259
-2.67026
0
-3.25717
-2.18314
-1.65061
-2.32801
-1.76926
-1.65684
-2.67293
-3.90778
-1.43317
-3.10714
-2.21674
-2.78731
-2.4601
-1.44964
-1.97544
-1.64866
-2.51515
-2.5648
-2.14775
-1.23663
-1.09797
-0.469952
-1.57386
-1.13435
-2.06419
-3.43265
-3.25717
0
-2.37795
-1.68283
-2.28522
-2.6022
-2.652
-3.43034
-1.81022
-0.992685
-0.931225
-1.78171
-1.50467
-0.908915
-1.54291
-2.20835
-1.86839
-3.08095
-1.36185
-2.53767
-2.38594
-0.468691
-1.23787
-0.856794
-1.0639
-2.21015
-3.55237
-2.18314
-2.37795
0
-1.78225
-3.13133
-2.42156
-0.62906
-1.73073
-1.18369
-2.62743
-0.715325
-0.667269
-1.91584
-4.03872
-1.94813
-1.37434
-1.6401
-1.96871
-3.87615
-1.92609
-1.01659
-3.16433
-2.79364
-1.92451
-1.82251
-0.682774
-3.19106
-1.65061
-1.68283
-1.78225
0
-1.38996
-2.53162
-2.53314
-2.60285
-1.01552
-0.198032
-2.31804
-3.0872
-2.17359
-1.57382
-0.775393
-0.915445
-4.27713
-1.92928
-1.13593
-2.09314
-1.06239
-1.06004
-1.91905
-2.23406
-2.7579
-0.570573
-1.9534
-2.32801
-2.28522
-3.13133
-1.38996
0
-0.391486
-2.56225
-2.25537
-1.43685
-3.15992
-0.909818
-2.49558
-1.42519
-2.00374
-2.14516
-1.65446
-1.71955
-0.967398
-2.35763
-1.75655
-2.75658
-1.9324
-2.80216
-2.4156
-0.911994
-2.49793
0.0494211
-1.76926
-2.6022
-2.42156
-2.53162
-0.391486
0
-3.02328
-2.14594
-2.03855
-4.15536
-3.12231
-2.67481
-2.20981
-1.13044
-3.09638
-3.0284
-1.78518
-0.387145
-3.30408
-1.94273
0.0488259
-3.28275
-2.51254
-1.28322
-3.09153
-2.19426
-3.27017
-1.65684
-2.652
-0.62906
-2.53314
-2.56225
-3.02328
0
-2.34548
-2.4614
-0.898715
-2.68081
-2.13494
-1.66377
-3.08624
-3.49122
-1.17156
-2.36173
-0.921538
-3.52309
-1.66701
-3.21092
0.215255
-0.840579
-0.793302
-1.22513
-3.14316
-0.502193
-2.67293
-3.43034
-1.73073
-2.60285
-2.25537
-2.14594
-2.34548
0
-0.198242
-3.39495
-1.81878
0.190783
-0.028902
-1.39606
-1.65527
-2.35037
-1.34006
-2.55809
-2.13757
-2.60663
-0.489006
-1.80085
-3.9069
0.767168
-3.22435
-3.22944
-2.75284
-3.90778
-1.81022
-1.18369
-1.01552
-1.43685
-2.03855
-2.4614
-0.198242
0
-0.5759
-1.38985
-1.19045
-2.01971
-1.17931
-2.1549
-1.05684
-1.87973
-2.16715
0.0946184
-0.852069
-2.001
-1.45457
-1.78366
-0.962335
-0.819786
-0.758957
-0.0626058
-1.43317
-0.992685
-2.62743
-0.198032
-3.15992
-4.15536
-0.898715
-3.39495
-0.5759
0
-1.88045
-2.82371
-0.843818
-0.0731707
-1.59164
-2.75254
-2.31715
-1.57686
-2.96544
-2.87613
-0.81125
-2.9371
-0.453051
-0.600056
-1.49975
-0.0452073
0.152557
-3.10714
-0.931225
-0.715325
-2.31804
-0.909818
-3.12231
-2.68081
-1.81878
-1.38985
-1.88045
0
-1.43996
-1.07305
-0.0311684
-2.07461
-2.43628
-1.20961
-2.47084
-2.90375
-2.71376
-1.72914
-1.51873
-3.19335
-2.35051
-0.944404
-1.13989
-3.31656
-2.21674
-1.78171
-0.667269
-3.0872
-2.49558
-2.67481
-2.13494
0.190783
-1.19045
-2.82371
-1.43996
0
-0.951652
-2.15154
-1.41445
-2.31003
-2.88588
-1.58472
-0.289675
-0.86411
-0.0431543
-1.67373
-0.444526
-2.69724
-0.747198
-1.97859
-1.28588
-2.78731
-1.50467
-1.91584
-2.17359
-1.42519
-2.20981
-1.66377
-0.028902
-2.01971
-0.843818
-1.07305
-0.951652
0
-2.83838
-1.10959
-2.58561
-1.95045
-2.00313
-2.89161
-1.95891
-2.82014
-1.11799
-1.26726
-1.96944
-2.97268
-2.11615
-2.82569
-2.4601
-0.908915
-4.03872
-1.57382
-2.00374
-1.13044
-3.08624
-1.39606
-1.17931
-0.0731707
-0.0311684
-2.15154
-2.83838
0
-1.93418
-0.984611
-1.60204
-2.44044
-1.91698
-2.46344
-0.650393
-2.58715
-2.91328
-1.12733
-3.73576
-1.6408
-0.852037
-1.44964
-1.54291
-1.94813
-0.775393
-2.14516
-3.09638
-3.49122
-1.65527
-2.1549
-1.59164
-2.07461
-1.41445
-1.10959
-1.93418
0
-0.781636
-1.25574
-2.10356
-3.44887
-1.03977
-3.71845
-2.30311
-1.32756
-4.31777
-1.72362
-2.27923
-1.62202
-1.97544
-2.20835
-1.37434
-0.915445
-1.65446
-3.0284
-1.17156
-2.35037
-1.05684
-2.75254
-2.43628
-2.31003
-2.58561
-0.984611
-0.781636
0
-2.19787
-1.39216
-2.13832
-2.63264
-2.00626
-1.63925
-2.52001
-3.96873
-0.829142
-3.2974
-2.79562
-1.64866
-1.86839
-1.6401
-4.27713
-1.71955
-1.78518
-2.36173
-1.34006
-1.87973
-2.31715
-1.20961
-2.88588
-1.95045
-1.60204
-1.25574
-2.19787
0
-4.40906
-2.62107
-2.28972
-0.0265672
-3.61908
-2.06767
-2.50258
-1.01792
-1.74738
-1.64028
-2.51515
-3.08095
-1.96871
-1.92928
-0.967398
-0.387145
-0.921538
-2.55809
-2.16715
-1.57686
-2.47084
-1.58472
-2.00313
-2.44044
-2.10356
-1.39216
-4.40906
0
-1.40889
-2.13558
-0.642544
-3.03264
-2.31842
-1.677
-2.05536
-2.87159
-2.99692
-2.5648
-1.36185
-3.87615
-1.13593
-2.35763
-3.30408
-3.52309
-2.13757
0.0946184
-2.96544
-2.90375
-0.289675
-2.89161
-1.91698
-3.44887
-2.13832
-2.62107
-1.40889
0
-3.8111
-2.97185
0.0477436
-2.66576
-1.69116
-1.45211
-1.4482
-1.94205
-2.14775
-2.53767
-1.92609
-2.09314
-1.75655
-1.94273
-1.66701
-2.60663
-0.852069
-2.87613
-2.71376
-0.86411
-1.95891
-2.46344
-1.03977
-2.63264
-2.28972
-2.13558
-3.8111
0
-3.07573
-1.43755
-0.459429
-2.25577
-1.18256
-4.15931
-2.80944
-1.23663
-2.38594
-1.01659
-1.06239
-2.75658
0.0488259
-3.21092
-0.489006
-2.001
-0.81125
-1.72914
-0.0431543
-2.82014
-0.650393
-3.71845
-2.00626
-0.0265672
-0.642544
-2.97185
-3.07573
0
-2.91932
-2.7147
-1.37638
-2.27006
-1.78605
-1.85603
-1.09797
-0.468691
-3.16433
-1.06004
-1.9324
-3.28275
0.215255
-1.80085
-1.45457
-2.9371
-1.51873
-1.67373
-1.11799
-2.58715
-2.30311
-1.63925
-3.61908
-3.03264
0.0477436
-1.43755
-2.91932
0
-1.86525
-2.37281
-0.0105166
-1.45118
-1.69476
-0.469952
-1.23787
-2.79364
-1.91905
-2.80216
-2.51254
-0.840579
-3.9069
-1.78366
-0.453051
-3.19335
-0.444526
-1.26726
-2.91328
-1.32756
-2.52001
-2.06767
-2.31842
-2.66576
-0.459429
-2.7147
-1.86525
0
-0.875808
-4.42454
-2.60552
-0.948728
-1.57386
-0.856794
-1.92451
-2.23406
-2.4156
-1.28322
-0.793302
0.767168
-0.962335
-0.600056
-2.35051
-2.69724
-1.96944
-1.12733
-4.31777
-3.96873
-2.50258
-1.677
-1.69116
-2.25577
-1.37638
-2.37281
-0.875808
0
