0
-1.65832
-1.53269
-2.76378
-2.47387
-1.0654
-1.94152
-1.99645
-3.76452
-0.813323
-1.49601
-3.53171
-1.94058
-3.96287
-2.25265
-3.24693
-1.9835
-1.59401
-0.698023
-1.27399
-1.74162
-1.09945
-3.64234
-3.16122
-1.73517
-2.52862
-1.71197
-1.65832
0
-2.08014
-1.7982
-2.50552
-1.759
-0.97133
-3.26993
-0.513685
-1.71996
-4.36535
-1.23112
-1.86683
-2.01683
-3.9872
-2.8557
-2.47258
0.119546
-1.80992
-2.29432
-1.59694
-0.752822
-3.42167
-1.44347
-1.99681
-1.42969
-0.557921
-1.53269
-2.08014
0
-1.83754
-3.27959
-2.78418
-0.883777
-2.81672
-1.85827
-2.55497
-1.20062
-2.57178
-2.73999
-2.47811
-2.13444
-2.0315
-1.98352
-1.69502
-3.61111
0.556286
-2.26665
-1.19823
-1.50522
0.271846
-2.54163
-1.98338
-2.92545
-2.76378
-1.7982
-1.83754
0
-0.733211
-1.77839
-3.7777
-1.33426
-3.39658
-1.77462
-1.94181
-3.24034
-0.789039
-2.74404
-1.90294
-1.41765
-3.27475
-2.27355
-0.523247
-1.54935
-1.60448
-1.84891
-3.55607
-2.14829
-0.911042
-1.39944
-2.16161
-2.47387
-2.50552
-3.27959
-0.733211
0
-1.33371
-1.86004
-0.845031
-2.61773
-1.66714
-2.52684
-3.37178
-2.06275
-2.18574
-2.94428
-2.99761
-3.35929
-3.06846
-1.15974
-4.02164
-2.07236
-3.5915
-1.18857
-2.37686
-1.89817
-3.05119
0.715023
-1.0654
-1.759
-2.78418
-1.77839
-1.33371
0
-2.71491
-1.12316
-3.61703
-2.38492
-3.69833
-2.78222
-3.07792
-2.53872
-0.880729
-0.948133
-0.869
-2.6347
0.529972
-2.28546
-2.13712
-1.54241
-1.9594
-3.31661
-2.52759
-0.861351
-2.08747
-1.94152
-0.97133
-0.883777
-3.7777
-1.86004
-2.71491
0
-0.958098
-0.965936
-1.19808
-0.808314
-1.67677
-1.75135
-1.93938
-2.47175
-1.53455
-3.76894
-1.20241
0.488194
-1.35748
-2.76176
-3.63897
-2.31083
-2.60732
-1.78825
-0.70812
-0.778957
-1.99645
-3.26993
-2.81672
-1.33426
-0.845031
-1.12316
-0.958098
0
-3.38477
-1.26956
-2.73913
-2.89389
-3.79477
0.164902
-2.76539
-1.41394
-1.44058
-2.59031
-1.87075
-1.53922
-1.60352
-2.57699
-1.51341
-1.61423
0.171754
-2.02934
-0.681813
-3.76452
-0.513685
-1.85827
-3.39658
-2.61773
-3.61703
-0.965936
-3.38477
0
-3.45451
-2.04779
-2.51191
-0.906989
-1.08669
-0.594693
-1.11386
-1.16782
-1.50134
-2.95704
-2.67728
-0.573236
-1.84011
-1.55366
-1.34947
-2.50991
-2.96329
-0.765057
-0.813323
-1.71996
-2.55497
-1.77462
-1.66714
-2.38492
-1.19808
-1.26956
-3.45451
0
-2.55894
-1.44909
-1.77513
-3.86987
0.0926351
-1.805
1.18108
-1.73015
-2.94486
-2.54085
-1.05325
-2.60129
-2.46106
-1.03215
-3.40702
-2.89681
-3.84019
-1.49601
-4.36535
-1.20062
-1.94181
-2.52684
-3.69833
-0.808314
-2.73913
-2.04779
-2.55894
0
-1.02159
-1.39462
-1.72628
-2.06374
-3.41998
-1.25211
-2.58219
-2.14093
-2.48809
-1.72176
-3.95789
0.0679602
-2.26042
-1.9647
-3.82218
-2.68344
-3.53171
-1.23112
-2.57178
-3.24034
-3.37178
-2.78222
-1.67677
-2.89389
-2.51191
-1.44909
-1.02159
0
-1.97895
-2.89337
-0.592059
-2.32951
-2.62016
-2.51499
-2.92416
-1.01788
-1.6915
-1.36441
-3.10148
-0.895463
-1.0862
-1.84357
-2.26821
-1.94058
-1.86683
-2.73999
-0.789039
-2.06275
-3.07792
-1.75135
-3.79477
-0.906989
-1.77513
-1.39462
-1.97895
0
-0.315316
-2.57472
-2.23775
-1.4888
-1.65333
-1.6346
-1.28177
-2.62709
-2.1607
-1.15279
-0.794765
-2.53866
-4.89424
-2.85926
-3.96287
-2.01683
-2.47811
-2.74404
-2.18574
-2.53872
-1.93938
0.164902
-1.08669
-3.86987
-1.72628
-2.89337
-0.315316
0
-1.68062
-3.25782
-2.24342
-4.3106
-1.3249
-2.72719
-1.14928
-1.21009
-0.265323
-1.75716
-2.32806
-2.13741
-0.0898687
-2.25265
-3.9872
-2.13444
-1.90294
-2.94428
-0.880729
-2.47175
-2.76539
-0.594693
0.0926351
-2.06374
-0.592059
-2.57472
-1.68062
0
0.515767
-1.66918
-3.29275
-0.86898
-2.89737
-2.66891
-2.80653
-0.350537
-2.64116
-3.07089
-3.10253
-2.14815
-3.24693
-2.8557
-2.0315
-1.41765
-2.99761
-0.948133
-1.53455
-1.41394
-1.11386
-1.805
-3.41998
-2.32951
-2.23775
-3.25782
0.515767
0
-1.51635
-0.563272
-2.72635
-2.33877
-2.10062
-1.97721
-2.25489
-1.42779
-1.69439
-2.36704
-1.56907
-1.9835
-2.47258
-1.98352
-3.27475
-3.35929
-0.869
-3.76894
-1.44058
-1.16782
1.18108
-1.25211
-2.62016
-1.4888
-2.24342
-1.66918
-1.51635
0
-3.10503
-5.12374
-2.08386
-2.03993
-3.27694
-1.3056
-2.91916
-4.38486
-1.2935
-1.51702
-1.59401
0.119546
-1.69502
-2.27355
-3.06846
-2.6347
-1.20241
-2.59031
-1.50134
-1.73015
-2.58219
-2.51499
-1.65333
-4.3106
-3.29275
-0.563272
-3.10503
0
-2.21122
-2.61347
-2.10407
-1.47416
-2.03826
-1.67091
-1.98764
-2.75155
-2.74382
-0.698023
-1.80992
-3.61111
-0.523247
-1.15974
0.529972
0.488194
-1.87075
-2.95704
-2.94486
-2.14093
-2.92416
-1.6346
-1.3249
-0.86898
-2.72635
-5.12374
-2.21122
0
0.0619839
-1.41628
-3.49064
-2.40455
-3.0427
-3.04314
-0.111705
-1.69088
-1.27399
-2.29432
0.556286
-1.54935
-4.02164
-2.28546
-1.35748
-1.53922
-2.67728
-2.54085
-2.48809
-1.01788
-1.28177
-2.72719
-2.89737
-2.33877
-2.08386
-2.61347
0.0619839
0
-3.68393
-2.62532
-2.932
-2.44016
-2.63083
-3.69776
-2.47701
-1.74162
-1.59694
-2.26665
-1.60448
-2.07236
-2.13712
-2.76176
-1.60352
-0.573236
-1.05325
-1.72176
-1.6915
-2.62709
-1.14928
-2.66891
-2.10062
-2.03993
-2.10407
-1.41628
-3.68393
0
-3.3758
-1.67098
-2.16781
-1.33267
-0.838276
-0.856523
-1.09945
-0.752822
-1.19823
-1.84891
-3.5915
-1.54241
-3.63897
-2.57699
-1.84011
-2.60129
-3.95789
-1.36441
-2.1607
-1.21009
-2.80653
-1.97721
-3.27694
-1.47416
-3.49064
-2.62532
-3.3758
0
-2.00087
-2.25291
-2.07759
-1.23866
-0.893773
-3.64234
-3.42167
-1.50522
-3.55607
-1.18857
-1.9594
-2.31083
-1.51341
-1.55366
-2.46106
0.0679602
-3.10148
-1.15279
-0.265323
-0.350537
-2.25489
-1.3056
-2.03826
-2.40455
-2.932
-1.67098
-2.00087
0
-2.72493
-2.08781
-1.8425
-3.32208
-3.16122
-1.44347
0.271846
-2.14829
-2.37686
-3.31661
-2.60732
-1.61423
-1.34947
-1.03215
-2.26042
-0.895463
-0.794765
-1.75716
-2.64116
-1.42779
-2.91916
-1.67091
-3.0427
-2.44016
-2.16781
-2.25291
-2.72493
0
-2.30002
-2.64896
-1.79382
-1.73517
-1.99681
-2.54163
-0.911042
-1.89817
-2.52759
-1.78825
0.171754
-2.50991
-3.40702
-1.9647
-1.0862
-2.53866
-2.32806
-3.07089
-1.69439
-4.38486
-1.98764
-3.04314
-2.63083
-1.33267
-2.07759
-2.08781
-2.30002
0
-2.48371
-2.18683
-2.52862
-1.42969
-1.98338
-1.39944
-3.05119
-0.861351
-0.70812
-2.02934
-2.96329
-2.89681
-3.82218
-1.84357
-4.89424
-2.13741
-3.10253
-2.36704
-1.2935
-2.75155
-0.111705
-3.69776
-0.838276
-1.23866
-1.8425
-2.64896
-2.48371
0
-1.67131
-1.71197
-0.557921
-2.92545
-2.16161
0.715023
-2.08747
-0.778957
-0.681813
-0.765057
-3.84019
-2.68344
-2.26821
-2.85926
-0.0898687
-2.14815
-1.56907
-1.51702
-2.74382
-1.69088
-2.47701
-0.856523
-0.893773
-3.32208
-1.79382
-2.18683
-1.67131
0
