0
-0.548914
-2.68684
-2.95711
-0.658914
-1.62256
-3.37185
-1.27394
-2.59702
-3.6043
-2.85531
-2.22542
-4.04365
-3.06927
-3.05804
-1.64229
-2.4931
-2.49298
-2.14898
-1.80793
-2.10046
-0.652949
-1.33318
-1.4561
-0.771048
-1.62143
-2.51099
-0.548914
0
0.572533
-1.745
-0.0954457
-1.98622
-2.36412
-1.44582
-1.88199
-0.682359
-1.36137
-2.15647
-3.33962
-2.78394
-3.21576
-3.16358
-1.66042
-3.71458
-3.6397
-2.31052
-0.619489
-1.97297
-3.24802
-3.49394
-2.20028
-1.16566
-1.40166
-2.68684
0.572533
0
-0.461245
-1.25511
-2.28382
-1.9441
-1.73006
-2.18811
-3.76703
-2.96353
-3.58863
-2.40155
-4.1701
-1.76042
-3.4978
-0.995474
-2.83612
-0.329873
-3.96516
-2.94188
-2.61342
-2.89643
-1.42481
-2.5202
-1.41472
-1.04131
-2.95711
-1.745
-0.461245
0
-1.01267
-1.38746
-2.74854
-1.30479
-1.09008
-2.36034
-2.25752
-1.55572
-1.58287
-2.42796
-2.67142
-2.04599
-3.1077
-2.20433
0.0920551
-2.00979
-1.13927
-1.497
-2.86579
-2.31921
-2.47755
-3.2852
-1.63167
-0.658914
-0.0954457
-1.25511
-1.01267
0
-1.70435
-2.92946
-1.17498
-3.39879
-1.34311
-1.42386
-0.483679
-1.02302
-4.01145
-1.94684
-0.773482
-2.75
-1.8339
-0.634468
-1.49029
-3.67396
-2.9576
-1.33744
-2.00658
-3.01191
-3.93218
-2.88775
-1.62256
-1.98622
-2.28382
-1.38746
-1.70435
0
-4.12406
-1.48068
-1.50518
-2.01782
-1.32751
-2.14576
-1.18045
-1.60904
-2.50227
-1.18246
-1.83886
-2.11607
-2.57115
-1.23345
-1.71497
-4.70413
-1.28131
-1.97035
-2.54305
-2.23895
-1.32334
-3.37185
-2.36412
-1.9441
-2.74854
-2.92946
-4.12406
0
-4.81816
-3.16402
-2.64046
-2.82324
-1.0212
-1.18168
-1.47447
-1.06388
-1.55687
-4.31854
-2.35075
-1.81769
-2.19909
-1.00184
-3.38997
0.0922463
-3.54275
-1.56238
-2.68248
-1.57505
-1.27394
-1.44582
-1.73006
-1.30479
-1.17498
-1.48068
-4.81816
0
-2.3055
-2.74121
-0.27867
-2.87996
-2.30902
-2.43576
-1.03313
-0.759771
-2.05527
-0.379784
-3.12345
-0.890539
-2.3094
0.399277
-0.423676
-1.37137
-0.38673
-0.902405
-3.59802
-2.59702
-1.88199
-2.18811
-1.09008
-3.39879
-1.50518
-3.16402
-2.3055
0
-1.73916
-3.03737
-2.76236
-2.07506
-1.59955
-1.66774
-2.62679
-2.15096
-2.85391
-0.52567
-3.02685
-1.51415
-4.84858
-1.35134
-0.75769
-0.934666
-2.11789
-1.83709
-3.6043
-0.682359
-3.76703
-2.36034
-1.34311
-2.01782
-2.64046
-2.74121
-1.73916
0
-3.05893
-1.46239
-3.94739
-2.13635
-3.15878
-1.7373
-1.04764
-0.76868
-2.19334
-2.54763
-1.42528
-2.14542
-4.02875
-2.67992
-3.45278
-0.986892
-1.11734
-2.85531
-1.36137
-2.96353
-2.25752
-1.42386
-1.32751
-2.82324
-0.27867
-3.03737
-3.05893
0
-2.25361
-2.48222
-1.95846
-2.76305
-1.6744
-2.10633
-0.35184
-2.15142
0.00772238
-0.826274
-1.41128
-0.625006
-2.02095
-1.8886
-2.33924
-1.25714
-2.22542
-2.15647
-3.58863
-1.55572
-0.483679
-2.14576
-1.0212
-2.87996
-2.76236
-1.46239
-2.25361
0
-1.18367
-0.794043
-0.858816
-2.36298
-2.28561
-2.6227
-4.52357
-2.05241
-1.72196
-1.90264
-2.6878
-1.68683
-1.71683
-1.78334
-2.16189
-4.04365
-3.33962
-2.40155
-1.58287
-1.02302
-1.18045
-1.18168
-2.30902
-2.07506
-3.94739
-2.48222
-1.18367
0
-0.288587
-1.55958
-1.75271
-0.135302
-2.63228
-2.67364
-2.41968
-1.87948
-1.20132
-2.35552
-2.62891
-0.973428
-2.59835
-2.30668
-3.06927
-2.78394
-4.1701
-2.42796
-4.01145
-1.60904
-1.47447
-2.43576
-1.59955
-2.13635
-1.95846
-0.794043
-0.288587
0
-2.03088
-1.98718
-1.8536
-2.41195
-3.63636
-1.72344
-1.98088
-0.643619
-1.52076
-2.4206
-0.684029
-2.31963
-3.29183
-3.05804
-3.21576
-1.76042
-2.67142
-1.94684
-2.50227
-1.06388
-1.03313
-1.66774
-3.15878
-2.76305
-0.858816
-1.55958
-2.03088
0
-2.75439
-0.0214266
-1.04138
-2.26925
-2.54686
-2.33214
-3.04524
-0.795267
-2.39548
-1.54965
-0.9487
-3.15025
-1.64229
-3.16358
-3.4978
-2.04599
-0.773482
-1.18246
-1.55687
-0.759771
-2.62679
-1.7373
-1.6744
-2.36298
-1.75271
-1.98718
-2.75439
0
-0.485038
-1.61884
-3.21869
-0.812088
-1.51794
-3.00769
-2.13083
-3.33221
-1.49134
-0.518909
0.581132
-2.4931
-1.66042
-0.995474
-3.1077
-2.75
-1.83886
-4.31854
-2.05527
-2.15096
-1.04764
-2.10633
-2.28561
-0.135302
-1.8536
-0.0214266
-0.485038
0
-4.39196
-1.36336
-3.27476
-1.40817
-2.18057
-2.83083
-1.96524
-2.13789
-1.98716
-1.39532
-2.49298
-3.71458
-2.83612
-2.20433
-1.8339
-2.11607
-2.35075
-0.379784
-2.85391
-0.76868
-0.35184
-2.6227
-2.63228
-2.41195
-1.04138
-1.61884
-4.39196
0
-2.798
-1.22296
-2.41477
-1.48999
-1.92881
-1.38812
-2.24972
-2.48628
-1.77536
-2.14898
-3.6397
-0.329873
0.0920551
-0.634468
-2.57115
-1.81769
-3.12345
-0.52567
-2.19334
-2.15142
-4.52357
-2.67364
-3.63636
-2.26925
-3.21869
-1.36336
-2.798
0
-3.26428
-0.712078
-1.36101
-3.11353
-2.19523
-0.397339
-2.99331
-1.24852
-1.80793
-2.31052
-3.96516
-2.00979
-1.49029
-1.23345
-2.19909
-0.890539
-3.02685
-2.54763
0.00772238
-2.05241
-2.41968
-1.72344
-2.54686
-0.812088
-3.27476
-1.22296
-3.26428
0
-1.40715
-2.82475
-1.1765
-0.758507
-2.45103
-1.97245
-2.23372
-2.10046
-0.619489
-2.94188
-1.13927
-3.67396
-1.71497
-1.00184
-2.3094
-1.51415
-1.42528
-0.826274
-1.72196
-1.87948
-1.98088
-2.33214
-1.51794
-1.40817
-2.41477
-0.712078
-1.40715
0
-1.03722
-3.41355
-2.11563
-3.66366
-1.0003
-2.46972
-0.652949
-1.97297
-2.61342
-1.497
-2.9576
-4.70413
-3.38997
0.399277
-4.84858
-2.14542
-1.41128
-1.90264
-1.20132
-0.643619
-3.04524
-3.00769
-2.18057
-1.48999
-1.36101
-2.82475
-1.03722
0
-3.12755
-3.90377
-3.31935
-2.57451
-2.46467
-1.33318
-3.24802
-2.89643
-2.86579
-1.33744
-1.28131
0.0922463
-0.423676
-1.35134
-4.02875
-0.625006
-2.6878
-2.35552
-1.52076
-0.795267
-2.13083
-2.83083
-1.92881
-3.11353
-1.1765
-3.41355
-3.12755
0
-2.28663
-1.23387
-2.80211
-2.91197
-1.4561
-3.49394
-1.42481
-2.31921
-2.00658
-1.97035
-3.54275
-1.37137
-0.75769
-2.67992
-2.02095
-1.68683
-2.62891
-2.4206
-2.39548
-3.33221
-1.96524
-1.38812
-2.19523
-0.758507
-2.11563
-3.90377
-2.28663
0
-1.92815
-2.46271
-1.18137
-0.771048
-2.20028
-2.5202
-2.47755
-3.01191
-2.54305
-1.56238
-0.38673
-0.934666
-3.45278
-1.8886
-1.71683
-0.973428
-0.684029
-1.54965
-1.49134
-2.13789
-2.24972
-0.397339
-2.45103
-3.66366
-3.31935
-1.23387
-1.92815
0
-2.24324
-1.88423
-1.62143
-1.16566
-1.41472
-3.2852
-3.93218
-2.23895
-2.68248
-0.902405
-2.11789
-0.986892
-2.33924
-1.78334
-2.59835
-2.31963
-0.9487
-0.518909
-1.98716
-2.48628
-2.99331
-1.97245
-1.0003
-2.57451
-2.80211
-2.46271
-2.24324
0
-1.38274
-2.51099
-1.40166
-1.04131
-1.63167
-2.88775
-1.32334
-1.57505
-3.59802
-1.83709
-1.11734
-1.25714
-2.16189
-2.30668
-3.29183
-3.15025
0.581132
-1.39532
-1.77536
-1.24852
-2.23372
-2.46972
-2.46467
-2.91197
-1.18137
-1.88423
-1.38274
0
