0
-2.01523
-1.63833
-2.86331
-0.753449
-3.95098
-2.53413
-0.46426
-2.71583
-1.2447
-1.26639
-3.56669
-2.58016
-0.62018
-2.20121
-2.20449
-1.60583
-0.924391
-0.689613
-2.23969
-1.82192
-1.537
-1.13586
-3.49212
0.175646
-2.01113
-2.77882
-2.01523
0
-2.71346
-1.78079
-0.795634
-2.4664
0.0399799
-0.359076
-0.946
-0.0978125
-2.11609
-2.5035
-2.53557
-2.89967
-1.18302
-2.60566
-2.71361
-3.4022
-1.36146
-0.779769
-2.79324
-2.38634
-2.49195
-1.92281
-2.25519
-1.831
-2.99005
-1.63833
-2.71346
0
-1.28305
-2.26824
-0.383419
-1.04762
-1.30167
-2.5039
-0.190882
-0.944994
-4.18969
-2.27786
-3.75994
-3.3432
-1.69958
-2.74251
-1.20545
-2.08925
-2.08237
-1.41298
-2.9477
-1.38679
-1.26882
-3.88175
-2.12472
-1.3703
-2.86331
-1.78079
-1.28305
0
-2.8966
-1.93367
-1.94703
-3.35231
-2.64918
-1.00815
-2.43564
-2.42319
-1.37969
-1.22019
-1.94928
-0.205244
-2.98353
-4.00826
-0.966397
-0.91602
-3.1223
-1.71398
-1.45385
-1.94389
-1.09563
-2.64747
-2.54475
-0.753449
-0.795634
-2.26824
-2.8966
0
-3.73281
-2.36092
-2.24369
-1.76109
-2.4662
-2.57191
-1.78803
-1.65138
-0.929352
-2.12551
-2.47793
0.0828145
-2.25933
-1.68652
-2.85303
-2.82781
-3.59227
-1.00463
-0.854704
-1.84349
-1.66461
-0.583471
-3.95098
-2.4664
-0.383419
-1.93367
-3.73281
0
-3.75452
-2.71576
-2.3389
-1.46958
-1.00023
-1.57794
-2.50575
-1.15933
-1.08221
-0.6004
-1.60801
-2.37103
-3.51406
-1.77305
-2.34476
-1.48642
-3.39102
-1.98582
-0.0909025
-1.92557
-0.408074
-2.53413
0.0399799
-1.04762
-1.94703
-2.36092
-3.75452
0
-1.19071
-2.55692
-2.69537
-1.46474
-2.26673
-1.07328
-1.84993
-1.79413
-2.3453
-3.34207
-3.92462
-2.06063
-2.55091
-0.951155
-1.60328
-1.18345
-1.84982
-2.30085
-2.15032
-1.72911
-0.46426
-0.359076
-1.30167
-3.35231
-2.24369
-2.71576
-1.19071
0
-1.70912
-0.404168
-2.12513
-2.33862
-0.974212
-2.07197
-1.85018
-1.58556
-2.26684
-0.611326
-1.33843
-2.52123
-1.61885
-1.54698
-3.6288
-3.22951
-2.37769
-2.00847
-1.17824
-2.71583
-0.946
-2.5039
-2.64918
-1.76109
-2.3389
-2.55692
-1.70912
0
-2.44402
-1.80313
-1.37624
-0.504706
-0.86907
-3.06734
-2.5462
-1.98704
-2.45393
-1.09351
-1.27066
-1.55093
-2.76681
-1.22397
-3.6748
-3.31844
-1.95562
-2.91251
-1.2447
-0.0978125
-0.190882
-1.00815
-2.4662
-1.46958
-2.69537
-0.404168
-2.44402
0
-1.72107
-3.0208
-3.65188
-2.54871
-1.93916
-2.7147
-1.94929
-1.94136
-1.15134
-0.65134
-0.221124
-3.0813
-1.32394
-0.166859
-1.858
-1.73286
-3.81893
-1.26639
-2.11609
-0.944994
-2.43564
-2.57191
-1.00023
-1.46474
-2.12513
-1.80313
-1.72107
0
-2.75569
-2.91494
-2.06601
-0.951206
-1.37532
-1.69176
-0.279705
0.102374
-3.75242
-0.316913
-2.60713
-2.10828
-1.33134
-2.60648
-3.52815
-1.93734
-3.56669
-2.5035
-4.18969
-2.42319
-1.78803
-1.57794
-2.26673
-2.33862
-1.37624
-3.0208
-2.75569
0
-4.2837
-0.703585
-1.98219
-1.3722
-2.02106
-3.6213
-2.31693
-3.03051
-2.28742
-2.74133
-1.4466
-1.24641
-1.27199
-0.366113
-0.846435
-2.58016
-2.53557
-2.27786
-1.37969
-1.65138
-2.50575
-1.07328
-0.974212
-0.504706
-3.65188
-2.91494
-4.2837
0
-2.17793
-2.37985
-0.736204
-1.2959
-1.81481
-0.470092
-2.27007
-2.96632
-1.97386
-2.91442
-1.97124
-3.19205
-0.694357
-3.67044
-0.62018
-2.89967
-3.75994
-1.22019
-0.929352
-1.15933
-1.84993
-2.07197
-0.86907
-2.54871
-2.06601
-0.703585
-2.17793
0
-1.65474
-1.21584
-1.33518
-3.0937
-1.8683
-0.151103
-2.23474
-2.43701
-2.23117
-2.73918
-1.75411
-3.03437
-1.90312
-2.20121
-1.18302
-3.3432
-1.94928
-2.12551
-1.08221
-1.79413
-1.85018
-3.06734
-1.93916
-0.951206
-1.98219
-2.37985
-1.65474
0
-2.5469
-2.04311
-0.996995
-2.65149
0.513828
-1.18074
-1.15384
-1.3329
-2.68029
-0.412041
-2.00352
-2.03317
-2.20449
-2.60566
-1.69958
-0.205244
-2.47793
-0.6004
-2.3453
-1.58556
-2.5462
-2.7147
-1.37532
-1.3722
-0.736204
-1.21584
-2.5469
0
-0.44775
-2.9101
-1.91882
-1.21647
-0.443342
-2.90042
-2.30463
-2.53421
-1.21559
-1.9545
-1.38658
-1.60583
-2.71361
-2.74251
-2.98353
0.0828145
-1.60801
-3.34207
-2.26684
-1.98704
-1.94929
-1.69176
-2.02106
-1.2959
-1.33518
-2.04311
-0.44775
0
-4.30085
-0.632071
-1.04458
-3.26558
-1.51029
-1.2739
-2.70372
-0.608732
-1.45175
-2.76031
-0.924391
-3.4022
-1.20545
-4.00826
-2.25933
-2.37103
-3.92462
-0.611326
-2.45393
-1.94136
-0.279705
-3.6213
-1.81481
-3.0937
-0.996995
-2.9101
-4.30085
0
-1.74113
-2.12105
-2.36896
-1.42807
-2.41071
-2.12606
-0.809122
-2.2754
-1.93406
-0.689613
-1.36146
-2.08925
-0.966397
-1.68652
-3.51406
-2.06063
-1.33843
-1.09351
-1.15134
0.102374
-2.31693
-0.470092
-1.8683
-2.65149
-1.91882
-0.632071
-1.74113
0
-3.27537
-2.00892
0.503559
-3.1584
-2.10833
-0.778561
-3.58341
-1.22937
-2.23969
-0.779769
-2.08237
-0.91602
-2.85303
-1.77305
-2.55091
-2.52123
-1.27066
-0.65134
-3.75242
-3.03051
-2.27007
-0.151103
0.513828
-1.21647
-1.04458
-2.12105
-3.27537
0
-0.694208
-2.27568
-1.23485
-4.39856
-2.11917
-2.77064
-1.04482
-1.82192
-2.79324
-1.41298
-3.1223
-2.82781
-2.34476
-0.951155
-1.61885
-1.55093
-0.221124
-0.316913
-2.28742
-2.96632
-2.23474
-1.18074
-0.443342
-3.26558
-2.36896
-2.00892
-0.694208
0
-2.71647
-3.43534
-1.35084
-2.12423
-2.61416
-1.05039
-1.537
-2.38634
-2.9477
-1.71398
-3.59227
-1.48642
-1.60328
-1.54698
-2.76681
-3.0813
-2.60713
-2.74133
-1.97386
-2.43701
-1.15384
-2.90042
-1.51029
-1.42807
0.503559
-2.27568
-2.71647
0
-1.04243
-3.46992
-3.04762
-2.73738
-2.10727
-1.13586
-2.49195
-1.38679
-1.45385
-1.00463
-3.39102
-1.18345
-3.6288
-1.22397
-1.32394
-2.10828
-1.4466
-2.91442
-2.23117
-1.3329
-2.30463
-1.2739
-2.41071
-3.1584
-1.23485
-3.43534
-1.04243
0
-1.55497
-2.09439
-1.80877
-1.41829
-3.49212
-1.92281
-1.26882
-1.94389
-0.854704
-1.98582
-1.84982
-3.22951
-3.6748
-0.166859
-1.33134
-1.24641
-1.97124
-2.73918
-2.68029
-2.53421
-2.70372
-2.12606
-2.10833
-4.39856
-1.35084
-3.46992
-1.55497
0
-2.22496
-4.37488
-3.76814
0.175646
-2.25519
-3.88175
-1.09563
-1.84349
-0.0909025
-2.30085
-2.37769
-3.31844
-1.858
-2.60648
-1.27199
-3.19205
-1.75411
-0.412041
-1.21559
-0.608732
-0.809122
-0.778561
-2.11917
-2.12423
-3.04762
-2.09439
-2.22496
0
-0.204096
-0.631133
-2.01113
-1.831
-2.12472
-2.64747
-1.66461
-1.92557
-2.15032
-2.00847
-1.95562
-1.73286
-3.52815
-0.366113
-0.694357
-3.03437
-2.00352
-1.9545
-1.45175
-2.2754
-3.58341
-2.77064
-2.61416
-2.73738
-1.80877
-4.37488
-0.204096
0
-0.465126
-2.77882
-2.99005
-1.3703
-2.54475
-0.583471
-0.408074
-1.72911
-1.17824
-2.91251
-3.81893
-1.93734
-0.846435
-3.67044
-1.90312
-2.03317
-1.38658
-2.76031
-1.93406
-1.22937
-1.04482
-1.05039
-2.10727
-1.41829
-3.76814
-0.631133
-0.465126
0
