0
-1.18619
-1.83383
-4.95097
-1.15616
-0.938749
0.0207959
-3.27813
-2.21563
-2.5012
-2.22483
-2.96078
-1.93749
-3.73557
-3.13265
-1.29747
-2.12458
-1.65317
-1.02921
-2.32193
-1.72208
-2.52923
-1.86066
-0.324581
-2.10321
-3.40247
-1.34611
-1.18619
0
-1.45252
-4.46079
-2.12565
-2.16937
-1.10625
-4.26299
-0.881125
-2.30558
-1.95813
-2.78604
-0.683984
-3.34588
-1.68136
-2.33836
-1.89816
-2.68506
-1.58693
-2.6101
-0.524434
-0.45993
-0.277616
-3.41366
-0.470574
-1.16504
-3.57598
-1.83383
-1.45252
0
-4.29948
-0.423668
-2.84186
-0.798572
-1.31058
-1.52232
-1.99731
-3.30545
-0.5979
-0.977793
-0.919585
-1.10315
-1.04913
-1.80347
-1.80617
-2.12897
-1.60251
-2.37398
-0.601777
-1.83715
-2.98094
-1.42975
-1.46726
-3.56494
-4.95097
-4.46079
-4.29948
0
-0.0414748
-0.908884
-3.41343
0.131593
0.519825
-3.18005
-3.70397
-1.92852
-1.72885
-2.27586
-1.66483
-2.48102
-2.93981
-1.9958
-2.84844
-2.18123
-1.17918
-1.22856
-1.82222
-2.36824
-3.08116
-1.83215
-2.55547
-1.15616
-2.12565
-0.423668
-0.0414748
0
-2.76135
-1.87202
-2.56635
-3.69877
-2.38979
-1.69569
-2.28614
-1.84606
-0.570157
-0.693281
-2.96553
-0.92516
-0.742128
-3.70611
-2.76854
-2.92493
-1.53834
-2.18516
-2.42131
-1.80235
-2.16897
-1.51003
-0.938749
-2.16937
-2.84186
-0.908884
-2.76135
0
-1.92581
-2.10554
-1.35437
-2.17195
-0.926199
-2.27873
-1.81441
-0.164999
-1.91748
-0.287581
-2.16437
-1.81155
-2.87751
-2.14287
-2.90139
-1.5589
-3.96793
-2.8238
-0.992826
-0.759616
-2.79846
0.0207959
-1.10625
-0.798572
-3.41343
-1.87202
-1.92581
0
-2.22617
-0.841017
-2.37771
-2.42969
-1.36536
-1.35422
-1.30093
-2.34123
-0.877213
-2.74357
-1.85711
-2.16871
-0.668524
-1.90798
-1.96218
-1.73469
-3.85396
-1.75588
0.330909
-3.74721
-3.27813
-4.26299
-1.31058
0.131593
-2.56635
-2.10554
-2.22617
0
-1.69631
-2.32921
-1.66682
-3.77274
-0.892137
-2.1502
-2.12276
-2.12738
-1.59216
-0.696011
-2.90501
-3.02962
-1.86489
-2.16034
-3.53895
-2.40049
-2.12486
-0.343373
-2.79813
-2.21563
-0.881125
-1.52232
0.519825
-3.69877
-1.35437
-0.841017
-1.69631
0
-1.10405
-0.323578
-0.708532
-1.35814
-1.73877
-4.46888
-0.000934436
-1.36988
-3.51088
-3.01738
-1.99694
-0.851939
-0.980937
-1.7489
-3.03405
-2.93714
-2.01563
-1.30946
-2.5012
-2.30558
-1.99731
-3.18005
-2.38979
-2.17195
-2.37771
-2.32921
-1.10405
0
-3.51642
-0.956504
-2.31963
-4.10856
-3.3991
-2.23633
-2.49892
-2.50051
-1.05097
-2.91776
-2.06913
-2.40102
-4.08798
-3.17537
-2.85465
-2.14815
-2.03037
-2.22483
-1.95813
-3.30545
-3.70397
-1.69569
-0.926199
-2.42969
-1.66682
-0.323578
-3.51642
0
-1.78392
-2.63208
-4.41132
-3.38663
-2.60606
-1.56868
-0.744375
-2.53937
-1.15491
-0.657766
-0.931166
-1.60473
-2.50273
-2.43666
-1.12981
-2.16547
-2.96078
-2.78604
-0.5979
-1.92852
-2.28614
-2.27873
-1.36536
-3.77274
-0.708532
-0.956504
-1.78392
0
-1.91744
-1.751
-1.46893
0.0564162
-1.25266
-0.574603
-2.07981
-1.17275
-2.88218
-1.38372
-3.73466
-0.668365
-1.65311
-1.94577
-2.2829
-1.93749
-0.683984
-0.977793
-1.72885
-1.84606
-1.81441
-1.35422
-0.892137
-1.35814
-2.31963
-2.63208
-1.91744
0
-2.24465
-1.41636
-2.87617
-2.75926
-2.05839
-3.55805
-2.52455
-2.91455
-1.19171
-2.40416
-1.49995
-0.735141
-1.85057
-0.999174
-3.73557
-3.34588
-0.919585
-2.27586
-0.570157
-0.164999
-1.30093
-2.1502
-1.73877
-4.10856
-4.41132
-1.751
-2.24465
0
-1.52651
-2.07761
-1.34908
-0.274981
-1.21909
-2.18598
-3.4635
-2.81706
-2.94847
-1.50937
-2.45713
-1.5288
-1.94202
-3.13265
-1.68136
-1.10315
-1.66483
-0.693281
-1.91748
-2.34123
-2.12276
-4.46888
-3.3991
-3.38663
-1.46893
-1.41636
-1.52651
0
-1.68373
-0.813466
-2.64187
-2.61801
-3.01253
-1.17544
-3.95934
-2.73797
-2.77753
-3.16146
-1.87952
-2.95617
-1.29747
-2.33836
-1.04913
-2.48102
-2.96553
-0.287581
-0.877213
-2.12738
-0.000934436
-2.23633
-2.60606
0.0564162
-2.87617
-2.07761
-1.68373
0
-1.30563
-3.3711
-2.40458
-0.936495
-0.238941
-2.86911
0.330371
-1.35871
-4.37268
-0.212217
-2.0049
-2.12458
-1.89816
-1.80347
-2.93981
-0.92516
-2.16437
-2.74357
-1.59216
-1.36988
-2.49892
-1.56868
-1.25266
-2.75926
-1.34908
-0.813466
-1.30563
0
-2.65378
-0.641288
-1.28541
-0.868411
-0.564708
-2.16792
-0.805254
-0.486488
-2.44063
-1.36861
-1.65317
-2.68506
-1.80617
-1.9958
-0.742128
-1.81155
-1.85711
-0.696011
-3.51088
-2.50051
-0.744375
-0.574603
-2.05839
-0.274981
-2.64187
-3.3711
-2.65378
0
-2.41907
-2.08519
-2.36013
-3.34238
-1.85189
-1.86706
-1.97512
-1.57083
-2.43822
-1.02921
-1.58693
-2.12897
-2.84844
-3.70611
-2.87751
-2.16871
-2.90501
-3.01738
-1.05097
-2.53937
-2.07981
-3.55805
-1.21909
-2.61801
-2.40458
-0.641288
-2.41907
0
-3.0571
-2.0795
-0.490749
-1.87667
-1.11256
-0.65328
-1.30027
-1.65902
-2.32193
-2.6101
-1.60251
-2.18123
-2.76854
-2.14287
-0.668524
-3.02962
-1.99694
-2.91776
-1.15491
-1.17275
-2.52455
-2.18598
-3.01253
-0.936495
-1.28541
-2.08519
-3.0571
0
-2.72913
-2.88188
-2.02072
-1.74613
-1.21626
-1.09906
-0.641725
-1.72208
-0.524434
-2.37398
-1.17918
-2.92493
-2.90139
-1.90798
-1.86489
-0.851939
-2.06913
-0.657766
-2.88218
-2.91455
-3.4635
-1.17544
-0.238941
-0.868411
-2.36013
-2.0795
-2.72913
0
-3.90214
-3.96296
-1.98747
-3.14651
-2.07324
-0.424752
-2.52923
-0.45993
-0.601777
-1.22856
-1.53834
-1.5589
-1.96218
-2.16034
-0.980937
-2.40102
-0.931166
-1.38372
-1.19171
-2.81706
-3.95934
-2.86911
-0.564708
-3.34238
-0.490749
-2.88188
-3.90214
0
-0.82193
-1.17363
-2.627
-2.92318
-0.563423
-1.86066
-0.277616
-1.83715
-1.82222
-2.18516
-3.96793
-1.73469
-3.53895
-1.7489
-4.08798
-1.60473
-3.73466
-2.40416
-2.94847
-2.73797
0.330371
-2.16792
-1.85189
-1.87667
-2.02072
-3.96296
-0.82193
0
-1.86302
-1.87365
-1.70583
-2.90872
-0.324581
-3.41366
-2.98094
-2.36824
-2.42131
-2.8238
-3.85396
-2.40049
-3.03405
-3.17537
-2.50273
-0.668365
-1.49995
-1.50937
-2.77753
-1.35871
-0.805254
-1.86706
-1.11256
-1.74613
-1.98747
-1.17363
-1.86302
0
-1.60678
-2.92115
-2.61851
-2.10321
-0.470574
-1.42975
-3.08116
-1.80235
-0.992826
-1.75588
-2.12486
-2.93714
-2.85465
-2.43666
-1.65311
-0.735141
-2.45713
-3.16146
-4.37268
-0.486488
-1.97512
-0.65328
-1.21626
-3.14651
-2.627
-1.87365
-1.60678
0
-1.02723
-1.51298
-3.40247
-1.16504
-1.46726
-1.83215
-2.16897
-0.759616
0.330909
-0.343373
-2.01563
-2.14815
-1.12981
-1.94577
-1.85057
-1.5288
-1.87952
-0.212217
-2.44063
-1.57083
-1.30027
-1.09906
-2.07324
-2.92318
-1.70583
-2.92115
-1.02723
0
-1.52591
-1.34611
-3.57598
-3.56494
-2.55547
-1.51003
-2.79846
-3.74721
-2.79813
-1.30946
-2.03037
-2.16547
-2.2829
-0.999174
-1.94202
-2.95617
-2.0049
-1.36861
-2.43822
-1.65902
-0.641725
-0.424752
-0.563423
-2.90872
-2.61851
-1.51298
-1.52591
0
