0
-2.49042
-2.32817
-1.57369
-3.47045
-3.04092
-1.58955
-2.73029
-2.80828
-2.46421
-1.208
-2.44475
-4.09854
0.474371
-3.74034
-1.54226
-3.20503
-2.21464
-2.13123
-1.19149
-3.39446
-1.74099
-1.97691
-0.9908
0.15678
-1.90765
-1.43026
-2.49042
0
-2.87673
-1.78421
-1.97117
-0.898321
-0.38698
-3.87715
-2.55751
-2.25744
-2.11234
-0.911864
-1.73724
-2.74808
-3.19461
-2.28583
-0.661725
-3.39777
-1.83588
-2.98434
-1.98686
-1.50688
-2.66736
-2.67144
-1.28183
-2.13681
-1.47881
-2.32817
-2.87673
0
-2.25545
-1.08802
-2.78542
-5.25664
-1.69003
-2.53282
-2.78285
-0.964369
-1.73737
-2.79903
-2.68181
-3.68163
-2.50943
-2.01592
-2.34002
-2.63516
-1.20158
-2.99863
-1.79229
-2.61173
-2.83222
-2.7372
-1.64816
-2.29525
-1.57369
-1.78421
-2.25545
0
-3.02036
-1.56908
-4.2186
-3.36726
-3.39494
0.0328362
-2.08333
-1.53326
-2.18899
-0.635715
-1.19969
-1.10003
-2.80622
-1.04342
-3.10913
-4.29694
-1.97175
-3.56552
-1.06199
-1.49386
-1.31946
-1.77138
-1.60608
-3.47045
-1.97117
-1.08802
-3.02036
0
-2.62887
-1.34608
-1.64832
-1.28011
-2.08533
-1.50325
-1.38794
-3.0707
-1.66869
-2.06425
-2.36118
-2.94475
-1.27089
-4.22693
-1.83632
-2.57544
-2.92495
-2.26735
-2.91679
-1.72771
-1.71877
-3.98933
-3.04092
-0.898321
-2.78542
-1.56908
-2.62887
0
-2.08382
-3.78758
-1.9213
-1.25361
-2.27294
-1.93687
-2.71573
-2.53777
-0.996116
-2.06239
-1.49925
-2.14555
-2.73643
-1.16076
-2.70536
-3.31287
-2.09708
-2.22128
-3.27479
-1.78354
-3.69898
-1.58955
-0.38698
-5.25664
-4.2186
-1.34608
-2.08382
0
-1.87158
-2.51884
-2.82109
-2.89571
-1.8657
-1.29449
-0.505888
-2.73309
-0.736299
-1.36822
-0.622839
-2.04275
-2.32509
-0.650703
-2.96452
-2.83255
-2.28333
-2.89705
-1.98166
-1.73905
-2.73029
-3.87715
-1.69003
-3.36726
-1.64832
-3.78758
-1.87158
0
-1.5641
-0.588452
-2.15973
-0.637596
-1.26677
-3.74386
-0.694606
-3.24796
-3.13993
-0.932813
-1.43343
-2.65531
-0.382524
-2.54986
-3.48124
-3.04279
-2.27109
-1.01774
-2.29804
-2.80828
-2.55751
-2.53282
-3.39494
-1.28011
-1.9213
-2.51884
-1.5641
0
-1.20696
-0.89978
-1.8325
-2.14736
-1.17594
-2.27062
-2.81695
-3.43599
-1.94633
-3.54811
-1.54201
-1.66857
-1.03956
-2.73772
-2.93481
-1.17017
-1.07988
-1.34662
-2.46421
-2.25744
-2.78285
0.0328362
-2.08533
-1.25361
-2.82109
-0.588452
-1.20696
0
-2.33763
-3.46611
-3.97137
-1.80959
-2.84116
-1.24342
-1.55642
-3.61656
-2.55642
-1.08835
-2.357
-2.81862
-0.75263
-4.2339
-0.951381
-0.622595
-2.44325
-1.208
-2.11234
-0.964369
-2.08333
-1.50325
-2.27294
-2.89571
-2.15973
-0.89978
-2.33763
0
-1.19933
-3.08191
-0.999641
-1.01495
-1.7719
-2.76301
-2.26268
-3.24136
-1.99733
-1.90803
-1.53085
-2.86984
-3.46169
-1.26017
-2.16005
-2.21205
-2.44475
-0.911864
-1.73737
-1.53326
-1.38794
-1.93687
-1.8657
-0.637596
-1.8325
-3.46611
-1.19933
0
-2.63335
-1.65607
-1.56998
-0.568336
-1.15027
-2.6637
-2.26608
-1.68757
-3.02046
-2.79242
-2.70505
-2.85613
-3.23967
-3.9489
-0.690439
-4.09854
-1.73724
-2.79903
-2.18899
-3.0707
-2.71573
-1.29449
-1.26677
-2.14736
-3.97137
-3.08191
-2.63335
0
-2.71701
-1.19923
-1.60762
-2.37058
-1.43528
-0.669111
-1.76923
-2.20597
-1.08492
-2.20596
-1.91544
0.246717
-2.63955
-1.87208
0.474371
-2.74808
-2.68181
-0.635715
-1.66869
-2.53777
-0.505888
-3.74386
-1.17594
-1.80959
-0.999641
-1.65607
-2.71701
0
-1.21404
-0.974158
-2.72657
-1.44536
-1.50584
-2.80808
-1.07168
-1.70814
-3.75312
-2.71678
0.024695
-2.62947
-1.21212
-3.74034
-3.19461
-3.68163
-1.19969
-2.06425
-0.996116
-2.73309
-0.694606
-2.27062
-2.84116
-1.01495
-1.56998
-1.19923
-1.21404
0
-2.91024
-1.93253
-1.95965
-1.90448
-0.685639
-2.2597
-4.74013
-1.59358
-1.62148
-2.10961
-2.55889
-2.90585
-1.54226
-2.28583
-2.50943
-1.10003
-2.36118
-2.06239
-0.736299
-3.24796
-2.81695
-1.24342
-1.7719
-0.568336
-1.60762
-0.974158
-2.91024
0
-0.6159
-1.03078
-3.75197
-2.48462
-1.83252
-1.20593
-2.12014
-1.50291
-3.50592
-0.960885
-2.52575
-3.20503
-0.661725
-2.01592
-2.80622
-2.94475
-1.49925
-1.36822
-3.13993
-3.43599
-1.55642
-2.76301
-1.15027
-2.37058
-2.72657
-1.93253
-0.6159
0
-2.14748
-3.38625
-1.15516
-1.40635
-2.09662
-1.16454
-2.25564
-3.24886
-0.532509
-3.67694
-2.21464
-3.39777
-2.34002
-1.04342
-1.27089
-2.14555
-0.622839
-0.932813
-1.94633
-3.61656
-2.26268
-2.6637
-1.43528
-1.44536
-1.95965
-1.03078
-2.14748
0
-2.03658
-2.06525
-2.18133
-0.824373
-0.601704
-2.47296
-2.26776
-1.21215
-3.48549
-2.13123
-1.83588
-2.63516
-3.10913
-4.22693
-2.73643
-2.04275
-1.43343
-3.54811
-2.55642
-3.24136
-2.26608
-0.669111
-1.50584
-1.90448
-3.75197
-3.38625
-2.03658
0
-0.330709
-1.43191
-0.396758
-2.85485
-3.42297
-3.22378
-0.472161
-3.11748
-1.19149
-2.98434
-1.20158
-4.29694
-1.83632
-1.16076
-2.32509
-2.65531
-1.54201
-1.08835
-1.99733
-1.68757
-1.76923
-2.80808
-0.685639
-2.48462
-1.15516
-2.06525
-0.330709
0
-1.37419
-2.48402
-1.1246
-2.38063
-1.90817
-1.52469
-1.67329
-3.39446
-1.98686
-2.99863
-1.97175
-2.57544
-2.70536
-0.650703
-0.382524
-1.66857
-2.357
-1.90803
-3.02046
-2.20597
-1.07168
-2.2597
-1.83252
-1.40635
-2.18133
-1.43191
-1.37419
0
-0.321038
-4.01892
-2.5704
-1.74962
-3.12741
-1.90733
-1.74099
-1.50688
-1.79229
-3.56552
-2.92495
-3.31287
-2.96452
-2.54986
-1.03956
-2.81862
-1.53085
-2.79242
-1.08492
-1.70814
-4.74013
-1.20593
-2.09662
-0.824373
-0.396758
-2.48402
-0.321038
0
-2.40992
-2.89387
-0.951171
-0.98133
-1.98982
-1.97691
-2.66736
-2.61173
-1.06199
-2.26735
-2.09708
-2.83255
-3.48124
-2.73772
-0.75263
-2.86984
-2.70505
-2.20596
-3.75312
-1.59358
-2.12014
-1.16454
-0.601704
-2.85485
-1.1246
-4.01892
-2.40992
0
-2.18396
-0.916249
-1.54483
-0.790939
-0.9908
-2.67144
-2.83222
-1.49386
-2.91679
-2.22128
-2.28333
-3.04279
-2.93481
-4.2339
-3.46169
-2.85613
-1.91544
-2.71678
-1.62148
-1.50291
-2.25564
-2.47296
-3.42297
-2.38063
-2.5704
-2.89387
-2.18396
0
-1.9526
-1.32467
-2.01779
0.15678
-1.28183
-2.7372
-1.31946
-1.72771
-3.27479
-2.89705
-2.27109
-1.17017
-0.951381
-1.26017
-3.23967
0.246717
0.024695
-2.10961
-3.50592
-3.24886
-2.26776
-3.22378
-1.90817
-1.74962
-0.951171
-0.916249
-1.9526
0
-0.735438
-1.53976
-1.90765
-2.13681
-1.64816
-1.77138
-1.71877
-1.78354
-1.98166
-1.01774
-1.07988
-0.622595
-2.16005
-3.9489
-2.63955
-2.62947
-2.55889
-0.960885
-0.532509
-1.21215
-0.472161
-1.52469
-3.12741
-0.98133
-1.54483
-1.32467
-0.735438
0
-1.16865
-1.43026
-1.47881
-2.29525
-1.60608
-3.98933
-3.69898
-1.73905
-2.29804
-1.34662
-2.44325
-2.21205
-0.690439
-1.87208
-1.21212
-2.90585
-2.52575
-3.67694
-3.48549
-3.11748
-1.67329
-1.90733
-1.98982
-0.790939
-2.01779
-1.53976
-1.16865
0
