0
-2.13424
-2.64652
-2.23531
-1.33637
-2.32477
-4.00661
-0.786025
-2.01311
-2.19587
-2.33598
-1.32699
-1.88494
-1.32289
-1.38676
-1.69758
-1.40658
-2.20817
-0.618432
-1.40908
-1.94169
-1.98134
-2.13934
-2.09972
-3.46351
-2.13486
-3.56873
-2.13424
0
-1.65342
-2.00519
-1.32384
-2.31671
-3.59643
-1.75659
-0.366783
-3.45394
-0.119847
-1.85638
-1.45613
-1.1492
-0.524629
-1.75238
-2.292
-1.00159
-1.80284
-1.52517
-3.30648
-1.48959
-3.28702
-2.9207
-1.44302
-3.08691
0.115859
-2.64652
-1.65342
0
0.389022
-1.56546
-2.27562
-1.58543
-1.98462
-3.67191
-1.45951
-4.75525
-1.38349
-1.7909
-2.72179
-3.25809
-2.39013
-1.69168
-1.95496
-2.33444
-0.872906
-3.01645
-3.12056
-1.91497
-2.94575
-0.477285
-1.24992
-3.30489
-2.23531
-2.00519
0.389022
0
-1.99005
-2.19193
-2.27086
-0.908958
-3.17041
-3.16319
-2.14567
-2.078
-1.1995
-1.87609
-0.957123
-1.50167
-1.96682
-1.73751
-3.84622
-2.68021
-1.26093
-2.71732
-2.62355
-0.0221272
-0.468606
-2.14715
-2.49914
-1.33637
-1.32384
-1.56546
-1.99005
0
-1.41423
-1.38806
-0.916856
0.288562
-2.02638
-2.25269
-0.908769
-1.19956
-2.40397
-0.471609
-3.37207
-1.23686
-1.7961
-3.47756
-2.83373
-1.25073
-1.20714
-0.871353
-2.16895
-2.81606
-0.814251
-2.4572
-2.32477
-2.31671
-2.27562
-2.19193
-1.41423
0
-2.69275
-4.5766
-2.71886
-1.09047
-1.97074
-0.486181
-6.08789
-1.93642
-1.24397
-2.51328
-2.59992
-4.06286
-2.30845
-3.29177
-3.12105
-2.85687
-1.93361
-0.0458915
-0.961468
-1.3904
-0.88233
-4.00661
-3.59643
-1.58543
-2.27086
-1.38806
-2.69275
0
-1.78649
-1.80454
-0.81238
-3.18683
-1.67276
-3.23209
-2.39144
-1.35092
-0.801217
-1.01462
0.353915
-1.29028
-2.95963
-0.592345
-2.43994
-1.1816
-1.72254
-1.41857
-3.03686
-2.89071
-0.786025
-1.75659
-1.98462
-0.908958
-0.916856
-4.5766
-1.78649
0
-1.53514
-5.23598
-1.35724
-1.87304
-1.95468
-2.17691
-0.831565
-1.76743
-2.16959
-0.634925
-2.45853
-1.85918
-3.79377
-1.68112
-1.5958
-4.13019
-0.893754
-0.26757
-1.25208
-2.01311
-0.366783
-3.67191
-3.17041
0.288562
-2.71886
-1.80454
-1.53514
0
-2.7206
-1.16978
-1.68359
-1.9215
-0.79583
-2.13027
-2.15725
-2.76127
-0.880782
-1.64106
-2.00445
-1.92115
-1.86286
-0.786636
-2.46361
-0.0480342
-2.49423
-1.23723
-2.19587
-3.45394
-1.45951
-3.16319
-2.02638
-1.09047
-0.81238
-5.23598
-2.7206
0
-2.52868
-1.93506
-1.32847
-2.11282
-2.3692
-3.67843
-2.86237
-1.1023
-0.757256
-1.67134
-3.15864
-1.84452
-2.55125
-2.28415
-1.05755
0.328861
-3.50874
-2.33598
-0.119847
-4.75525
-2.14567
-2.25269
-1.97074
-3.18683
-1.35724
-1.16978
-2.52868
0
-3.43307
-0.85365
-2.0304
-0.551905
-1.02056
-1.46968
-2.76544
-1.84359
-2.9559
-1.64311
-1.71762
-2.15248
-5.06849
-3.34159
-1.66184
-2.41016
-1.32699
-1.85638
-1.38349
-2.078
-0.908769
-0.486181
-1.67276
-1.87304
-1.68359
-1.93506
-3.43307
0
-3.18672
-3.03328
-1.50795
-0.142889
-3.08773
-0.29325
-2.57114
-2.52869
-2.70233
-1.33748
-2.13591
-1.88563
-1.04873
-1.37424
-1.4578
-1.88494
-1.45613
-1.7909
-1.1995
-1.19956
-6.08789
-3.23209
-1.95468
-1.9215
-1.32847
-0.85365
-3.18672
0
-0.164449
-1.32123
-2.09897
-1.93647
-4.16406
-1.36486
-1.68196
-0.400706
-2.77527
-2.07354
-3.67797
-2.8683
-2.79023
-2.22031
-1.32289
-1.1492
-2.72179
-1.87609
-2.40397
-1.93642
-2.39144
-2.17691
-0.79583
-2.11282
-2.0304
-3.03328
-0.164449
0
-2.36676
-0.871247
-3.45152
-3.44664
-2.47828
-2.45394
-2.15514
-1.45879
-0.622441
-0.766851
-2.56213
-1.70291
-3.00495
-1.38676
-0.524629
-3.25809
-0.957123
-0.471609
-1.24397
-1.35092
-0.831565
-2.13027
-2.3692
-0.551905
-1.50795
-1.32123
-2.36676
0
0.38382
-2.87851
-1.00867
-2.22428
-1.46493
-1.99827
-1.17984
-2.28089
-2.67727
-3.35181
-0.317882
-0.370891
-1.69758
-1.75238
-2.39013
-1.50167
-3.37207
-2.51328
-0.801217
-1.76743
-2.15725
-3.67843
-1.02056
-0.142889
-2.09897
-0.871247
0.38382
0
-1.85381
-2.09511
-2.44759
-2.10241
-0.711173
-4.17696
-1.86364
-1.85983
-4.11246
-2.16593
-2.19337
-1.40658
-2.292
-1.69168
-1.96682
-1.23686
-2.59992
-1.01462
-2.16959
-2.76127
-2.86237
-1.46968
-3.08773
-1.93647
-3.45152
-2.87851
-1.85381
0
-2.33844
-2.28186
-2.66822
-1.57589
-1.28563
-2.18116
-2.4131
-3.9499
-1.86323
-1.95177
-2.20817
-1.00159
-1.95496
-1.73751
-1.7961
-4.06286
0.353915
-0.634925
-0.880782
-1.1023
-2.76544
-0.29325
-4.16406
-3.44664
-1.00867
-2.09511
-2.33844
0
-0.750949
-2.52553
-3.19549
-1.97439
-1.09634
-2.51567
-3.44212
-0.846695
-1.29153
-0.618432
-1.80284
-2.33444
-3.84622
-3.47756
-2.30845
-1.29028
-2.45853
-1.64106
-0.757256
-1.84359
-2.57114
-1.36486
-2.47828
-2.22428
-2.44759
-2.28186
-0.750949
0
-0.761118
-1.46331
-3.01176
-1.74529
-1.74258
-1.16441
-0.69679
-2.51073
-1.40908
-1.52517
-0.872906
-2.68021
-2.83373
-3.29177
-2.95963
-1.85918
-2.00445
-1.67134
-2.9559
-2.52869
-1.68196
-2.45394
-1.46493
-2.10241
-2.66822
-2.52553
-0.761118
0
-2.36228
-1.96341
-3.14398
-2.02688
-3.04582
-0.434648
-0.729197
-1.94169
-3.30648
-3.01645
-1.26093
-1.25073
-3.12105
-0.592345
-3.79377
-1.92115
-3.15864
-1.64311
-2.70233
-0.400706
-2.15514
-1.99827
-0.711173
-1.57589
-3.19549
-1.46331
-2.36228
0
-2.57718
-1.7383
-2.16973
-3.78311
-1.09171
-3.09716
-1.98134
-1.48959
-3.12056
-2.71732
-1.20714
-2.85687
-2.43994
-1.68112
-1.86286
-1.84452
-1.71762
-1.33748
-2.77527
-1.45879
-1.17984
-4.17696
-1.28563
-1.97439
-3.01176
-1.96341
-2.57718
0
-3.62039
0.775408
-1.05549
-1.77282
-3.03616
-2.13934
-3.28702
-1.91497
-2.62355
-0.871353
-1.93361
-1.1816
-1.5958
-0.786636
-2.55125
-2.15248
-2.13591
-2.07354
-0.622441
-2.28089
-1.86364
-2.18116
-1.09634
-1.74529
-3.14398
-1.7383
-3.62039
0
-2.54986
-1.08436
-1.84789
-2.00718
-2.09972
-2.9207
-2.94575
-0.0221272
-2.16895
-0.0458915
-1.72254
-4.13019
-2.46361
-2.28415
-5.06849
-1.88563
-3.67797
-0.766851
-2.67727
-1.85983
-2.4131
-2.51567
-1.74258
-2.02688
-2.16973
0.775408
-2.54986
0
-1.57872
-3.99871
-0.807732
-3.46351
-1.44302
-0.477285
-0.468606
-2.81606
-0.961468
-1.41857
-0.893754
-0.0480342
-1.05755
-3.34159
-1.04873
-2.8683
-2.56213
-3.35181
-4.11246
-3.9499
-3.44212
-1.16441
-3.04582
-3.78311
-1.05549
-1.08436
-1.57872
0
-1.26793
-3.15065
-2.13486
-3.08691
-1.24992
-2.14715
-0.814251
-1.3904
-3.03686
-0.26757
-2.49423
0.328861
-1.66184
-1.37424
-2.79023
-1.70291
-0.317882
-2.16593
-1.86323
-0.846695
-0.69679
-0.434648
-1.09171
-1.77282
-1.84789
-3.99871
-1.26793
0
-1.42862
-3.56873
0.115859
-3.30489
-2.49914
-2.4572
-0.88233
-2.89071
-1.25208
-1.23723
-3.50874
-2.41016
-1.4578
-2.22031
-3.00495
-0.370891
-2.19337
-1.95177
-1.29153
-2.51073
-0.729197
-3.09716
-3.03616
-2.00718
-0.807732
-3.15065
-1.42862
0
