0
-2.17669
-3.60163
-1.14586
-2.20247
-2.04238
-1.55666
-1.04374
-2.1776
-1.53246
-2.57172
0.677977
-2.11371
-0.916972
-0.586996
-2.27261
-3.74137
-1.29901
-1.39903
-1.3677
-2.86124
-2.18287
-2.08108
-1.29157
-1.85454
-1.37094
-2.26117
-2.17669
0
-0.683118
0.0372613
-2.70339
-2.44756
-1.9492
-1.84234
-4.63553
-1.6166
-2.17708
-1.74946
-2.34287
0.498468
-1.58113
-1.18702
-3.55806
-1.74033
-3.33538
-2.87798
-0.847272
-1.92799
-2.74885
-1.72361
-0.297176
-2.13615
-3.41182
-3.60163
-0.683118
0
-1.59768
-1.40615
-1.20283
-1.63381
-2.59744
-1.09191
-1.80798
-1.99448
-2.80803
-1.51051
0.289195
-1.61136
-2.46207
-3.58643
-0.878459
-0.733983
-2.5087
-3.56835
-0.723141
-2.4506
-1.85621
-1.52505
-3.62241
-3.11104
-1.14586
0.0372613
-1.59768
0
-1.31673
-1.29384
-3.44688
-1.88687
-1.8019
-1.69413
-3.97363
-4.24394
-2.37344
-2.37559
-0.785573
-0.853311
-2.69584
-1.47016
-1.94702
-2.5844
-1.55388
-3.03967
-2.88178
-1.6991
-3.73032
-2.17803
-3.20283
-2.20247
-2.70339
-1.40615
-1.31673
0
-0.819962
-2.33376
-0.976359
-1.49554
-3.34653
-1.63084
-2.16839
-2.42457
-2.00028
-0.569115
-1.81197
-0.90366
-2.20322
-1.95038
-2.01745
-1.12182
-3.28552
-2.34406
-1.04542
-1.91004
-2.52677
-1.96409
-2.04238
-2.44756
-1.20283
-1.29384
-0.819962
0
-2.37048
-2.42373
-1.38349
-1.86434
-0.697489
-2.33289
-0.639958
-3.77749
-1.91437
-2.09187
-2.14839
-0.900887
-3.92921
-0.787035
-2.85664
-0.86475
-1.99489
-2.6194
-1.1414
-0.540978
-1.20125
-1.55666
-1.9492
-1.63381
-3.44688
-2.33376
-2.37048
0
-1.89736
-1.2229
-2.56255
-1.54864
-0.733116
-1.15058
-2.04414
-2.60808
-1.21224
-1.80152
-2.05965
-2.00164
-0.0675942
-0.777509
-2.68953
-1.40876
-2.50379
-1.88152
-1.92227
-1.29298
-1.04374
-1.84234
-2.59744
-1.88687
-0.976359
-2.42373
-1.89736
0
-2.05189
-3.94386
-3.30967
-2.93792
-3.15614
-3.02223
-2.49862
-1.92895
-4.25592
-2.16715
-1.38154
-2.18698
-1.15229
-2.44231
-0.844787
-3.35069
-1.46442
-2.8831
-1.4928
-2.1776
-4.63553
-1.09191
-1.8019
-1.49554
-1.38349
-1.2229
-2.05189
0
-1.78656
-3.1621
-1.69987
-2.91175
-1.85919
0.138453
-1.75204
-1.18708
-2.86791
-2.2222
-1.95515
-3.66373
-3.70093
-0.597403
-2.57165
-2.51527
-1.63027
-1.76431
-1.53246
-1.6166
-1.80798
-1.69413
-3.34653
-1.86434
-2.56255
-3.94386
-1.78656
0
-2.07903
-3.09122
-2.16316
-2.90243
-1.68843
-0.399991
0.23783
-0.0928239
-2.72615
-2.9856
-1.98516
-0.546099
-3.22068
-1.27136
-1.12856
-1.44621
-1.06149
-2.57172
-2.17708
-1.99448
-3.97363
-1.63084
-0.697489
-1.54864
-3.30967
-3.1621
-2.07903
0
-0.699351
-3.34743
-1.61264
-2.23534
-0.832993
-0.881173
-2.67398
-2.39528
-3.11161
-3.03353
-3.26076
-1.17527
-2.05943
-1.88017
-1.54917
-4.03657
0.677977
-1.74946
-2.80803
-4.24394
-2.16839
-2.33289
-0.733116
-2.93792
-1.69987
-3.09122
-0.699351
0
-3.37391
-2.90606
-3.09388
-2.72101
-2.74648
-1.94781
-0.513488
-3.70962
-0.612421
-1.34344
-2.3871
-2.16485
-2.94502
-1.03205
-3.71569
-2.11371
-2.34287
-1.51051
-2.37344
-2.42457
-0.639958
-1.15058
-3.15614
-2.91175
-2.16316
-3.34743
-3.37391
0
-2.02574
-0.771607
-2.21602
-0.198209
-0.796227
-0.746579
-1.12942
-2.61675
0.0127805
-1.90354
-1.31888
-0.893267
-2.32848
-1.512
-0.916972
0.498468
0.289195
-2.37559
-2.00028
-3.77749
-2.04414
-3.02223
-1.85919
-2.90243
-1.61264
-2.90606
-2.02574
0
-1.79433
-3.0658
-0.761288
-0.672155
-1.80094
-3.19778
-2.57231
-1.09756
0.708588
-3.01029
-1.38169
-2.36955
-1.70629
-0.586996
-1.58113
-1.61136
-0.785573
-0.569115
-1.91437
-2.60808
-2.49862
0.138453
-1.68843
-2.23534
-3.09388
-0.771607
-1.79433
0
-1.24684
-0.788694
-2.99204
-3.33979
-1.94109
-4.53757
-1.11627
-1.92521
0.261975
-1.57004
-2.86606
-1.68931
-2.27261
-1.18702
-2.46207
-0.853311
-1.81197
-2.09187
-1.21224
-1.92895
-1.75204
-0.399991
-0.832993
-2.72101
-2.21602
-3.0658
-1.24684
0
-1.5329
-1.82634
-0.834694
-2.00549
-2.68399
0.22528
-2.68777
-3.28244
-2.00174
-0.437072
-3.57634
-3.74137
-3.55806
-3.58643
-2.69584
-0.90366
-2.14839
-1.80152
-4.25592
-1.18708
0.23783
-0.881173
-2.74648
-0.198209
-0.761288
-0.788694
-1.5329
0
-1.34662
-3.1455
-2.82167
-3.14964
-2.13983
-3.45599
-1.6649
-2.5975
-2.52856
-1.84525
-1.29901
-1.74033
-0.878459
-1.47016
-2.20322
-0.900887
-2.05965
-2.16715
-2.86791
-0.0928239
-2.67398
-1.94781
-0.796227
-0.672155
-2.99204
-1.82634
-1.34662
0
-2.38056
-1.1282
-2.41214
-3.39329
-0.803171
-0.911574
-0.396426
-1.86309
-2.17992
-1.39903
-3.33538
-0.733983
-1.94702
-1.95038
-3.92921
-2.00164
-1.38154
-2.2222
-2.72615
-2.39528
-0.513488
-0.746579
-1.80094
-3.33979
-0.834694
-3.1455
-2.38056
0
-3.54415
-2.82375
-1.04213
-3.21849
-1.22963
-3.50069
-4.07083
-2.05172
-1.3677
-2.87798
-2.5087
-2.5844
-2.01745
-0.787035
-0.0675942
-2.18698
-1.95515
-2.9856
-3.11161
-3.70962
-1.12942
-3.19778
-1.94109
-2.00549
-2.82167
-1.1282
-3.54415
0
-2.37288
-2.45452
-0.823555
-0.526862
-1.98549
-1.51356
-2.57263
-2.86124
-0.847272
-3.56835
-1.55388
-1.12182
-2.85664
-0.777509
-1.15229
-3.66373
-1.98516
-3.03353
-0.612421
-2.61675
-2.57231
-4.53757
-2.68399
-3.14964
-2.41214
-2.82375
-2.37288
0
-1.19767
-2.06689
-1.65187
-0.378279
0.131018
-2.32454
-2.18287
-1.92799
-0.723141
-3.03967
-3.28552
-0.86475
-2.68953
-2.44231
-3.70093
-0.546099
-3.26076
-1.34344
0.0127805
-1.09756
-1.11627
0.22528
-2.13983
-3.39329
-1.04213
-2.45452
-1.19767
0
-2.55964
-1.47355
-2.41597
-0.688336
-1.88879
-2.08108
-2.74885
-2.4506
-2.88178
-2.34406
-1.99489
-1.40876
-0.844787
-0.597403
-3.22068
-1.17527
-2.3871
-1.90354
0.708588
-1.92521
-2.68777
-3.45599
-0.803171
-3.21849
-0.823555
-2.06689
-2.55964
0
-1.60905
-0.78318
0.0904546
-2.01394
-1.29157
-1.72361
-1.85621
-1.6991
-1.04542
-2.6194
-2.50379
-3.35069
-2.57165
-1.27136
-2.05943
-2.16485
-1.31888
-3.01029
0.261975
-3.28244
-1.6649
-0.911574
-1.22963
-0.526862
-1.65187
-1.47355
-1.60905
0
-0.900094
-1.76955
-0.99649
-1.85454
-0.297176
-1.52505
-3.73032
-1.91004
-1.1414
-1.88152
-1.46442
-2.51527
-1.12856
-1.88017
-2.94502
-0.893267
-1.38169
-1.57004
-2.00174
-2.5975
-0.396426
-3.50069
-1.98549
-0.378279
-2.41597
-0.78318
-0.900094
0
-0.536999
-4.55414
-1.37094
-2.13615
-3.62241
-2.17803
-2.52677
-0.540978
-1.92227
-2.8831
-1.63027
-1.44621
-1.54917
-1.03205
-2.32848
-2.36955
-2.86606
-0.437072
-2.52856
-1.86309
-4.07083
-1.51356
0.131018
-0.688336
0.0904546
-1.76955
-0.536999
0
-1.14686
-2.26117
-3.41182
-3.11104
-3.20283
-1.96409
-1.20125
-1.29298
-1.4928
-1.76431
-1.06149
-4.03657
-3.71569
-1.512
-1.70629
-1.68931
-3.57634
-1.84525
-2.17992
-2.05172
-2.57263
-2.32454
-1.88879
-2.01394
-0.99649
-4.55414
-1.14686
0
