0
-0.408288
-1.93715
-2.75812
-1.22784
-2.30153
-1.38393
-2.10775
-2.58098
-1.1005
-3.28383
0.646447
-1.66847
0.0649824
-0.64159
-3.21858
-2.49786
-0.942947
-2.36466
-2.25008
-1.62878
-2.4926
-1.28651
-4.09599
-1.87791
-1.30829
-2.50391
-0.408288
0
-2.87683
-1.48227
-0.983634
-1.08426
-1.56805
-1.89718
-1.88479
-3.50699
-1.85334
-1.59827
-1.9798
-1.34123
-2.3457
-3.92284
-3.75949
-4.07937
-2.7581
-0.751848
-0.803826
-2.56199
-1.48775
-1.27122
-0.993035
-2.08795
-0.636521
-1.93715
-2.87683
0
-2.41862
-2.04877
-3.01012
-2.58407
-3.03982
-1.64626
-2.08805
-1.79909
-2.55118
-2.10905
-3.11643
-2.04164
-4.07498
-1.69814
-3.56394
-1.84792
-1.49378
-1.23342
-3.90522
-2.97658
-3.75614
-2.31883
-2.47454
-3.37009
-2.75812
-1.48227
-2.41862
0
-1.65345
-3.29755
-1.2682
-3.64669
-3.27897
-0.867984
-2.31584
-0.688683
-0.999537
-3.5158
-0.916313
-2.55902
-2.56557
-2.43906
-2.45705
-1.12754
-3.83568
-1.52427
-2.83779
-1.96118
-1.4504
-0.645848
-1.52879
-1.22784
-0.983634
-2.04877
-1.65345
0
-2.14151
-4.21869
-2.23182
-1.46178
-4.1492
-1.91718
-1.24767
-2.03508
-1.83097
-1.65268
-1.72651
-3.05603
-3.35864
-1.74284
-1.54685
-1.68858
-1.35898
-3.7839
-2.24526
-1.44574
-2.242
-2.23381
-2.30153
-1.08426
-3.01012
-3.29755
-2.14151
0
-2.82745
-1.56174
-2.0256
-2.66257
-2.55612
-1.13169
-1.56414
-0.873653
-2.75453
-2.66384
-2.84404
-1.50894
-2.88356
-0.603031
-1.04447
-3.11289
-1.21073
-1.82773
-2.15754
-2.25062
-1.71466
-1.38393
-1.56805
-2.58407
-1.2682
-4.21869
-2.82745
0
-2.15575
-2.34842
-1.75266
-2.55559
-1.92997
-3.07413
-2.61153
-0.102944
-2.72472
-2.56505
-1.26119
-3.95867
-2.85391
-3.55051
-1.24005
-2.87719
-2.52905
-1.04887
-1.93723
-3.5845
-2.10775
-1.89718
-3.03982
-3.64669
-2.23182
-1.56174
-2.15575
0
-2.32527
-1.83297
-2.54696
-2.86147
-1.84786
-4.01045
-1.80935
-2.16138
-3.49631
-3.17928
-3.47619
-3.65042
0.564081
-3.38228
-1.56704
-1.44305
-0.689403
-4.16165
-1.43666
-2.58098
-1.88479
-1.64626
-3.27897
-1.46178
-2.0256
-2.34842
-2.32527
0
-1.2251
-4.35849
-2.48394
-0.526789
-0.495248
-0.24391
-2.50634
-2.75573
-2.2941
-1.76939
-4.1153
-3.76704
-2.00254
-2.30425
-1.80253
-0.391007
-2.41491
-2.8644
-1.1005
-3.50699
-2.08805
-0.867984
-4.1492
-2.66257
-1.75266
-1.83297
-1.2251
0
-2.21042
-1.92004
-2.55442
-3.25777
-1.76807
-1.07292
-3.03399
-2.07476
-2.64179
-2.05456
-3.21423
-3.2969
-3.09697
-1.85251
-1.34723
-0.5068
-2.24171
-3.28383
-1.85334
-1.79909
-2.31584
-1.91718
-2.55612
-2.55559
-2.54696
-4.35849
-2.21042
0
-2.4232
-1.28278
-0.425831
-1.23561
-1.71468
-4.94368
-1.28655
-3.15676
-3.63017
0.501382
-1.80401
-2.74999
-1.24705
-2.40656
-1.87871
-1.12026
0.646447
-1.59827
-2.55118
-0.688683
-1.24767
-1.13169
-1.92997
-2.86147
-2.48394
-1.92004
-2.4232
0
-2.62568
-2.39433
-1.47166
-2.84383
-2.66597
-1.13979
-0.792797
-1.69923
-1.52651
-1.87826
-2.27038
-2.18235
-0.317971
-1.94835
-1.96834
-1.66847
-1.9798
-2.10905
-0.999537
-2.03508
-1.56414
-3.07413
-1.84786
-0.526789
-2.55442
-1.28278
-2.62568
0
-1.85367
-2.49763
-2.4996
-2.47062
-2.10206
-3.42735
-1.01303
-1.32122
-4.23305
-0.0814806
-2.20281
-2.09816
-2.60866
-3.81074
0.0649824
-1.34123
-3.11643
-3.5158
-1.83097
-0.873653
-2.61153
-4.01045
-0.495248
-3.25777
-0.425831
-2.39433
-1.85367
0
-1.73215
-0.607753
-2.65893
-1.96221
-2.71672
-1.28289
-1.72255
-2.20354
-1.32833
-0.915189
-2.31217
-1.62635
-2.44048
-0.64159
-2.3457
-2.04164
-0.916313
-1.65268
-2.75453
-0.102944
-1.80935
-0.24391
-1.76807
-1.23561
-1.47166
-2.49763
-1.73215
0
-1.8185
-0.986987
-1.50228
-2.37281
-1.07796
-3.01988
-2.30176
0.0339465
-4.18992
-3.77112
-3.23596
-2.45463
-3.21858
-3.92284
-4.07498
-2.55902
-1.72651
-2.66384
-2.72472
-2.16138
-2.50634
-1.07292
-1.71468
-2.84383
-2.4996
-0.607753
-1.8185
0
-5.16162
-0.935763
-3.22001
-2.32601
-0.468115
-2.13383
-2.47619
-2.37922
-0.806575
-2.37514
0.0313821
-2.49786
-3.75949
-1.69814
-2.56557
-3.05603
-2.84404
-2.56505
-3.49631
-2.75573
-3.03399
-4.94368
-2.66597
-2.47062
-2.65893
-0.986987
-5.16162
0
-0.657183
-1.13646
-1.9638
-2.42086
-2.27249
-2.03144
-1.43921
-1.71544
-3.07268
-1.42712
-0.942947
-4.07937
-3.56394
-2.43906
-3.35864
-1.50894
-1.26119
-3.17928
-2.2941
-2.07476
-1.28655
-1.13979
-2.10206
-1.96221
-1.50228
-0.935763
-0.657183
0
-2.76835
-1.4059
-1.56374
-3.78492
-1.92553
-3.96209
-3.3051
-2.78049
-2.15036
-2.36466
-2.7581
-1.84792
-2.45705
-1.74284
-2.88356
-3.95867
-3.47619
-1.76939
-2.64179
-3.15676
-0.792797
-3.42735
-2.71672
-2.37281
-3.22001
-1.13646
-2.76835
0
-2.26695
-1.65951
-2.38973
-2.63668
0.0153236
-3.10221
-1.03208
-1.56517
-2.25008
-0.751848
-1.49378
-1.12754
-1.54685
-0.603031
-2.85391
-3.65042
-4.1153
-2.05456
-3.63017
-1.69923
-1.01303
-1.28289
-1.07796
-2.32601
-1.9638
-1.4059
-2.26695
0
-2.78535
-2.26097
-2.76004
-2.96087
-1.22972
-0.708663
-2.60867
-1.62878
-0.803826
-1.23342
-3.83568
-1.68858
-1.04447
-3.55051
0.564081
-3.76704
-3.21423
0.501382
-1.52651
-1.32122
-1.72255
-3.01988
-0.468115
-2.42086
-1.56374
-1.65951
-2.78535
0
-1.73832
-2.77323
-1.22988
-1.80295
-1.38019
-0.759387
-2.4926
-2.56199
-3.90522
-1.52427
-1.35898
-3.11289
-1.24005
-3.38228
-2.00254
-3.2969
-1.80401
-1.87826
-4.23305
-2.20354
-2.30176
-2.13383
-2.27249
-3.78492
-2.38973
-2.26097
-1.73832
0
-0.975993
-2.7865
0.0460684
-3.94398
-1.57014
-1.28651
-1.48775
-2.97658
-2.83779
-3.7839
-1.21073
-2.87719
-1.56704
-2.30425
-3.09697
-2.74999
-2.27038
-0.0814806
-1.32833
0.0339465
-2.47619
-2.03144
-1.92553
-2.63668
-2.76004
-2.77323
-0.975993
0
-0.678229
-1.73378
-2.1148
-3.26358
-4.09599
-1.27122
-3.75614
-1.96118
-2.24526
-1.82773
-2.52905
-1.44305
-1.80253
-1.85251
-1.24705
-2.18235
-2.20281
-0.915189
-4.18992
-2.37922
-1.43921
-3.96209
0.0153236
-2.96087
-1.22988
-2.7865
-0.678229
0
-1.79544
-1.80017
-0.746794
-1.87791
-0.993035
-2.31883
-1.4504
-1.44574
-2.15754
-1.04887
-0.689403
-0.391007
-1.34723
-2.40656
-0.317971
-2.09816
-2.31217
-3.77112
-0.806575
-1.71544
-3.3051
-3.10221
-1.22972
-1.80295
0.0460684
-1.73378
-1.79544
0
-1.7974
-0.262358
-1.30829
-2.08795
-2.47454
-0.645848
-2.242
-2.25062
-1.93723
-4.16165
-2.41491
-0.5068
-1.87871
-1.94835
-2.60866
-1.62635
-3.23596
-2.37514
-3.07268
-2.78049
-1.03208
-0.708663
-1.38019
-3.94398
-2.1148
-1.80017
-1.7974
0
-1.03351
-2.50391
-0.636521
-3.37009
-1.52879
-2.23381
-1.71466
-3.5845
-1.43666
-2.8644
-2.24171
-1.12026
-1.96834
-3.81074
-2.44048
-2.45463
0.0313821
-1.42712
-2.15036
-1.56517
-2.60867
-0.759387
-1.57014
-3.26358
-0.746794
-0.262358
-1.03351
0
