0
-2.42087
-2.79521
-1.72925
-0.664565
-3.40143
-1.27347
-2.04846
-0.791878
0.236274
-0.998611
-0.74565
-2.72163
-2.99864
-1.51905
-1.81355
-1.77686
-0.0145352
-0.188238
-1.00969
-3.9612
-2.15443
-1.96064
-0.603183
-1.45507
-1.78525
-1.90499
-2.42087
0
0.131923
-3.94832
-0.441406
-3.0513
-3.03637
-1.56196
-1.36066
-1.89373
-1.42274
-2.42227
-2.22534
-2.60857
-2.88708
-0.47886
-1.9798
-0.340319
-2.11076
-2.76239
-2.0958
-2.33435
-2.1345
-2.46085
-1.97107
-3.03276
-1.39122
-2.79521
0.131923
0
-1.72045
-1.05523
-3.52599
-2.63966
-1.3603
-1.65401
-2.14646
-2.06938
-1.74539
-1.30271
-2.08518
-1.44682
-1.39142
-3.64282
-1.63071
-2.44301
-3.26437
-1.24723
-2.3652
-3.73798
-2.02413
-2.4921
-1.80045
-0.0616073
-1.72925
-3.94832
-1.72045
0
-0.822507
-3.17842
-1.15491
-0.465625
-2.02749
-3.14222
-2.15931
-3.15321
-3.42408
-0.529244
-1.68658
-0.488327
-1.37138
-3.24274
-2.17562
-0.408368
-1.76905
-0.41637
-1.76164
-1.9049
-3.05335
-0.839496
-2.06605
-0.664565
-0.441406
-1.05523
-0.822507
0
-1.98456
-1.45982
-3.06824
-1.88781
-2.41797
-1.68528
-0.704867
-0.996989
-2.57879
-2.50022
-3.75166
-2.78229
-0.403724
-2.19021
-0.740804
-2.32036
-2.60825
-3.81476
-2.2412
-1.25372
-1.29188
-0.675396
-3.40143
-3.0513
-3.52599
-3.17842
-1.98456
0
-1.3951
0.0591374
-1.90666
-1.4073
-2.15132
-1.45958
-2.06526
-2.46267
-0.286606
-3.05236
-2.13368
-3.28864
-2.60086
-2.30046
-2.72467
-4.0881
-2.42602
-2.10922
-3.55066
-2.17277
-3.06379
-1.27347
-3.03637
-2.63966
-1.15491
-1.45982
-1.3951
0
-1.65271
-1.45431
-1.18013
-1.93429
-3.31916
-1.08251
-4.24069
-2.46426
-4.31001
-0.748881
-2.20594
-1.02627
-1.01984
-2.626
-3.24415
-2.50973
-2.29317
-0.579447
-0.70992
-2.14333
-2.04846
-1.56196
-1.3603
-0.465625
-3.06824
0.0591374
-1.65271
0
-0.191584
-1.88788
-1.60311
-2.13487
0.523208
-1.82115
-3.08335
-1.00735
-1.9014
-1.80641
-2.67065
-0.555904
-1.75528
-1.26913
-3.77571
-1.88168
-1.90921
-2.84618
-3.75291
-0.791878
-1.36066
-1.65401
-2.02749
-1.88781
-1.90666
-1.45431
-0.191584
0
-1.21309
-2.20545
-2.01212
-1.16788
-1.21588
-1.64442
-2.32169
-1.23256
-3.40216
-4.26576
-3.75581
-2.22854
-2.3279
-2.94912
-3.48779
-1.65808
0.216791
-2.22235
0.236274
-1.89373
-2.14646
-3.14222
-2.41797
-1.4073
-1.18013
-1.88788
-1.21309
0
-2.89248
-1.63281
-2.15625
-2.01087
-2.63396
0.0669581
-1.77302
-3.74673
-1.17096
-2.57738
-2.25029
-2.41816
-3.49695
-1.73089
-0.942404
-1.4783
-0.731221
-0.998611
-1.42274
-2.06938
-2.15931
-1.68528
-2.15132
-1.93429
-1.60311
-2.20545
-2.89248
0
-1.44772
-2.61697
-2.65271
-1.1987
-1.92694
-1.82375
-4.20429
-2.37605
-1.82717
-1.64214
-3.23095
-0.857017
-2.72978
-2.23484
-1.71221
-0.855337
-0.74565
-2.42227
-1.74539
-3.15321
-0.704867
-1.45958
-3.31916
-2.13487
-2.01212
-1.63281
-1.44772
0
-2.19348
-1.13273
-2.22645
-2.88992
-3.99066
-2.51845
-2.72605
-3.52909
-0.751052
-1.8216
-1.74839
-1.87845
-4.02343
-1.69094
-1.64564
-2.72163
-2.22534
-1.30271
-3.42408
-0.996989
-2.06526
-1.08251
0.523208
-1.16788
-2.15625
-2.61697
-2.19348
0
-2.34443
-2.89478
-0.645229
-1.2854
-1.29664
-3.82478
-1.41649
-2.12249
-3.04293
-2.25815
-2.46404
-4.15782
-3.13043
-2.51206
-2.99864
-2.60857
-2.08518
-0.529244
-2.57879
-2.46267
-4.24069
-1.82115
-1.21588
-2.01087
-2.65271
-1.13273
-2.34443
0
-2.481
-1.75483
-0.683511
-2.98298
-3.00567
-1.5031
-1.54407
-2.574
-1.71001
-2.02992
-2.38126
-1.72894
-1.15201
-1.51905
-2.88708
-1.44682
-1.68658
-2.50022
-0.286606
-2.46426
-3.08335
-1.64442
-2.63396
-1.1987
-2.22645
-2.89478
-2.481
0
-2.84873
-1.10244
-1.97432
-1.41884
-1.10885
-0.52486
-3.92015
-2.58015
-0.69788
-3.15045
-0.724104
-1.78733
-1.81355
-0.47886
-1.39142
-0.488327
-3.75166
-3.05236
-4.31001
-1.00735
-2.32169
0.0669581
-1.92694
-2.88992
-0.645229
-1.75483
-2.84873
0
-0.604631
-3.71496
-0.474118
-0.434345
-3.19354
-2.16577
-2.80892
-0.25062
-1.21519
-2.23441
-1.59035
-1.77686
-1.9798
-3.64282
-1.37138
-2.78229
-2.13368
-0.748881
-1.9014
-1.23256
-1.77302
-1.82375
-3.99066
-1.2854
-0.683511
-1.10244
-0.604631
0
-3.04099
-3.00326
-2.38941
-1.23202
-3.22351
0.0781364
-2.03273
-2.84951
-0.892882
-2.17653
-0.0145352
-0.340319
-1.63071
-3.24274
-0.403724
-3.28864
-2.20594
-1.80641
-3.40216
-3.74673
-4.20429
-2.51845
-1.29664
-2.98298
-1.97432
-3.71496
-3.04099
0
-1.3845
-1.23793
-1.77378
-1.45375
-2.29395
-0.98682
-0.836047
-1.06711
-4.07975
-0.188238
-2.11076
-2.44301
-2.17562
-2.19021
-2.60086
-1.02627
-2.67065
-4.26576
-1.17096
-2.37605
-2.72605
-3.82478
-3.00567
-1.41884
-0.474118
-3.00326
-1.3845
0
-3.58689
-1.87962
-2.90324
-1.11491
-1.21752
-2.88415
-3.29581
-2.6523
-1.00969
-2.76239
-3.26437
-0.408368
-0.740804
-2.30046
-1.01984
-0.555904
-3.75581
-2.57738
-1.82717
-3.52909
-1.41649
-1.5031
-1.10885
-0.434345
-2.38941
-1.23793
-3.58689
0
-1.1756
-2.89619
-1.47339
-2.83016
-1.32602
-0.51262
-2.27645
-3.9612
-2.0958
-1.24723
-1.76905
-2.32036
-2.72467
-2.626
-1.75528
-2.22854
-2.25029
-1.64214
-0.751052
-2.12249
-1.54407
-0.52486
-3.19354
-1.23202
-1.77378
-1.87962
-1.1756
0
-1.33776
-2.18308
-2.75712
-0.884438
-3.58527
-1.88904
-2.15443
-2.33435
-2.3652
-0.41637
-2.60825
-4.0881
-3.24415
-1.26913
-2.3279
-2.41816
-3.23095
-1.8216
-3.04293
-2.574
-3.92015
-2.16577
-3.22351
-1.45375
-2.90324
-2.89619
-1.33776
0
-3.30561
-1.65309
-2.93395
-3.51521
-3.50226
-1.96064
-2.1345
-3.73798
-1.76164
-3.81476
-2.42602
-2.50973
-3.77571
-2.94912
-3.49695
-0.857017
-1.74839
-2.25815
-1.71001
-2.58015
-2.80892
0.0781364
-2.29395
-1.11491
-1.47339
-2.18308
-3.30561
0
-2.07099
-1.76117
-2.25177
-1.91839
-0.603183
-2.46085
-2.02413
-1.9049
-2.2412
-2.10922
-2.29317
-1.88168
-3.48779
-1.73089
-2.72978
-1.87845
-2.46404
-2.02992
-0.69788
-0.25062
-2.03273
-0.98682
-1.21752
-2.83016
-2.75712
-1.65309
-2.07099
0
-4.26911
-0.659927
-0.942816
-1.45507
-1.97107
-2.4921
-3.05335
-1.25372
-3.55066
-0.579447
-1.90921
-1.65808
-0.942404
-2.23484
-4.02343
-4.15782
-2.38126
-3.15045
-1.21519
-2.84951
-0.836047
-2.88415
-1.32602
-0.884438
-2.93395
-1.76117
-4.26911
0
-2.52677
-3.17213
-1.78525
-3.03276
-1.80045
-0.839496
-1.29188
-2.17277
-0.70992
-2.84618
0.216791
-1.4783
-1.71221
-1.69094
-3.13043
-1.72894
-0.724104
-2.23441
-0.892882
-1.06711
-3.29581
-0.51262
-3.58527
-3.51521
-2.25177
-0.659927
-2.52677
0
-1.76618
-1.90499
-1.39122
-0.0616073
-2.06605
-0.675396
-3.06379
-2.14333
-3.75291
-2.22235
-0.731221
-0.855337
-1.64564
-2.51206
-1.15201
-1.78733
-1.59035
-2.17653
-4.07975
-2.6523
-2.27645
-1.88904
-3.50226
-1.91839
-0.942816
-3.17213
-1.76618
0
