0
-3.21259
-1.14996
-3.32527
-1.42727
-0.544058
-2.73809
-3.95825
-1.13462
-0.725449
-2.5011
-1.29427
-1.80899
-3.20478
0.0194677
-0.998681
-3.44066
-2.09895
-1.67082
-1.05469
-2.67003
-2.53679
-1.47213
-2.31024
-1.68431
-2.07887
-2.67988
-3.21259
0
0.509774
-1.96269
-1.48678
-2.56753
-1.59628
-1.60411
-2.79128
-2.20472
-1.70524
-2.82418
-2.199
-2.66729
-1.62092
-1.9168
-1.78438
-1.28042
-2.82879
-3.17264
-2.84888
-3.7442
-3.68604
-1.44698
-0.856947
-0.202873
-0.925093
-1.14996
0.509774
0
-2.87011
-4.17344
-3.07179
-1.33712
-0.896105
-2.08621
-2.3125
-4.08948
-0.927463
-1.39582
-0.64041
-0.0598692
-2.30595
-1.22962
-2.89413
-2.88818
-3.06963
-1.31114
-1.93725
-1.1628
-2.30345
-1.58513
-3.337
-2.8618
-3.32527
-1.96269
-2.87011
0
-2.55146
-2.58464
-1.04788
-2.46708
-3.20634
-1.57933
-0.161774
-2.54414
-1.9489
-2.52005
-2.65983
-3.29547
-0.32563
-1.63016
-1.45798
-3.01562
-3.21386
-1.56386
-2.44888
-2.60143
-3.07711
-1.65171
-1.89625
-1.42727
-1.48678
-4.17344
-2.55146
0
-2.51686
-0.432572
-1.04188
-1.43353
-2.1303
-2.24824
-2.77156
-1.36419
-1.67032
-0.152047
-0.886661
-1.82891
-1.80425
-1.90116
-1.55415
-3.19004
-0.342833
-1.71255
-2.63215
-3.28246
-1.67854
-2.4868
-0.544058
-2.56753
-3.07179
-2.58464
-2.51686
0
-0.18083
-2.27843
-2.19513
-2.02158
-0.729093
-2.88598
-1.91534
-2.0292
-1.27474
-3.79355
-2.65284
-2.36489
-1.60434
-0.869504
-2.21225
-3.09777
-0.659442
-0.76193
-4.38237
-0.579379
-1.17799
-2.73809
-1.59628
-1.33712
-1.04788
-0.432572
-0.18083
0
-2.33622
-3.41994
-3.40718
-3.65954
-1.02258
-3.96657
-2.01712
-1.23086
-1.8968
-4.87159
-1.29159
-1.59859
-1.35615
-1.38997
-0.270257
-2.6039
-0.823176
-2.85767
-0.80945
-1.36143
-3.95825
-1.60411
-0.896105
-2.46708
-1.04188
-2.27843
-2.33622
0
-1.15752
-1.86208
-1.55744
-2.90826
-2.09018
-1.64826
-1.77801
-2.3958
-1.96653
-1.33724
-2.88461
-1.16731
-2.38389
-0.65907
-1.3186
-1.5291
-1.64617
-2.25906
-1.96575
-1.13462
-2.79128
-2.08621
-3.20634
-1.43353
-2.19513
-3.41994
-1.15752
0
-2.7016
-0.20726
-0.85493
-2.60428
-0.343456
-0.346737
-3.49727
-1.8582
-1.77282
-2.17181
-1.62747
-1.3522
-2.40514
-1.22734
-0.251969
-3.11141
-2.81154
-3.74908
-0.725449
-2.20472
-2.3125
-1.57933
-2.1303
-2.02158
-3.40718
-1.86208
-2.7016
0
-1.11889
-0.713815
-1.24947
-1.32813
-1.90393
-1.87769
-1.10249
-2.95533
-1.42798
-2.18715
-1.73363
-2.28477
-2.42625
-2.45005
-2.58364
-1.37919
-2.66169
-2.5011
-1.70524
-4.08948
-0.161774
-2.24824
-0.729093
-3.65954
-1.55744
-0.20726
-1.11889
0
-2.24606
-0.811412
-1.88348
-2.96358
-2.26231
-3.62846
-2.55043
-2.93732
-4.03833
-3.37402
-3.67756
-1.63157
-0.773153
-4.78517
-2.70078
-1.46909
-1.29427
-2.82418
-0.927463
-2.54414
-2.77156
-2.88598
-1.02258
-2.90826
-0.85493
-0.713815
-2.24606
0
-3.21704
-2.23599
-1.79973
-1.75274
-1.89896
-1.51722
-0.62124
-0.955457
-1.86415
-1.47602
-2.12834
-1.51219
-0.903107
-1.39525
-1.25574
-1.80899
-2.199
-1.39582
-1.9489
-1.36419
-1.91534
-3.96657
-2.09018
-2.60428
-1.24947
-0.811412
-3.21704
0
-0.67961
-1.98985
-1.37968
-0.430744
-1.68553
-0.973275
-2.01381
-3.50803
-1.67703
-0.441161
-1.73593
-2.22129
-2.71844
-0.116355
-3.20478
-2.66729
-0.64041
-2.52005
-1.67032
-2.0292
-2.01712
-1.64826
-0.343456
-1.32813
-1.88348
-2.23599
-0.67961
0
-1.1595
-3.88073
-3.02199
-1.05536
-4.97483
-2.62556
-0.372932
-1.88393
-1.78317
0.329293
-1.6082
-2.2706
-0.529286
0.0194677
-1.62092
-0.0598692
-2.65983
-0.152047
-1.27474
-1.23086
-1.77801
-0.346737
-1.90393
-2.96358
-1.79973
-1.98985
-1.1595
0
-2.1152
-3.02756
-2.99842
-3.22054
-1.45157
-1.32745
-2.57948
-0.979
-2.7839
-2.33512
-0.509536
-1.42856
-0.998681
-1.9168
-2.30595
-3.29547
-0.886661
-3.79355
-1.8968
-2.3958
-3.49727
-1.87769
-2.26231
-1.75274
-1.37968
-3.88073
-2.1152
0
-1.21823
-0.214889
-1.86694
-2.19693
-1.60785
-1.42173
-1.9717
-2.90365
-2.37306
-2.48733
-1.96149
-3.44066
-1.78438
-1.22962
-0.32563
-1.82891
-2.65284
-4.87159
-1.96653
-1.8582
-1.10249
-3.62846
-1.89896
-0.430744
-3.02199
-3.02756
-1.21823
0
-0.592199
-0.986427
-0.719863
-2.79496
-1.42325
-2.79195
-3.25151
-2.07397
-3.91999
-3.01185
-2.09895
-1.28042
-2.89413
-1.63016
-1.80425
-2.36489
-1.29159
-1.33724
-1.77282
-2.95533
-2.55043
-1.51722
-1.68553
-1.05536
-2.99842
-0.214889
-0.592199
0
-3.43495
-1.02421
-2.68413
-1.97292
-3.26311
-1.70314
-1.73537
-1.53401
-3.62717
-1.67082
-2.82879
-2.88818
-1.45798
-1.90116
-1.60434
-1.59859
-2.88461
-2.17181
-1.42798
-2.93732
-0.62124
-0.973275
-4.97483
-3.22054
-1.86694
-0.986427
-3.43495
0
-1.61742
-1.08025
-2.00155
-2.61722
-0.589545
-0.471386
-3.21431
-2.51498
-1.05469
-3.17264
-3.06963
-3.01562
-1.55415
-0.869504
-1.35615
-1.16731
-1.62747
-2.18715
-4.03833
-0.955457
-2.01381
-2.62556
-1.45157
-2.19693
-0.719863
-1.02421
-1.61742
0
-0.268307
-3.30961
-1.41731
-3.30158
-2.46497
-4.25636
-2.09761
-2.67003
-2.84888
-1.31114
-3.21386
-3.19004
-2.21225
-1.38997
-2.38389
-1.3522
-1.73363
-3.37402
-1.86415
-3.50803
-0.372932
-1.32745
-1.60785
-2.79496
-2.68413
-1.08025
-0.268307
0
-1.93247
-2.63325
-1.00029
-0.971331
-1.35981
-2.87708
-2.53679
-3.7442
-1.93725
-1.56386
-0.342833
-3.09777
-0.270257
-0.65907
-2.40514
-2.28477
-3.67756
-1.47602
-1.67703
-1.88393
-2.57948
-1.42173
-1.42325
-1.97292
-2.00155
-3.30961
-1.93247
0
-2.38717
-2.19604
-1.724
-2.39781
-1.1779
-1.47213
-3.68604
-1.1628
-2.44888
-1.71255
-0.659442
-2.6039
-1.3186
-1.22734
-2.42625
-1.63157
-2.12834
-0.441161
-1.78317
-0.979
-1.9717
-2.79195
-3.26311
-2.61722
-1.41731
-2.63325
-2.38717
0
-0.972347
-2.14879
-3.4525
-0.990239
-2.31024
-1.44698
-2.30345
-2.60143
-2.63215
-0.76193
-0.823176
-1.5291
-0.251969
-2.45005
-0.773153
-1.51219
-1.73593
0.329293
-2.7839
-2.90365
-3.25151
-1.70314
-0.589545
-3.30158
-1.00029
-2.19604
-0.972347
0
-1.06062
-2.77532
-2.13817
-1.68431
-0.856947
-1.58513
-3.07711
-3.28246
-4.38237
-2.85767
-1.64617
-3.11141
-2.58364
-4.78517
-0.903107
-2.22129
-1.6082
-2.33512
-2.37306
-2.07397
-1.73537
-0.471386
-2.46497
-0.971331
-1.724
-2.14879
-1.06062
0
-1.86931
-2.88545
-2.07887
-0.202873
-3.337
-1.65171
-1.67854
-0.579379
-0.80945
-2.25906
-2.81154
-1.37919
-2.70078
-1.39525
-2.71844
-2.2706
-0.509536
-2.48733
-3.91999
-1.53401
-3.21431
-4.25636
-1.35981
-2.39781
-3.4525
-2.77532
-1.86931
0
-2.26215
-2.67988
-0.925093
-2.8618
-1.89625
-2.4868
-1.17799
-1.36143
-1.96575
-3.74908
-2.66169
-1.46909
-1.25574
-0.116355
-0.529286
-1.42856
-1.96149
-3.01185
-3.62717
-2.51498
-2.09761
-2.87708
-1.1779
-0.990239
-2.13817
-2.88545
-2.26215
0
