0
-2.21451
-2.66351
-0.693113
-1.40367
-2.20397
-3.08481
-1.22304
-1.89294
-2.8781
-1.64329
-1.9633
-1.59078
-0.319546
-1.36913
-2.27375
-3.29424
-1.65197
-2.16217
-0.322895
-2.61817
-1.86073
-2.20935
-1.87585
-3.62639
-1.9162
-2.51473
-2.21451
0
-0.457303
-1.97289
-2.68298
-1.5639
-1.76898
-2.43425
-1.56315
-2.8998
-1.73213
-1.7725
-1.036
-2.66401
-1.98376
-2.29034
-2.46223
-0.40627
-2.83309
-0.650791
-1.0432
-1.90952
-0.501643
-1.73153
-2.10312
-0.991099
-1.61151
-2.66351
-0.457303
0
-3.19877
-2.83631
-1.82877
-1.69238
-2.39067
-2.59159
-1.49517
-1.72293
-2.68732
-1.57986
-2.43289
-0.570582
-4.8661
-1.85303
-1.88445
-1.46168
-1.78392
-3.53458
-2.84825
-2.60254
-2.84879
-1.51979
-2.19595
0.342152
-0.693113
-1.97289
-3.19877
0
-2.47099
-3.48073
-1.01137
-2.49715
-2.42662
-2.49107
-3.08521
-1.11757
-2.60414
-3.23523
-0.57119
-2.32352
-1.54736
-1.86744
-2.56602
-1.80167
-2.53426
-1.28268
-2.57453
-2.75547
-1.97021
-3.84911
-0.961788
-1.40367
-2.68298
-2.83631
-2.47099
0
-1.93767
-0.476586
-1.82281
-2.12021
-2.34607
-2.74854
-2.21235
-1.27659
-1.86377
-1.14738
-1.52573
-1.63015
-2.93012
-2.66413
-3.24962
-2.20041
-0.461139
-1.5701
-0.613914
-2.3729
-2.74035
-1.77329
-2.20397
-1.5639
-1.82877
-3.48073
-1.93767
0
-2.95761
-0.119322
-2.6917
-1.43766
-2.23333
-3.07792
-2.73219
-0.876182
-1.62856
-0.558298
-1.97489
-2.33457
-1.88493
-2.72331
-1.54729
-2.79191
-2.50267
-2.78749
-2.36588
-2.57383
-2.60286
-3.08481
-1.76898
-1.69238
-1.01137
-0.476586
-2.95761
0
-3.24741
-0.456879
-3.75954
-1.15136
-2.06204
-1.91902
-2.3836
-1.46681
0.760272
-2.08979
-2.54045
-2.48042
0.370125
-2.67363
-1.77816
-2.15043
-3.29431
-2.38491
-1.95559
-2.93449
-1.22304
-2.43425
-2.39067
-2.49715
-1.82281
-0.119322
-3.24741
0
-3.3155
-1.59404
-1.11163
-0.440515
-0.328535
-2.46792
-2.19101
-1.45299
-2.50453
-3.46157
-2.51562
-0.732209
-1.78166
-1.75506
-0.128489
-2.53601
0.116813
-1.55315
-1.22252
-1.89294
-1.56315
-2.59159
-2.42662
-2.12021
-2.6917
-0.456879
-3.3155
0
-3.37398
-2.64235
-1.75059
-3.18714
-1.42893
-2.61928
-3.12256
-2.43896
-3.33286
-3.49657
-3.75832
-2.21493
-3.05984
-3.20253
-2.23476
-2.76541
-1.78402
-0.625168
-2.8781
-2.8998
-1.49517
-2.49107
-2.34607
-1.43766
-3.75954
-1.59404
-3.37398
0
-0.967615
-2.08394
-1.99329
-2.71558
-1.10083
-0.850941
-0.59723
-2.94245
-4.278
-3.09269
-2.56268
-2.65621
-1.32635
-5.44388
-1.44526
-0.310874
-1.45768
-1.64329
-1.73213
-1.72293
-3.08521
-2.74854
-2.23333
-1.15136
-1.11163
-2.64235
-0.967615
0
-3.40752
-1.36663
-1.75019
-2.99498
-1.66731
-3.53279
-0.824895
-2.63964
-1.08123
-3.15231
-2.42931
-1.49412
0.553971
-2.30891
-2.02699
-2.38044
-1.9633
-1.7725
-2.68732
-1.11757
-2.21235
-3.07792
-2.06204
-0.440515
-1.75059
-2.08394
-3.40752
0
-4.91637
-1.51108
-1.65719
-2.67125
-1.7073
-1.19666
-1.03832
-0.617303
-0.607065
-3.24057
-2.21873
-1.30465
-2.79632
-2.32643
-1.72712
-1.59078
-1.036
-1.57986
-2.60414
-1.27659
-2.73219
-1.91902
-0.328535
-3.18714
-1.99329
-1.36663
-4.91637
0
-0.772681
-0.469016
-1.10277
-0.171949
-3.23875
-1.572
-1.78631
-1.1519
-1.35802
-3.03984
-1.88027
-1.31099
-1.05265
-0.84616
-0.319546
-2.66401
-2.43289
-3.23523
-1.86377
-0.876182
-2.3836
-2.46792
-1.42893
-2.71558
-1.75019
-1.51108
-0.772681
0
-1.55121
-0.954059
-2.72746
-1.51001
-0.924517
-0.697238
-2.89343
-1.82567
-1.47265
-1.13866
-0.727639
-2.35076
-1.22626
-1.36913
-1.98376
-0.570582
-0.57119
-1.14738
-1.62856
-1.46681
-2.19101
-2.61928
-1.10083
-2.99498
-1.65719
-0.469016
-1.55121
0
-2.22026
-1.74781
-2.60612
-4.23311
-0.67101
-0.265211
-3.68466
-2.48901
-0.549498
-2.73731
-2.37719
-2.00172
-2.27375
-2.29034
-4.8661
-2.32352
-1.52573
-0.558298
0.760272
-1.45299
-3.12256
-0.850941
-1.66731
-2.67125
-1.10277
-0.954059
-2.22026
0
-0.839657
-0.924265
-1.43248
-2.77578
-1.96708
-0.897618
-1.98272
-3.0932
-1.9606
-2.08538
-1.31366
-3.29424
-2.46223
-1.85303
-1.54736
-1.63015
-1.97489
-2.08979
-2.50453
-2.43896
-0.59723
-3.53279
-1.7073
-0.171949
-2.72746
-1.74781
-0.839657
0
-2.73287
-3.08684
-1.62147
-2.10416
-1.99379
-2.02716
-1.78854
-3.08502
-3.44388
-1.62662
-1.65197
-0.40627
-1.88445
-1.86744
-2.93012
-2.33457
-2.54045
-3.46157
-3.33286
-2.94245
-0.824895
-1.19666
-3.23875
-1.51001
-2.60612
-0.924265
-2.73287
0
-0.974666
-2.96017
-1.56315
-2.89721
-0.877127
-0.050443
-1.09805
-2.07316
-2.78711
-2.16217
-2.83309
-1.46168
-2.56602
-2.66413
-1.88493
-2.48042
-2.51562
-3.49657
-4.278
-2.63964
-1.03832
-1.572
-0.924517
-4.23311
-1.43248
-3.08684
-0.974666
0
-1.83597
-2.09459
-1.46847
-2.90035
-0.543342
-1.33327
-2.00038
-3.40553
-0.322895
-0.650791
-1.78392
-1.80167
-3.24962
-2.72331
0.370125
-0.732209
-3.75832
-3.09269
-1.08123
-0.617303
-1.78631
-0.697238
-0.67101
-2.77578
-1.62147
-2.96017
-1.83597
0
-1.66535
-2.23316
-2.94911
-2.11041
-2.54407
-2.0489
-3.47084
-2.61817
-1.0432
-3.53458
-2.53426
-2.20041
-1.54729
-2.67363
-1.78166
-2.21493
-2.56268
-3.15231
-0.607065
-1.1519
-2.89343
-0.265211
-1.96708
-2.10416
-1.56315
-2.09459
-1.66535
0
-2.22596
-2.45504
-2.38439
-2.35326
-1.99602
-2.18193
-1.86073
-1.90952
-2.84825
-1.28268
-0.461139
-2.79191
-1.77816
-1.75506
-3.05984
-2.65621
-2.42931
-3.24057
-1.35802
-1.82567
-3.68466
-0.897618
-1.99379
-2.89721
-1.46847
-2.23316
-2.22596
0
-2.23508
-1.38492
-3.28777
-4.44583
-2.37113
-2.20935
-0.501643
-2.60254
-2.57453
-1.5701
-2.50267
-2.15043
-0.128489
-3.20253
-1.32635
-1.49412
-2.21873
-3.03984
-1.47265
-2.48901
-1.98272
-2.02716
-0.877127
-2.90035
-2.94911
-2.45504
-2.23508
0
-2.77177
-2.25931
-1.40553
-2.03633
-1.87585
-1.73153
-2.84879
-2.75547
-0.613914
-2.78749
-3.29431
-2.53601
-2.23476
-5.44388
0.553971
-1.30465
-1.88027
-1.13866
-0.549498
-3.0932
-1.78854
-0.050443
-0.543342
-2.11041
-2.38439
-1.38492
-2.77177
0
-1.04149
0.291079
-0.617515
-3.62639
-2.10312
-1.51979
-1.97021
-2.3729
-2.36588
-2.38491
0.116813
-2.76541
-1.44526
-2.30891
-2.79632
-1.31099
-0.727639
-2.73731
-1.9606
-3.08502
-1.09805
-1.33327
-2.54407
-2.35326
-3.28777
-2.25931
-1.04149
0
-2.24994
-0.528084
-1.9162
-0.991099
-2.19595
-3.84911
-2.74035
-2.57383
-1.95559
-1.55315
-1.78402
-0.310874
-2.02699
-2.32643
-1.05265
-2.35076
-2.37719
-2.08538
-3.44388
-2.07316
-2.00038
-2.0489
-1.99602
-4.44583
-1.40553
0.291079
-2.24994
0
-1.63196
-2.51473
-1.61151
0.342152
-0.961788
-1.77329
-2.60286
-2.93449
-1.22252
-0.625168
-1.45768
-2.38044
-1.72712
-0.84616
-1.22626
-2.00172
-1.31366
-1.62662
-2.78711
-3.40553
-3.47084
-2.18193
-2.37113
-2.03633
-0.617515
-0.528084
-1.63196
0
