0
-1.6672
-2.7459
-2.41618
-0.851005
-1.62663
-1.05585
-2.69115
-2.13598
-2.10391
-2.23443
-1.60123
-4.15871
-3.15406
-2.23497
-2.09103
-2.40563
-2.74696
-2.51682
-3.74813
-0.526653
-2.2231
-3.33367
-2.21709
0.542426
-1.73985
-3.58167
-1.6672
0
-1.99324
-1.34818
-2.66823
-0.218639
-1.98558
-2.44789
-2.19013
-2.17043
-3.33846
-2.06741
-3.01469
-1.2304
-2.5081
-0.907409
-2.64219
-1.29166
-1.76317
-0.950521
-1.31282
-2.91851
-2.9174
-2.8866
-2.17966
-2.12783
-3.242
-2.7459
-1.99324
0
-1.27179
-1.94264
-3.74246
-3.45092
-1.82578
-2.29266
-3.18897
-2.50639
-1.81941
-3.39536
-2.11555
-1.89289
-1.86152
-1.63292
-2.0629
-2.40411
-2.88115
-3.59523
-3.63693
-0.140914
-3.4592
-1.16556
-4.39793
-2.59465
-2.41618
-1.34818
-1.27179
0
-1.56276
-4.24953
-0.360038
-3.51361
-1.41932
-0.208089
-2.46249
-2.19937
-1.70923
-4.71741
-1.98551
-3.09212
-1.45573
-3.16712
-2.5494
-2.34425
-3.56459
-0.937612
-1.28859
-1.60372
-1.58312
-3.58473
-2.59832
-0.851005
-2.66823
-1.94264
-1.56276
0
-2.63457
-1.35164
-1.25169
-1.80649
-2.05355
-2.44892
-0.977998
-2.70626
-0.791906
-0.41809
-1.33498
-2.96885
-3.26651
-2.74951
-1.84917
-3.25685
-0.321269
-0.770715
-0.532959
-1.06454
-1.62842
-1.20297
-1.62663
-0.218639
-3.74246
-4.24953
-2.63457
0
-1.15683
-3.21007
-2.66416
-3.07269
-2.07141
-3.15117
-1.73863
-4.92935
-2.23505
-4.12925
-1.89395
-1.96181
-1.92522
-4.20874
-1.86932
-2.57438
-3.10289
-1.32076
-2.54893
-1.09367
-0.551402
-1.05585
-1.98558
-3.45092
-0.360038
-1.35164
-1.15683
0
-2.40706
-0.853509
-1.43048
-1.91535
-0.224463
-2.24848
-1.40776
-1.32473
-1.34217
-1.83555
-2.52729
-2.80535
-3.17918
-1.91718
-2.98029
0.0895633
-1.24693
-1.16093
-2.67226
-2.32662
-2.69115
-2.44789
-1.82578
-3.51361
-1.25169
-3.21007
-2.40706
0
-1.58313
-0.334307
-2.79751
-1.45803
-1.28464
-1.1435
-4.32804
-2.04998
-2.18994
-1.46333
-2.58834
-4.14951
-1.25257
-0.666026
-3.00782
-2.23398
-0.747639
-1.60765
-1.64853
-2.13598
-2.19013
-2.29266
-1.41932
-1.80649
-2.66416
-0.853509
-1.58313
0
-3.60317
-0.820371
-1.40132
-2.80791
-1.71984
-2.4966
-3.12639
-0.909016
-1.60914
-1.23777
-0.585624
-1.93748
-3.45117
-1.79942
-2.10156
-0.754741
-2.07902
-1.24228
-2.10391
-2.17043
-3.18897
-0.208089
-2.05355
-3.07269
-1.43048
-0.334307
-3.60317
0
-2.8809
-0.441503
-0.185934
-2.02853
-1.47993
-2.32353
-2.1805
-2.34019
-1.68208
-2.04196
-1.30116
-1.4809
-0.986468
-3.89867
-2.13936
-2.85854
-1.22603
-2.23443
-3.33846
-2.50639
-2.46249
-2.44892
-2.07141
-1.91535
-2.79751
-0.820371
-2.8809
0
-1.83034
-2.86281
-3.36408
-1.25577
-1.61718
-1.42206
-4.40857
-0.865163
-2.46965
-2.44848
-3.10408
-2.42256
-2.75975
-1.37636
-1.2726
-2.97121
-1.60123
-2.06741
-1.81941
-2.19937
-0.977998
-3.15117
-0.224463
-1.45803
-1.40132
-0.441503
-1.83034
0
-2.30804
-1.35743
-0.624783
-3.12061
-1.7765
-3.84965
-3.91583
-2.30138
-1.80598
-0.689818
0.394208
-2.57827
-2.57882
-2.46833
-1.05249
-4.15871
-3.01469
-3.39536
-1.70923
-2.70626
-1.73863
-2.24848
-1.28464
-2.80791
-0.185934
-2.86281
-2.30804
0
-1.20536
-0.809234
-1.36351
-2.19012
-1.6222
-3.04918
-2.14913
-0.765416
-1.5813
-3.38426
-2.3127
-1.18211
-2.61525
-1.19795
-3.15406
-1.2304
-2.11555
-4.71741
-0.791906
-4.92935
-1.40776
-1.1435
-1.71984
-2.02853
-3.36408
-1.35743
-1.20536
0
-1.94416
-3.30824
-1.45463
-1.16109
-0.357242
-1.7201
-3.65682
-2.03638
-2.07802
-2.13253
-1.66137
-2.61046
-1.26555
-2.23497
-2.5081
-1.89289
-1.98551
-0.41809
-2.23505
-1.32473
-4.32804
-2.4966
-1.47993
-1.25577
-0.624783
-0.809234
-1.94416
0
-1.91309
-2.75816
-2.60098
-2.19826
-2.10018
-2.8819
-2.67597
-0.9686
-2.66944
-2.17738
-1.79196
-0.402398
-2.09103
-0.907409
-1.86152
-3.09212
-1.33498
-4.12925
-1.34217
-2.04998
-3.12639
-2.32353
-1.61718
-3.12061
-1.36351
-3.30824
-1.91309
0
-2.54872
-0.969122
-2.72139
-1.57477
-3.09296
-3.09693
-2.72486
-1.86967
-3.25264
-2.64882
-1.4841
-2.40563
-2.64219
-1.63292
-1.45573
-2.96885
-1.89395
-1.83555
-2.18994
-0.909016
-2.1805
-1.42206
-1.7765
-2.19012
-1.45463
-2.75816
-2.54872
0
-1.95616
-2.66652
-3.18994
-1.99373
-3.17601
-1.7822
-2.18072
-3.14829
-2.08962
-0.85347
-2.74696
-1.29166
-2.0629
-3.16712
-3.26651
-1.96181
-2.52729
-1.46333
-1.60914
-2.34019
-4.40857
-3.84965
-1.6222
-1.16109
-2.60098
-0.969122
-1.95616
0
-3.21498
-3.11795
-1.59206
-1.02672
-2.60272
-2.25348
-2.15073
-1.93787
-1.0476
-2.51682
-1.76317
-2.40411
-2.5494
-2.74951
-1.92522
-2.80535
-2.58834
-1.23777
-1.68208
-0.865163
-3.91583
-3.04918
-0.357242
-2.19826
-2.72139
-2.66652
-3.21498
0
0.285956
-0.193891
-1.8218
-2.89045
-1.20114
-1.51628
-0.0918533
-3.14925
-3.74813
-0.950521
-2.88115
-2.34425
-1.84917
-4.20874
-3.17918
-4.14951
-0.585624
-2.04196
-2.46965
-2.30138
-2.14913
-1.7201
-2.10018
-1.57477
-3.18994
-3.11795
0.285956
0
-1.94239
-1.75951
-2.23704
-1.52341
0.193629
-1.39068
-1.79541
-0.526653
-1.31282
-3.59523
-3.56459
-3.25685
-1.86932
-1.91718
-1.25257
-1.93748
-1.30116
-2.44848
-1.80598
-0.765416
-3.65682
-2.8819
-3.09296
-1.99373
-1.59206
-0.193891
-1.94239
0
-2.17258
-2.68813
-2.44121
-1.85938
-2.86087
-0.868884
-2.2231
-2.91851
-3.63693
-0.937612
-0.321269
-2.57438
-2.98029
-0.666026
-3.45117
-1.4809
-3.10408
-0.689818
-1.5813
-2.03638
-2.67597
-3.09693
-3.17601
-1.02672
-1.8218
-1.75951
-2.17258
0
-1.07125
-1.94146
-3.43603
-0.673464
-3.21631
-3.33367
-2.9174
-0.140914
-1.28859
-0.770715
-3.10289
0.0895633
-3.00782
-1.79942
-0.986468
-2.42256
0.394208
-3.38426
-2.07802
-0.9686
-2.72486
-1.7822
-2.60272
-2.89045
-2.23704
-2.68813
-1.07125
0
-0.945539
-3.57492
-2.50088
-3.9475
-2.21709
-2.8866
-3.4592
-1.60372
-0.532959
-1.32076
-1.24693
-2.23398
-2.10156
-3.89867
-2.75975
-2.57827
-2.3127
-2.13253
-2.66944
-1.86967
-2.18072
-2.25348
-1.20114
-1.52341
-2.44121
-1.94146
-0.945539
0
-2.06542
-1.01301
-2.72438
0.542426
-2.17966
-1.16556
-1.58312
-1.06454
-2.54893
-1.16093
-0.747639
-0.754741
-2.13936
-1.37636
-2.57882
-1.18211
-1.66137
-2.17738
-3.25264
-3.14829
-2.15073
-1.51628
0.193629
-1.85938
-3.43603
-3.57492
-2.06542
0
-2.87685
-2.1456
-1.73985
-2.12783
-4.39793
-3.58473
-1.62842
-1.09367
-2.67226
-1.60765
-2.07902
-2.85854
-1.2726
-2.46833
-2.61525
-2.61046
-1.79196
-2.64882
-2.08962
-1.93787
-0.0918533
-1.39068
-2.86087
-0.673464
-2.50088
-1.01301
-2.87685
0
-2.26422
-3.58167
-3.242
-2.59465
-2.59832
-1.20297
-0.551402
-2.32662
-1.64853
-1.24228
-1.22603
-2.97121
-1.05249
-1.19795
-1.26555
-0.402398
-1.4841
-0.85347
-1.0476
-3.14925
-1.79541
-0.868884
-3.21631
-3.9475
-2.72438
-2.1456
-2.26422
0
