0
-2.19721
-2.12178
-1.48202
-1.60158
-0.190208
-2.02306
-1.58829
-3.19624
-3.17282
-1.559
-1.53656
-1.47068
-0.236242
-1.44801
-3.11284
-1.01991
-1.7167
-1.85522
0.0787393
-1.30755
-2.5079
-1.40615
-3.57211
-0.515622
-1.49863
-2.18241
-2.19721
0
-2.24639
-1.81886
-1.39938
-4.24186
-3.76265
-1.42481
-2.8591
-0.967258
-1.58681
-2.71512
-2.48977
-2.87732
-1.40905
-2.52783
-1.20878
-3.47219
-0.789322
-2.12622
-0.646339
-2.05247
-2.9113
1.58552
-3.7259
-0.116114
-2.57854
-2.12178
-2.24639
0
-1.77845
-3.20358
-1.82907
-0.993673
-2.74905
-1.09695
-3.63164
-1.73896
-1.81111
-1.66284
-1.59663
-2.52067
-2.81898
-1.36435
-1.5317
-3.82955
-2.58148
-2.83959
-0.990984
-3.43371
-1.11268
-2.99758
-0.411779
-3.11133
-1.48202
-1.81886
-1.77845
0
-2.55625
-2.96099
-1.09285
-3.19433
-2.22116
-3.09826
-1.16024
-0.934645
-2.69943
-2.7772
-1.77176
-1.19667
-1.17598
-1.10136
-2.27103
-4.07266
-2.19568
-0.786795
-2.56239
-2.62654
-1.63949
-3.69908
-3.84263
-1.60158
-1.39938
-3.20358
-2.55625
0
-1.29883
-1.45131
-0.973358
-0.19509
-1.16054
-1.88703
-2.1262
-3.84926
-2.50993
-1.7162
-2.43581
-2.41252
-1.81196
-1.88023
-1.25929
-1.95931
-2.93065
-3.39997
-3.41972
-1.5997
-0.513175
-1.61421
-0.190208
-4.24186
-1.82907
-2.96099
-1.29883
0
-2.35642
-2.66095
-1.53067
-2.66102
-1.7174
-1.37062
-3.9867
-0.686415
-2.75253
-3.38062
-2.2403
-1.64281
-2.28928
-1.14115
-1.64083
-2.26641
-0.95728
-3.35903
-3.30212
-0.539479
-1.53355
-2.02306
-3.76265
-0.993673
-1.09285
-1.45131
-2.35642
0
-1.43408
-0.66172
-0.572943
-1.22749
-0.316477
-2.66448
-0.269137
-0.609834
-1.02829
-2.851
-0.877412
-1.08431
-3.06138
-2.11521
-2.47816
-2.66744
-2.533
-2.92934
-0.812515
-2.00364
-1.58829
-1.42481
-2.74905
-3.19433
-0.973358
-2.66095
-1.43408
0
-1.86636
-2.47373
-2.24023
-3.0406
-0.711178
-1.96055
-2.77709
-1.86387
-1.45514
-2.00508
-1.07442
-0.41092
-2.10129
-2.31451
-0.590759
-1.27635
-0.487622
-3.43507
-4.00344
-3.19624
-2.8591
-1.09695
-2.22116
-0.19509
-1.53067
-0.66172
-1.86636
0
-0.597546
-2.57744
-3.3105
-1.12933
-2.55125
-3.61741
-2.73802
-1.10735
-1.91985
-1.57244
-2.95819
-0.60256
-1.08514
-2.78829
-1.34386
-0.189476
-0.318338
-1.30422
-3.17282
-0.967258
-3.63164
-3.09826
-1.16054
-2.66102
-0.572943
-2.47373
-0.597546
0
-3.28388
-1.56951
-2.25497
-2.69236
-0.986997
-3.31303
-1.9921
-2.5831
-3.50859
-3.38639
-2.56746
-1.72823
-0.539987
-3.31719
-2.51494
-1.60842
-0.902185
-1.559
-1.58681
-1.73896
-1.16024
-1.88703
-1.7174
-1.22749
-2.24023
-2.57744
-3.28388
0
-3.19698
-1.70371
-0.389869
-0.725969
-2.1138
-1.18997
-1.15974
-1.62644
-2.51488
-3.27922
-4.05106
-1.55966
-0.182077
-2.38714
-1.82335
-2.34656
-1.53656
-2.71512
-1.81111
-0.934645
-2.1262
-1.37062
-0.316477
-3.0406
-3.3105
-1.56951
-3.19698
0
-1.98404
-2.47576
-2.10222
-1.1493
-2.13504
-2.54136
0.205965
-1.63294
-1.98107
-2.35712
-2.75073
-2.27339
-3.77706
-3.72497
-2.995
-1.47068
-2.48977
-1.66284
-2.69943
-3.84926
-3.9867
-2.66448
-0.711178
-1.12933
-2.25497
-1.70371
-1.98404
0
-3.06542
-0.8216
-0.546786
-2.21442
-1.04608
-1.1699
-3.22043
-1.79826
-2.8514
-2.92064
-3.22742
-0.359956
-3.00448
-3.65873
-0.236242
-2.87732
-1.59663
-2.7772
-2.50993
-0.686415
-0.269137
-1.96055
-2.55125
-2.69236
-0.389869
-2.47576
-3.06542
0
-2.54195
-1.60703
-3.25381
-2.09932
-2.05518
-2.90355
-1.12139
-3.40263
-1.75621
-0.669418
-2.19459
-1.07638
-1.21206
-1.44801
-1.40905
-2.52067
-1.77176
-1.7162
-2.75253
-0.609834
-2.77709
-3.61741
-0.986997
-0.725969
-2.10222
-0.8216
-2.54195
0
-2.44394
-1.72704
-1.47662
-3.23162
-2.63031
-0.780381
-1.0628
-1.91052
-2.47043
-1.80065
-1.70381
-2.69586
-3.11284
-2.52783
-2.81898
-1.19667
-2.43581
-3.38062
-1.02829
-1.86387
-2.73802
-3.31303
-2.1138
-1.1493
-0.546786
-1.60703
-2.44394
0
-1.63899
-1.94903
-2.37274
-2.57167
-1.04322
-2.60976
-2.53165
-0.818365
-3.54549
-1.87472
-1.62621
-1.01991
-1.20878
-1.36435
-1.17598
-2.41252
-2.2403
-2.851
-1.45514
-1.10735
-1.9921
-1.18997
-2.13504
-2.21442
-3.25381
-1.72704
-1.63899
0
-2.08438
-0.480138
-0.5497
-1.47768
-2.80225
-1.00143
-1.8954
-3.09137
-2.09129
-5.13184
-1.7167
-3.47219
-1.5317
-1.10136
-1.81196
-1.64281
-0.877412
-2.00508
-1.91985
-2.5831
-1.15974
-2.54136
-1.04608
-2.09932
-1.47662
-1.94903
-2.08438
0
-0.780784
-3.10992
-1.79223
-0.323601
-3.4084
-1.6076
-1.48938
-4.16009
-1.26191
-1.85522
-0.789322
-3.82955
-2.27103
-1.88023
-2.28928
-1.08431
-1.07442
-1.57244
-3.50859
-1.62644
0.205965
-1.1699
-2.05518
-3.23162
-2.37274
-0.480138
-0.780784
0
-1.62875
-2.51474
-1.66993
-2.92703
-3.86844
-1.08389
-2.5693
-0.796751
0.0787393
-2.12622
-2.58148
-4.07266
-1.25929
-1.14115
-3.06138
-0.41092
-2.95819
-3.38639
-2.51488
-1.63294
-3.22043
-2.90355
-2.63031
-2.57167
-0.5497
-3.10992
-1.62875
0
-4.65694
-2.85133
-2.14327
-2.03968
-2.36769
-1.84057
-0.774255
-1.30755
-0.646339
-2.83959
-2.19568
-1.95931
-1.64083
-2.11521
-2.10129
-0.60256
-2.56746
-3.27922
-1.98107
-1.79826
-1.12139
-0.780381
-1.04322
-1.47768
-1.79223
-2.51474
-4.65694
0
-2.11219
-1.6111
-1.22478
-2.4308
-1.86335
-3.21392
-2.5079
-2.05247
-0.990984
-0.786795
-2.93065
-2.26641
-2.47816
-2.31451
-1.08514
-1.72823
-4.05106
-2.35712
-2.8514
-3.40263
-1.0628
-2.60976
-2.80225
-0.323601
-1.66993
-2.85133
-2.11219
0
-3.58387
-0.739313
-2.80502
-2.78339
-2.11403
-1.40615
-2.9113
-3.43371
-2.56239
-3.39997
-0.95728
-2.66744
-0.590759
-2.78829
-0.539987
-1.55966
-2.75073
-2.92064
-1.75621
-1.91052
-2.53165
-1.00143
-3.4084
-2.92703
-2.14327
-1.6111
-3.58387
0
-0.404162
-3.85974
-1.75019
-2.4675
-3.57211
1.58552
-1.11268
-2.62654
-3.41972
-3.35903
-2.533
-1.27635
-1.34386
-3.31719
-0.182077
-2.27339
-3.22742
-0.669418
-2.47043
-0.818365
-1.8954
-1.6076
-3.86844
-2.03968
-1.22478
-0.739313
-0.404162
0
-3.15233
0.195556
-1.25133
-0.515622
-3.7259
-2.99758
-1.63949
-1.5997
-3.30212
-2.92934
-0.487622
-0.189476
-2.51494
-2.38714
-3.77706
-0.359956
-2.19459
-1.80065
-3.54549
-3.09137
-1.48938
-1.08389
-2.36769
-2.4308
-2.80502
-3.85974
-3.15233
0
-0.981758
-2.37559
-1.49863
-0.116114
-0.411779
-3.69908
-0.513175
-0.539479
-0.812515
-3.43507
-0.318338
-1.60842
-1.82335
-3.72497
-3.00448
-1.07638
-1.70381
-1.87472
-2.09129
-4.16009
-2.5693
-1.84057
-1.86335
-2.78339
-1.75019
0.195556
-0.981758
0
-2.04884
-2.18241
-2.57854
-3.11133
-3.84263
-1.61421
-1.53355
-2.00364
-4.00344
-1.30422
-0.902185
-2.34656
-2.995
-3.65873
-1.21206
-2.69586
-1.62621
-5.13184
-1.26191
-0.796751
-0.774255
-3.21392
-2.11403
-2.4675
-1.25133
-2.37559
-2.04884
0
