0
-3.05019
-0.429828
-1.12711
-2.51247
-3.75664
-3.37201
-1.43971
-0.269393
1.22027
-1.94509
-1.64039
-3.12126
-1.01911
-1.15305
-3.1254
-1.81324
-1.65658
-1.43484
-1.55145
-1.8772
-0.548662
-0.237126
-2.98881
-2.35861
-3.11623
-2.41242
-3.05019
0
-1.87651
-3.215
0.563743
-0.323435
-1.0606
-2.97924
-2.7538
-2.52791
-1.63718
-2.81767
-3.10135
-1.34074
-2.95733
-1.07613
-1.99316
-1.24879
-1.25395
-0.764632
-2.46231
-2.32499
-3.2095
-1.88229
-1.47819
-2.4975
-1.57181
-0.429828
-1.87651
0
-3.04239
-2.67348
-1.66627
-2.84414
-2.36237
-2.18264
-0.92605
-1.84158
-2.66455
-1.97677
-0.78378
-1.39368
-1.80193
-2.2016
-2.26724
-1.28173
-2.81766
-2.15531
-0.716126
-1.35545
-3.50647
-0.837411
-1.32278
-1.08385
-1.12711
-3.215
-3.04239
0
-2.20617
-1.55447
-1.55381
-2.13147
-0.0933618
-2.45145
0.334496
-1.14525
-0.658378
-2.18252
-4.92959
-1.30329
-1.88883
-2.51406
-2.44541
-0.691098
-2.67634
-0.486837
-3.16775
-1.26711
0.641622
-0.806873
-1.84858
-2.51247
0.563743
-2.67348
-2.20617
0
-2.33048
-1.78391
-2.01127
-2.23868
-2.54321
-2.12272
-3.32774
-3.36815
-2.61825
0.121116
-0.472973
-1.4288
-2.05316
-1.41776
0.0378426
-2.18413
-2.80709
-2.56319
-1.32183
-1.30167
-1.33563
-3.25875
-3.75664
-0.323435
-1.66627
-1.55447
-2.33048
0
-3.10996
-0.976463
-0.975594
-2.19617
0.0313134
-2.2525
-1.89337
-1.65449
-1.57199
-3.5406
-1.73153
-2.19459
-1.07821
-2.13561
-2.09481
-0.039807
-3.0096
-3.30809
-2.41904
-3.65484
-1.00706
-3.37201
-1.0606
-2.84414
-1.55381
-1.78391
-3.10996
0
-2.80018
-1.40898
-2.19207
-1.96754
-4.2931
-1.05415
-2.40516
-0.943274
-3.95364
-2.37231
-2.11563
-3.46063
-1.08414
-4.20939
-1.67262
-2.26829
-1.63388
-1.73314
-3.02178
0.265326
-1.43971
-2.97924
-2.36237
-2.13147
-2.01127
-0.976463
-2.80018
0
-1.14241
-1.3589
-2.18719
-2.92077
-0.93647
-1.86336
-2.41659
-1.86089
-2.13938
-1.70132
-2.31232
-2.60528
-1.42862
-2.56282
-1.08686
-2.34332
-2.55797
-1.4057
-1.94533
-0.269393
-2.7538
-2.18264
-0.0933618
-2.23868
-0.975594
-1.40898
-1.14241
0
-0.819783
-2.10207
-0.0478529
0.992063
-2.49029
-2.25081
-1.52127
-3.31904
-1.67598
-2.49725
-2.3812
-4.41627
-2.37918
-2.67463
-1.73477
-1.86736
-1.67632
-0.80241
1.22027
-2.52791
-0.92605
-2.45145
-2.54321
-2.19617
-2.19207
-1.3589
-0.819783
0
-1.40276
-0.137306
-2.3269
-1.47054
-1.85857
-2.679
-2.26789
-1.4299
-2.66399
-1.75301
-2.18105
-2.27482
-3.20516
-2.15195
-0.067149
-3.04397
-1.63776
-1.94509
-1.63718
-1.84158
0.334496
-2.12272
0.0313134
-1.96754
-2.18719
-2.10207
-1.40276
0
-0.724176
-4.17252
-2.38647
-2.56656
-1.91923
-1.19116
-0.965115
-1.52226
-2.37183
-3.64716
-1.49373
-1.99465
-2.2847
-2.52405
-3.05361
-2.87654
-1.64039
-2.81767
-2.66455
-1.14525
-3.32774
-2.2525
-4.2931
-2.92077
-0.0478529
-0.137306
-0.724176
0
-0.491769
-2.07643
-2.11577
-2.87115
-1.29282
-2.32386
-2.22607
-0.54703
-0.148113
-5.42136
-4.01122
-2.89123
-2.48172
-0.805763
-1.25333
-3.12126
-3.10135
-1.97677
-0.658378
-3.36815
-1.89337
-1.05415
-0.93647
0.992063
-2.3269
-4.17252
-0.491769
0
-1.25651
-1.80399
-1.22022
-3.54421
-0.527423
-2.84009
-0.804268
-2.28035
-2.51864
-0.171103
-2.09844
-2.2986
-1.26158
-2.49685
-1.01911
-1.34074
-0.78378
-2.18252
-2.61825
-1.65449
-2.40516
-1.86336
-2.49029
-1.47054
-2.38647
-2.07643
-1.25651
0
-0.779181
-1.89597
-1.84741
-1.6167
-3.00315
-2.62867
-2.3938
-2.44499
-1.38191
-2.6294
-2.67146
-1.04871
-0.219825
-1.15305
-2.95733
-1.39368
-4.92959
0.121116
-1.57199
-0.943274
-2.41659
-2.25081
-1.85857
-2.56656
-2.11577
-1.80399
-0.779181
0
-3.10748
-3.14614
-0.429039
-2.03073
-1.98325
-0.731312
-1.96737
-1.59158
-1.33619
-1.84619
-1.6453
-1.46933
-3.1254
-1.07613
-1.80193
-1.30329
-0.472973
-3.5406
-3.95364
-1.86089
-1.52127
-2.679
-1.91923
-2.87115
-1.22022
-1.89597
-3.10748
0
0.263531
-1.09475
-0.0567459
-2.80898
-2.86046
-2.18451
-1.22441
-1.92507
-2.31932
-4.12435
-3.60868
-1.81324
-1.99316
-2.2016
-1.88883
-1.4288
-1.73153
-2.37231
-2.13938
-3.31904
-2.26789
-1.19116
-1.29282
-3.54421
-1.84741
-3.14614
0.263531
0
-1.50212
-1.00392
-3.86434
-1.85507
-2.13889
-1.4901
-1.36779
-1.24417
-2.0211
-1.20821
-1.65658
-1.24879
-2.26724
-2.51406
-2.05316
-2.19459
-2.11563
-1.70132
-1.67598
-1.4299
-0.965115
-2.32386
-0.527423
-1.6167
-0.429039
-1.09475
-1.50212
0
-1.90679
-0.568897
-1.28288
-1.12109
-2.79185
-2.99565
-2.75826
-3.08622
-2.05913
-1.43484
-1.25395
-1.28173
-2.44541
-1.41776
-1.07821
-3.46063
-2.31232
-2.49725
-2.66399
-1.52226
-2.22607
-2.84009
-3.00315
-2.03073
-0.0567459
-1.00392
-1.90679
0
-0.196657
-1.18894
-1.67384
-0.685731
-4.13257
-3.14365
-3.82665
-1.35909
-1.55145
-0.764632
-2.81766
-0.691098
0.0378426
-2.13561
-1.08414
-2.60528
-2.3812
-1.75301
-2.37183
-0.54703
-0.804268
-2.62867
-1.98325
-2.80898
-3.86434
-0.568897
-0.196657
0
-1.86073
-2.12454
-1.3993
-3.91418
-1.69129
-1.16149
-1.44575
-1.8772
-2.46231
-2.15531
-2.67634
-2.18413
-2.09481
-4.20939
-1.42862
-4.41627
-2.18105
-3.64716
-0.148113
-2.28035
-2.3938
-0.731312
-2.86046
-1.85507
-1.28288
-1.18894
-1.86073
0
-1.22223
-3.12875
-3.23637
-2.01073
-1.58021
-2.15462
-0.548662
-2.32499
-0.716126
-0.486837
-2.80709
-0.039807
-1.67262
-2.56282
-2.37918
-2.27482
-1.49373
-5.42136
-2.51864
-2.44499
-1.96737
-2.18451
-2.13889
-1.12109
-1.67384
-2.12454
-1.22223
0
-1.71922
-1.93528
-1.7364
-3.42714
-2.23544
-0.237126
-3.2095
-1.35545
-3.16775
-2.56319
-3.0096
-2.26829
-1.08686
-2.67463
-3.20516
-1.99465
-4.01122
-0.171103
-1.38191
-1.59158
-1.22441
-1.4901
-2.79185
-0.685731
-1.3993
-3.12875
-1.71922
0
-4.34259
-1.38577
-0.472866
-2.66871
-2.98881
-1.88229
-3.50647
-1.26711
-1.32183
-3.30809
-1.63388
-2.34332
-1.73477
-2.15195
-2.2847
-2.89123
-2.09844
-2.6294
-1.33619
-1.92507
-1.36779
-2.99565
-4.13257
-3.91418
-3.23637
-1.93528
-4.34259
0
-0.980629
-1.30972
0.0471975
-2.35861
-1.47819
-0.837411
0.641622
-1.30167
-2.41904
-1.73314
-2.55797
-1.86736
-0.067149
-2.52405
-2.48172
-2.2986
-2.67146
-1.84619
-2.31932
-1.24417
-2.75826
-3.14365
-1.69129
-2.01073
-1.7364
-1.38577
-0.980629
0
-1.67308
-0.959734
-3.11623
-2.4975
-1.32278
-0.806873
-1.33563
-3.65484
-3.02178
-1.4057
-1.67632
-3.04397
-3.05361
-0.805763
-1.26158
-1.04871
-1.6453
-4.12435
-2.0211
-3.08622
-3.82665
-1.16149
-1.58021
-3.42714
-0.472866
-1.30972
-1.67308
0
-2.31714
-2.41242
-1.57181
-1.08385
-1.84858
-3.25875
-1.00706
0.265326
-1.94533
-0.80241
-1.63776
-2.87654
-1.25333
-2.49685
-0.219825
-1.46933
-3.60868
-1.20821
-2.05913
-1.35909
-1.44575
-2.15462
-2.23544
-2.66871
0.0471975
-0.959734
-2.31714
0
