0
-2.33875
-0.79386
-3.6598
-2.53522
-3.03107
-2.6637
-0.230784
-1.42044
-1.10399
-0.761606
-3.52707
-1.70786
-1.29235
-2.04608
-1.66302
-4.45602
-1.42717
-2.33148
-3.02582
-2.9041
-1.59966
-3.56277
-0.669436
-3.76636
-1.07189
-2.20656
-2.33875
0
-0.929324
-2.6817
-1.36985
-1.4321
-2.6444
0.0802904
-1.87624
-0.465126
-1.48968
-2.19298
-1.16211
-2.22706
-1.41618
-0.813419
-2.8577
-3.78493
-1.50829
-1.40177
-4.86726
-1.07191
-2.3554
-2.2286
-0.13708
-3.02405
-0.639526
-0.79386
-0.929324
0
-2.56135
-2.09068
-1.56445
-2.76107
-0.666044
-1.52209
-1.76647
-1.86331
-0.74666
-2.19642
-1.97459
-2.54013
0.139371
-2.39734
-3.23097
-1.56099
-1.74312
-1.4015
-0.508899
0.056042
-1.49031
-1.79827
-1.70265
-1.94828
-3.6598
-2.6817
-2.56135
0
-1.41586
-1.26089
-2.77161
-3.03801
-1.93083
-1.58605
-0.370657
-2.80442
-2.84928
-2.49297
-1.37667
-1.98299
-2.601
-0.840364
-1.80103
-2.23544
-2.27689
-2.72892
-0.124698
-3.66183
-2.26663
-1.03561
-3.12745
-2.53522
-1.36985
-2.09068
-1.41586
0
-1.40446
-3.66081
-1.31502
-2.95122
-0.920087
-4.77843
-2.90743
-2.8125
-0.327006
-3.03801
-1.90699
-1.54772
-2.54493
-1.53403
-2.55195
-3.61918
-1.0694
-1.75726
-3.38128
-2.65403
-2.09888
-1.14096
-3.03107
-1.4321
-1.56445
-1.26089
-1.40446
0
-1.84508
-2.88353
-1.95198
-2.30663
-1.03687
-2.76736
-1.74382
-2.15301
-2.62923
-2.0355
-3.20057
-1.39943
-2.66529
-2.59168
-2.19442
-1.12582
-2.87495
-2.52824
-0.646971
-2.18651
-2.91217
-2.6637
-2.6444
-2.76107
-2.77161
-3.66081
-1.84508
0
-2.52658
-3.02998
-0.633121
-1.78702
-1.5852
-1.90702
-2.72217
-2.70774
-2.67309
-2.92181
-2.08952
-1.23189
-2.12174
-2.56904
-0.768395
-1.22385
-3.23358
-0.635344
-2.08116
-1.79828
-0.230784
0.0802904
-0.666044
-3.03801
-1.31502
-2.88353
-2.52658
0
-2.36878
-1.59932
-1.87471
-4.39327
-3.88708
-1.33547
-4.62881
-2.51834
-0.214222
-1.99666
-2.86442
-1.26702
-3.09669
-0.668276
-0.906598
-2.82058
-1.93584
-3.30035
-0.750283
-1.42044
-1.87624
-1.52209
-1.93083
-2.95122
-1.95198
-3.02998
-2.36878
0
-1.57474
-2.98661
-2.66858
-2.12139
-2.77819
-3.71489
-1.90742
-1.23872
-1.64638
-1.45008
-3.0103
-1.2811
-1.61795
-1.1321
-2.47311
-1.71525
-2.87664
-2.05086
-1.10399
-0.465126
-1.76647
-1.58605
-0.920087
-2.30663
-0.633121
-1.59932
-1.57474
0
-3.80683
-1.76964
-3.42921
-2.51674
-2.25463
-1.46883
-2.24907
-1.68423
-1.81124
-1.99362
-0.911855
-3.35529
-1.47764
-1.73853
-2.12149
-0.820387
-0.404573
-0.761606
-1.48968
-1.86331
-0.370657
-4.77843
-1.03687
-1.78702
-1.87471
-2.98661
-3.80683
0
-0.504608
-2.5804
-2.50995
-3.91987
-1.67471
-3.14804
-2.69998
-2.22086
-3.82454
-0.424267
-3.20312
-2.14661
-2.94786
-2.52113
-2.75859
-1.33713
-3.52707
-2.19298
-0.74666
-2.80442
-2.90743
-2.76736
-1.5852
-4.39327
-2.66858
-1.76964
-0.504608
0
-2.17119
-2.96652
-1.68596
-4.47676
-2.51471
-2.90585
0.0272153
-1.29085
-0.582968
-1.94475
-2.38824
-2.87548
-1.93371
-2.1973
-2.30502
-1.70786
-1.16211
-2.19642
-2.84928
-2.8125
-1.74382
-1.90702
-3.88708
-2.12139
-3.42921
-2.5804
-2.17119
0
-2.42662
-3.26038
-0.50215
-1.03978
-1.19296
-1.53077
-0.871595
-0.657718
-2.24296
-1.55979
-1.89835
-1.32194
-2.51827
-2.07508
-1.29235
-2.22706
-1.97459
-2.49297
-0.327006
-2.15301
-2.72217
-1.33547
-2.77819
-2.51674
-2.50995
-2.96652
-2.42662
0
-2.29263
-2.06159
-2.57751
-1.87894
-2.81093
-1.42702
-1.53878
-3.26854
-1.0911
-2.72357
-0.756849
-2.23538
-3.16951
-2.04608
-1.41618
-2.54013
-1.37667
-3.03801
-2.62923
-2.70774
-4.62881
-3.71489
-2.25463
-3.91987
-1.68596
-3.26038
-2.29263
0
-3.58291
-1.42782
-3.14895
-2.06384
-0.795376
-3.42594
-1.02394
-2.01864
-2.8312
-3.00038
-0.765284
-2.47103
-1.66302
-0.813419
0.139371
-1.98299
-1.90699
-2.0355
-2.67309
-2.51834
-1.90742
-1.46883
-1.67471
-4.47676
-0.50215
-2.06159
-3.58291
0
-3.91728
-3.39234
-3.07687
-1.21948
-3.03086
0.362677
-3.302
-2.55259
-1.61418
-1.82923
-3.70896
-4.45602
-2.8577
-2.39734
-2.601
-1.54772
-3.20057
-2.92181
-0.214222
-1.23872
-2.24907
-3.14804
-2.51471
-1.03978
-2.57751
-1.42782
-3.91728
0
-2.30522
-2.9767
-3.67979
-3.22923
-2.04006
-4.16616
-0.24969
-3.32687
-1.75086
0.38784
-1.42717
-3.78493
-3.23097
-0.840364
-2.54493
-1.39943
-2.08952
-1.99666
-1.64638
-1.68423
-2.69998
-2.90585
-1.19296
-1.87894
-3.14895
-3.39234
-2.30522
0
-1.99003
-3.58847
-2.27438
-1.12152
-2.22298
-2.11482
-2.14359
-3.6992
-1.31511
-2.33148
-1.50829
-1.56099
-1.80103
-1.53403
-2.66529
-1.23189
-2.86442
-1.45008
-1.81124
-2.22086
0.0272153
-1.53077
-2.81093
-2.06384
-3.07687
-2.9767
-1.99003
0
-1.45693
-0.0555992
-3.0326
-2.72263
-2.70582
-1.73017
-3.501
-4.52922
-3.02582
-1.40177
-1.74312
-2.23544
-2.55195
-2.59168
-2.12174
-1.26702
-3.0103
-1.99362
-3.82454
-1.29085
-0.871595
-1.42702
-0.795376
-1.21948
-3.67979
-3.58847
-1.45693
0
-0.665409
-2.4426
-1.932
-2.57773
-0.0801962
-3.08477
-1.53664
-2.9041
-4.86726
-1.4015
-2.27689
-3.61918
-2.19442
-2.56904
-3.09669
-1.2811
-0.911855
-0.424267
-0.582968
-0.657718
-1.53878
-3.42594
-3.03086
-3.22923
-2.27438
-0.0555992
-0.665409
0
-3.28802
-3.24502
-3.19539
-2.01038
-4.75196
-3.74936
-1.59966
-1.07191
-0.508899
-2.72892
-1.0694
-1.12582
-0.768395
-0.668276
-1.61795
-3.35529
-3.20312
-1.94475
-2.24296
-3.26854
-1.02394
0.362677
-2.04006
-1.12152
-3.0326
-2.4426
-3.28802
0
-2.33016
-1.64437
-4.1729
-1.18758
-3.88806
-3.56277
-2.3554
0.056042
-0.124698
-1.75726
-2.87495
-1.22385
-0.906598
-1.1321
-1.47764
-2.14661
-2.38824
-1.55979
-1.0911
-2.01864
-3.302
-4.16616
-2.22298
-2.72263
-1.932
-3.24502
-2.33016
0
-0.827098
-2.78934
-2.32103
-2.00016
-0.669436
-2.2286
-1.49031
-3.66183
-3.38128
-2.52824
-3.23358
-2.82058
-2.47311
-1.73853
-2.94786
-2.87548
-1.89835
-2.72357
-2.8312
-2.55259
-0.24969
-2.11482
-2.70582
-2.57773
-3.19539
-1.64437
-0.827098
0
-2.54897
-1.94695
-1.03466
-3.76636
-0.13708
-1.79827
-2.26663
-2.65403
-0.646971
-0.635344
-1.93584
-1.71525
-2.12149
-2.52113
-1.93371
-1.32194
-0.756849
-3.00038
-1.61418
-3.32687
-2.14359
-1.73017
-0.0801962
-2.01038
-4.1729
-2.78934
-2.54897
0
-0.86134
-2.08834
-1.07189
-3.02405
-1.70265
-1.03561
-2.09888
-2.18651
-2.08116
-3.30035
-2.87664
-0.820387
-2.75859
-2.1973
-2.51827
-2.23538
-0.765284
-1.82923
-1.75086
-3.6992
-3.501
-3.08477
-4.75196
-1.18758
-2.32103
-1.94695
-0.86134
0
-3.38295
-2.20656
-0.639526
-1.94828
-3.12745
-1.14096
-2.91217
-1.79828
-0.750283
-2.05086
-0.404573
-1.33713
-2.30502
-2.07508
-3.16951
-2.47103
-3.70896
0.38784
-1.31511
-4.52922
-1.53664
-3.74936
-3.88806
-2.00016
-1.03466
-2.08834
-3.38295
0
