0
-1.25089
-2.50553
-2.06874
-2.58991
-1.93541
-3.55452
-2.0452
-1.87354
-0.549884
-2.08789
-2.64931
-2.12394
-1.03431
-1.05122
-2.67979
-1.314
-0.321508
-3.82763
-1.19253
-2.10834
-2.90833
-2.62979
-2.58028
-1.32588
-3.98313
-2.77047
-1.25089
0
-2.22471
-2.9543
-0.415096
-2.74421
-2.25312
-2.46802
-3.49932
-2.76387
-0.620458
-0.994174
-1.19548
-2.24236
-1.60573
-1.10833
0.440978
-0.996895
-1.14118
-0.664852
-0.682756
-0.935259
-1.98097
-2.16749
-2.59965
-0.347921
-0.87335
-2.50553
-2.22471
0
-3.41765
-0.804183
-3.60669
-2.80497
-3.19644
-3.45897
-3.14497
-3.54003
-1.6235
-2.73905
-1.94924
-2.03844
-2.3089
-1.64856
-3.25943
-1.93379
-1.30108
-3.12178
-1.85309
-2.12011
-3.73264
-4.55255
-0.675473
-4.13005
-2.06874
-2.9543
-3.41765
0
-3.63956
-3.38091
-2.77862
-3.13757
-1.79733
-1.0367
-2.62257
-1.80682
-1.26432
-1.76485
-1.33291
-1.21329
-0.715065
-0.270447
-1.95812
-2.25668
-3.46068
-1.39281
-2.55751
-2.55045
-2.86453
-2.07116
-1.92762
-2.58991
-0.415096
-0.804183
-3.63956
0
0.639777
-0.310151
-1.64018
-2.83937
-2.6468
-1.96778
-3.16962
-1.94577
-1.47971
-3.75931
-3.36558
-1.50696
-1.25068
-1.80956
-2.20041
-2.02755
-3.16896
-0.913297
-2.6189
-1.39946
-1.166
-1.60993
-1.93541
-2.74421
-3.60669
-3.38091
0.639777
0
-1.94526
-0.407463
-1.60401
-2.04651
-0.647345
-4.76855
-2.52125
-1.33201
-0.190036
-2.35404
-1.5492
-2.16806
-0.493677
-1.76389
-2.1186
-2.23269
-3.50291
-2.70071
-2.12193
-2.41363
-1.8926
-3.55452
-2.25312
-2.80497
-2.77862
-0.310151
-1.94526
0
-2.4325
-1.76136
-0.370663
-2.91154
-2.57256
-2.92666
-1.10168
-0.687696
-1.79433
-2.59974
-2.28443
-3.01808
-2.66559
-1.61712
-1.82631
-2.25631
-2.32724
-1.02378
-0.378924
-2.23026
-2.0452
-2.46802
-3.19644
-3.13757
-1.64018
-0.407463
-2.4325
0
-1.30528
-2.98467
-2.80533
-1.9429
-1.27242
-3.13829
-2.06031
-1.07527
-1.18302
-0.906938
-1.12294
-1.25373
-0.964137
-1.77245
-3.67833
-2.22059
-0.214007
-2.90785
-2.15483
-1.87354
-3.49932
-3.45897
-1.79733
-2.83937
-1.60401
-1.76136
-1.30528
0
-2.3702
-2.8557
-1.93966
-2.6242
-2.78738
-1.82718
-1.01936
-3.06137
-1.71546
-3.40564
-1.78614
-0.466901
-1.7073
-2.17683
-1.47383
-0.616933
-2.23454
-0.642112
-0.549884
-2.76387
-3.14497
-1.0367
-2.6468
-2.04651
-0.370663
-2.98467
-2.3702
0
-2.49858
-1.62294
-2.47069
-3.67309
-2.44329
-1.89041
-2.70875
-1.52317
-0.982296
-1.62224
-3.38908
-1.66947
-3.68068
-2.27656
-2.96318
-1.8628
-2.4664
-2.08789
-0.620458
-3.54003
-2.62257
-1.96778
-0.647345
-2.91154
-2.80533
-2.8557
-2.49858
0
-3.44719
-1.52247
-2.2767
-1.50414
-1.46243
-0.863393
-1.38076
-1.7165
-2.06202
-2.8976
-2.65562
-1.31653
-1.91739
-1.67149
-0.664996
-1.02228
-2.64931
-0.994174
-1.6235
-1.80682
-3.16962
-4.76855
-2.57256
-1.9429
-1.93966
-1.62294
-3.44719
0
-2.4838
-3.48033
-1.57478
-1.21312
-2.95484
-1.37492
-2.11105
-2.86849
-2.71652
-3.26034
-0.94729
-3.06954
-2.43719
-2.54504
-2.60811
-2.12394
-1.19548
-2.73905
-1.26432
-1.94577
-2.52125
-2.92666
-1.27242
-2.6242
-2.47069
-1.52247
-2.4838
0
-2.36389
-2.04611
-1.72605
-2.55242
-2.3991
0.0712379
-2.83187
-0.0182739
-2.53061
-1.92067
-1.30044
-1.55384
-1.8175
-0.677817
-1.03431
-2.24236
-1.94924
-1.76485
-1.47971
-1.33201
-1.10168
-3.13829
-2.78738
-3.67309
-2.2767
-3.48033
-2.36389
0
-2.80563
-2.49563
-0.871852
-1.91265
-2.37526
-2.06352
-2.9424
-2.1206
-2.47445
-2.79499
-2.5142
-0.106614
-2.04509
-1.05122
-1.60573
-2.03844
-1.33291
-3.75931
-0.190036
-0.687696
-2.06031
-1.82718
-2.44329
-1.50414
-1.57478
-2.04611
-2.80563
0
-2.48572
-0.629859
-1.52999
-3.84376
-1.59164
-1.32731
-0.974582
-1.63082
-3.65525
-3.11794
-1.87114
-2.33832
-2.67979
-1.10833
-2.3089
-1.21329
-3.36558
-2.35404
-1.79433
-1.07527
-1.01936
-1.89041
-1.46243
-1.21312
-1.72605
-2.49563
-2.48572
0
-1.78184
-1.782
-2.79858
-1.88294
-1.26344
-2.88935
-1.1697
-3.31142
-2.28608
-1.26206
-1.57291
-1.314
0.440978
-1.64856
-0.715065
-1.50696
-1.5492
-2.59974
-1.18302
-3.06137
-2.70875
-0.863393
-2.95484
-2.55242
-0.871852
-0.629859
-1.78184
0
-2.68971
0.188003
-1.86556
-2.01825
-0.525413
-0.692995
-1.83256
-1.03048
-3.50029
-1.97072
-0.321508
-0.996895
-3.25943
-0.270447
-1.25068
-2.16806
-2.28443
-0.906938
-1.71546
-1.52317
-1.38076
-1.37492
-2.3991
-1.91265
-1.52999
-1.782
-2.68971
0
-2.01356
-2.08174
-2.44498
-1.81819
-2.75697
-2.54731
-1.06916
-0.823167
-1.66465
-3.82763
-1.14118
-1.93379
-1.95812
-1.80956
-0.493677
-3.01808
-1.12294
-3.40564
-0.982296
-1.7165
-2.11105
0.0712379
-2.37526
-3.84376
-2.79858
0.188003
-2.01356
0
-0.530259
-0.355522
-2.37583
-2.15955
-1.08279
-1.84162
-0.901086
-1.27568
-1.19253
-0.664852
-1.30108
-2.25668
-2.20041
-1.76389
-2.66559
-1.25373
-1.78614
-1.62224
-2.06202
-2.86849
-2.83187
-2.06352
-1.59164
-1.88294
-1.86556
-2.08174
-0.530259
0
-1.42238
-4.25921
-2.56419
-1.10626
-1.66059
-1.92615
-2.87976
-2.10834
-0.682756
-3.12178
-3.46068
-2.02755
-2.1186
-1.61712
-0.964137
-0.466901
-3.38908
-2.8976
-2.71652
-0.0182739
-2.9424
-1.32731
-1.26344
-2.01825
-2.44498
-0.355522
-1.42238
0
-0.993653
-2.55769
-3.24716
-1.98553
-2.72636
-2.58563
-2.90833
-0.935259
-1.85309
-1.39281
-3.16896
-2.23269
-1.82631
-1.77245
-1.7073
-1.66947
-2.65562
-3.26034
-2.53061
-2.1206
-0.974582
-2.88935
-0.525413
-1.81819
-2.37583
-4.25921
-0.993653
0
-3.00091
-1.89598
-1.37726
-2.80834
-2.18239
-2.62979
-1.98097
-2.12011
-2.55751
-0.913297
-3.50291
-2.25631
-3.67833
-2.17683
-3.68068
-1.31653
-0.94729
-1.92067
-2.47445
-1.63082
-1.1697
-0.692995
-2.75697
-2.15955
-2.56419
-2.55769
-3.00091
0
-3.23648
-1.37083
-2.63799
-2.12316
-2.58028
-2.16749
-3.73264
-2.55045
-2.6189
-2.70071
-2.32724
-2.22059
-1.47383
-2.27656
-1.91739
-3.06954
-1.30044
-2.79499
-3.65525
-3.31142
-1.83256
-2.54731
-1.08279
-1.10626
-3.24716
-1.89598
-3.23648
0
-1.83068
-3.14695
-2.17994
-1.32588
-2.59965
-4.55255
-2.86453
-1.39946
-2.12193
-1.02378
-0.214007
-0.616933
-2.96318
-1.67149
-2.43719
-1.55384
-2.5142
-3.11794
-2.28608
-1.03048
-1.06916
-1.84162
-1.66059
-1.98553
-1.37726
-1.37083
-1.83068
0
-2.23013
-2.73646
-3.98313
-0.347921
-0.675473
-2.07116
-1.166
-2.41363
-0.378924
-2.90785
-2.23454
-1.8628
-0.664996
-2.54504
-1.8175
-0.106614
-1.87114
-1.26206
-3.50029
-0.823167
-0.901086
-1.92615
-2.72636
-2.80834
-2.63799
-3.14695
-2.23013
0
-1.58961
-2.77047
-0.87335
-4.13005
-1.92762
-1.60993
-1.8926
-2.23026
-2.15483
-0.642112
-2.4664
-1.02228
-2.60811
-0.677817
-2.04509
-2.33832
-1.57291
-1.97072
-1.66465
-1.27568
-2.87976
-2.58563
-2.18239
-2.12316
-2.17994
-2.73646
-1.58961
0
