0
-2.80791
-1.31769
-1.16527
-1.84735
-2.66143
-4.50825
-2.64316
-2.91132
-0.74104
-2.51508
-2.18866
-3.62784
-1.50462
-0.413785
-1.97339
-1.41069
-1.91318
-2.21021
-1.78085
0.0628993
-1.37109
-2.12414
-2.46817
-2.1655
-3.41591
-2.66458
-2.80791
0
-3.0965
-2.91528
-2.74251
-4.87892
-1.69574
-3.4158
-1.73006
-2.39668
-2.30133
-3.67645
-0.138617
-1.84062
-1.0146
-2.35764
-2.4602
-2.35617
-1.26687
-1.80692
-1.02506
-0.95335
-2.77892
-1.18625
-2.13755
-3.11667
-2.51658
-1.31769
-3.0965
0
0.428631
-3.74057
-2.08017
-2.56605
-0.822337
-2.06274
-1.79338
-1.27227
-2.94863
-2.19494
-3.29829
0.832174
-2.7325
-2.31525
-1.23841
0.383875
-1.88421
-0.896578
-0.787877
-2.86047
-5.01838
-2.54198
-1.39307
-4.24249
-1.16527
-2.91528
0.428631
0
-2.55118
-0.751646
-3.6376
-2.8258
-2.34133
-1.92568
-1.25073
-1.85119
-1.65897
-3.53267
-2.06675
-0.572731
-1.69823
-1.5257
-2.85711
-1.38682
-2.28582
-2.29584
-2.10489
-1.4958
-1.99652
-2.01504
-2.21772
-1.84735
-2.74251
-3.74057
-2.55118
0
-0.29942
-0.360786
-2.01017
-2.35533
-1.96682
-1.51537
-2.53646
-2.7344
-3.99243
-2.80266
-0.772861
-2.59656
0.331119
-3.83255
-1.22334
-1.20823
-2.24011
-2.21638
-3.39715
-2.13715
-1.58431
-0.78775
-2.66143
-4.87892
-2.08017
-0.751646
-0.29942
0
-1.62604
-2.27622
-2.882
-0.723405
-0.927175
-3.22128
-2.14414
-2.55557
-3.1766
-0.905606
-1.18987
-2.87856
-1.75591
-1.64913
-1.59067
-1.38573
-4.50874
-3.12654
-1.63869
0.0473656
-2.47487
-4.50825
-1.69574
-2.56605
-3.6376
-0.360786
-1.62604
0
-3.67242
-0.85536
-3.46748
-3.84582
-1.81436
-1.49337
-1.33345
-3.57884
-1.75078
0.25574
-2.05062
-2.85426
0.0669796
-1.98646
-1.34295
-2.10784
-1.3868
-2.21243
-1.91293
-0.666307
-2.64316
-3.4158
-0.822337
-2.8258
-2.01017
-2.27622
-3.67242
0
-2.05414
-1.38447
-1.86812
-2.61664
-1.39678
-3.14904
-1.91457
-0.972229
-0.964992
-2.4121
-1.97209
-2.79633
-2.91361
-1.7322
-2.55219
-3.34658
-1.4136
-1.26378
-1.86507
-2.91132
-1.73006
-2.06274
-2.34133
-2.35533
-2.882
-0.85536
-2.05414
0
-0.33605
-2.32661
-1.92355
-1.11781
-3.63567
-0.880156
-2.09641
-1.38232
-0.438891
-1.12252
-2.31935
-0.989379
-0.617822
-1.13909
-2.30691
-2.70517
-0.899852
-4.40924
-0.74104
-2.39668
-1.79338
-1.92568
-1.96682
-0.723405
-3.46748
-1.38447
-0.33605
0
0.744191
-0.855718
-2.35839
-1.81689
-1.73909
-1.93387
-3.27193
-2.34583
-1.54482
-2.69442
-2.74316
-1.59352
-1.24529
-2.46249
-2.81927
-0.989843
-1.79808
-2.51508
-2.30133
-1.27227
-1.25073
-1.51537
-0.927175
-3.84582
-1.86812
-2.32661
0.744191
0
-0.583012
-1.03051
-3.71728
-1.06803
-4.17439
-0.662576
-2.09741
-2.61653
-2.52037
-2.25212
-2.5742
-2.98184
-3.09749
-1.79062
-1.4958
-4.1824
-2.18866
-3.67645
-2.94863
-1.85119
-2.53646
-3.22128
-1.81436
-2.61664
-1.92355
-0.855718
-0.583012
0
-1.95924
-2.09482
-3.01309
-2.12715
-3.21632
-2.05558
-2.99633
-1.37183
-2.43836
-1.56349
0.108774
0.438856
-1.4048
-2.02449
-0.909466
-3.62784
-0.138617
-2.19494
-1.65897
-2.7344
-2.14414
-1.49337
-1.39678
-1.11781
-2.35839
-1.03051
-1.95924
0
0.695995
-2.86461
-0.0671828
-2.30369
-2.39816
-3.01221
-2.71108
-2.80298
-2.47687
-2.09176
-1.42844
-1.22005
-2.13742
-3.04579
-1.50462
-1.84062
-3.29829
-3.53267
-3.99243
-2.55557
-1.33345
-3.14904
-3.63567
-1.81689
-3.71728
-2.09482
0.695995
0
-3.85639
-1.81526
-3.12136
-3.57929
-0.897608
-1.76311
-1.59197
-4.3398
-2.70646
-2.73549
0.009972
-2.61987
-2.28649
-0.413785
-1.0146
0.832174
-2.06675
-2.80266
-3.1766
-3.57884
-1.91457
-0.880156
-1.73909
-1.06803
-3.01309
-2.86461
-3.85639
0
-2.9134
-1.95843
-2.93206
-1.73022
-1.60654
-0.876895
-1.09493
-2.96888
-1.97727
-1.09829
-1.86803
-1.37504
-1.97339
-2.35764
-2.7325
-0.572731
-0.772861
-0.905606
-1.75078
-0.972229
-2.09641
-1.93387
-4.17439
-2.12715
-0.0671828
-1.81526
-2.9134
0
-1.45917
-2.03939
-1.90573
-2.95154
-2.75445
-0.738411
-1.2971
-3.87841
-0.473089
-3.24243
-1.73794
-1.41069
-2.4602
-2.31525
-1.69823
-2.59656
-1.18987
0.25574
-0.964992
-1.38232
-3.27193
-0.662576
-3.21632
-2.30369
-3.12136
-1.95843
-1.45917
0
-0.898216
-2.37796
-2.21468
-0.441986
-1.13074
-1.89396
0.701498
-1.91677
-2.63571
-2.6436
-1.91318
-2.35617
-1.23841
-1.5257
0.331119
-2.87856
-2.05062
-2.4121
-0.438891
-2.34583
-2.09741
-2.05558
-2.39816
-3.57929
-2.93206
-2.03939
-0.898216
0
-1.97635
-2.52621
-2.325
-1.23622
-1.42268
-1.76323
-1.04976
-2.20653
-3.16943
-2.21021
-1.26687
0.383875
-2.85711
-3.83255
-1.75591
-2.85426
-1.97209
-1.12252
-1.54482
-2.61653
-2.99633
-3.01221
-0.897608
-1.73022
-1.90573
-2.37796
-1.97635
0
-2.14259
-2.10696
-1.11669
-2.75255
-0.880268
-1.22981
-2.17499
-2.53716
-1.78085
-1.80692
-1.88421
-1.38682
-1.22334
-1.64913
0.0669796
-2.79633
-2.31935
-2.69442
-2.52037
-1.37183
-2.71108
-1.76311
-1.60654
-2.95154
-2.21468
-2.52621
-2.14259
0
-2.46404
-1.47027
-2.49094
-1.5158
-1.37797
-3.43327
-2.78295
0.0628993
-1.02506
-0.896578
-2.28582
-1.20823
-1.59067
-1.98646
-2.91361
-0.989379
-2.74316
-2.25212
-2.43836
-2.80298
-1.59197
-0.876895
-2.75445
-0.441986
-2.325
-2.10696
-2.46404
0
-1.82092
-3.09508
0.0401231
-2.48692
-3.21677
-1.0358
-1.37109
-0.95335
-0.787877
-2.29584
-2.24011
-1.38573
-1.34295
-1.7322
-0.617822
-1.59352
-2.5742
-1.56349
-2.47687
-4.3398
-1.09493
-0.738411
-1.13074
-1.23622
-1.11669
-1.47027
-1.82092
0
-3.20596
-0.557168
-2.75116
-3.71333
-2.96481
-2.12414
-2.77892
-2.86047
-2.10489
-2.21638
-4.50874
-2.10784
-2.55219
-1.13909
-1.24529
-2.98184
0.108774
-2.09176
-2.70646
-2.96888
-1.2971
-1.89396
-1.42268
-2.75255
-2.49094
-3.09508
-3.20596
0
-1.8697
-1.7905
-2.91363
-1.78162
-2.46817
-1.18625
-5.01838
-1.4958
-3.39715
-3.12654
-1.3868
-3.34658
-2.30691
-2.46249
-3.09749
0.438856
-1.42844
-2.73549
-1.97727
-3.87841
0.701498
-1.76323
-0.880268
-1.5158
0.0401231
-0.557168
-1.8697
0
-1.32665
-3.91646
-3.80177
-2.1655
-2.13755
-2.54198
-1.99652
-2.13715
-1.63869
-2.21243
-1.4136
-2.70517
-2.81927
-1.79062
-1.4048
-1.22005
0.009972
-1.09829
-0.473089
-1.91677
-1.04976
-1.22981
-1.37797
-2.48692
-2.75116
-1.7905
-1.32665
0
-2.09973
-2.90662
-3.41591
-3.11667
-1.39307
-2.01504
-1.58431
0.0473656
-1.91293
-1.26378
-0.899852
-0.989843
-1.4958
-2.02449
-2.13742
-2.61987
-1.86803
-3.24243
-2.63571
-2.20653
-2.17499
-3.43327
-3.21677
-3.71333
-2.91363
-3.91646
-2.09973
0
-0.0601685
-2.66458
-2.51658
-4.24249
-2.21772
-0.78775
-2.47487
-0.666307
-1.86507
-4.40924
-1.79808
-4.1824
-0.909466
-3.04579
-2.28649
-1.37504
-1.73794
-2.6436
-3.16943
-2.53716
-2.78295
-1.0358
-2.96481
-1.78162
-3.80177
-2.90662
-0.0601685
0
