0
-0.843786
-2.92106
-1.17176
-0.129636
-0.243053
-3.3758
-1.72109
-2.09515
-1.88168
-0.939945
0.067771
-1.84576
-0.503131
-1.66783
-1.46507
-3.43646
-1.15089
-2.8926
-0.0294583
-2.53204
-2.59474
-1.9219
-0.822025
-4.06892
-4.88736
-1.50537
-0.843786
0
-2.48938
-1.4639
-2.21405
-2.94057
-3.45692
-1.63958
-3.28395
-1.14469
-0.979656
-2.46736
-1.95749
-0.578093
-2.03575
-0.909816
-3.1432
-2.07211
-3.15407
-1.82291
-2.91559
0.523603
-1.01004
-2.34303
-2.08313
-2.21179
-1.45618
-2.92106
-2.48938
0
-1.27679
-2.56924
-2.12381
-3.81297
-1.1187
-2.23962
-0.876319
-1.6312
-4.02706
-1.81304
-1.97333
-1.76884
-3.28155
-3.40228
-0.2952
-2.15407
-0.485189
-1.52742
-2.16626
-3.07947
-2.62328
-0.116718
-0.9743
-0.889088
-1.17176
-1.4639
-1.27679
0
-2.62832
-2.89543
-3.02157
-0.843055
-2.21892
-0.871464
-1.42257
-2.54985
-3.57662
-3.61681
-2.05415
-1.78491
-1.09003
-2.80102
-1.7797
-2.72962
-3.20528
-1.42105
-3.72177
-2.52033
-3.13055
-1.20472
-0.870272
-0.129636
-2.21405
-2.56924
-2.62832
0
-0.549438
-0.162198
-1.58051
-1.82004
-2.59025
-3.12841
-2.14982
-2.39055
-2.67781
-2.71891
-1.75525
-2.87786
-2.07138
-2.41827
-1.36517
-3.52308
-2.06496
-3.14413
-3.78382
-3.21462
-3.37898
-3.6688
-0.243053
-2.94057
-2.12381
-2.89543
-0.549438
0
-2.73445
-2.02011
-3.11322
-1.83342
-1.9414
-2.64891
-2.0299
-3.5226
-3.58901
-1.68941
-0.638277
-3.20856
-1.33823
-2.4596
-1.77967
-3.428
-2.15191
-1.84682
-1.74659
-2.438
-1.77727
-3.3758
-3.45692
-3.81297
-3.02157
-0.162198
-2.73445
0
0.527313
-0.880625
-2.80087
-4.13679
-0.881554
-3.32177
-2.31757
-1.73072
-2.06745
-1.78499
-2.9831
-1.89841
-3.11523
-3.33916
-2.35284
-1.07874
-1.81408
-3.61078
-1.49386
-0.467659
-1.72109
-1.63958
-1.1187
-0.843055
-1.58051
-2.02011
0.527313
0
-1.24366
-2.27705
-1.01223
-4.47463
-2.01807
-1.75569
-2.2318
-3.68371
-3.13489
-1.74897
-2.19676
-2.50355
-3.00447
-2.26826
-2.92675
-1.15352
-1.03864
-1.05753
-4.20009
-2.09515
-3.28395
-2.23962
-2.21892
-1.82004
-3.11322
-0.880625
-1.24366
0
-1.70708
-3.04115
-2.28847
-4.05427
-0.822789
-0.193233
-1.51655
-0.948216
-1.8126
-2.83595
-4.02859
-2.31065
-2.69878
-2.58579
-1.17771
-1.62182
-1.8263
-1.92361
-1.88168
-1.14469
-0.876319
-0.871464
-2.59025
-1.83342
-2.80087
-2.27705
-1.70708
0
-2.63649
-2.81232
-2.15826
-3.58832
0.0292763
-1.28387
-2.49044
-1.68047
-2.54998
-2.04542
-0.640539
-0.322292
-1.01079
-1.59903
-2.07558
-2.40629
-0.999209
-0.939945
-0.979656
-1.6312
-1.42257
-3.12841
-1.9414
-4.13679
-1.01223
-3.04115
-2.63649
0
-1.53064
-2.79702
-1.55715
-3.72333
-2.54348
-2.75684
-2.20836
-2.15131
0.0456999
-3.60964
-1.30589
-3.29058
-1.91983
-2.08348
-3.10152
-1.88775
0.067771
-2.46736
-4.02706
-2.54985
-2.14982
-2.64891
-0.881554
-4.47463
-2.28847
-2.81232
-1.53064
0
-1.05838
-2.49337
-2.40547
-2.97981
-2.97353
-1.71066
-2.01828
-2.35519
-2.03617
-3.60044
-2.41202
-2.97871
-1.96485
-2.17801
-1.94566
-1.84576
-1.95749
-1.81304
-3.57662
-2.39055
-2.0299
-3.32177
-2.01807
-4.05427
-2.15826
-2.79702
-1.05838
0
-0.143557
-2.7792
-0.50207
-1.73107
-3.16881
-2.13102
-2.78611
-2.0765
-0.41447
-1.01538
-2.78847
-0.27219
-0.140437
-1.44343
-0.503131
-0.578093
-1.97333
-3.61681
-2.67781
-3.5226
-2.31757
-1.75569
-0.822789
-3.58832
-1.55715
-2.49337
-0.143557
0
-2.60087
-2.6617
-1.81692
-2.08616
-2.12581
-4.14752
-1.0637
-3.39774
-3.26939
-2.95613
-0.298667
-1.25518
0.494012
-1.66783
-2.03575
-1.76884
-2.05415
-2.71891
-3.58901
-1.73072
-2.2318
-0.193233
0.0292763
-3.72333
-2.40547
-2.7792
-2.60087
0
-2.87147
-2.46485
-3.28832
-3.12854
-0.261924
-2.34739
-2.84606
-1.59453
-0.750058
-3.0875
-3.33876
-2.2501
-1.46507
-0.909816
-3.28155
-1.78491
-1.75525
-1.68941
-2.06745
-3.68371
-1.51655
-1.28387
-2.54348
-2.97981
-0.50207
-2.6617
-2.87147
0
-2.47307
-1.27872
-2.07399
-0.876871
-2.76845
-3.109
-1.63666
-1.63447
-0.581744
-2.76627
-2.37813
-3.43646
-3.1432
-3.40228
-1.09003
-2.87786
-0.638277
-1.78499
-3.13489
-0.948216
-2.49044
-2.75684
-2.97353
-1.73107
-1.81692
-2.46485
-2.47307
0
-0.183187
-0.413036
-2.70163
-2.43985
-2.15692
-1.75397
-1.68747
-1.36567
-1.82847
-0.910533
-1.15089
-2.07211
-0.2952
-2.80102
-2.07138
-3.20856
-2.9831
-1.74897
-1.8126
-1.68047
-2.20836
-1.71066
-3.16881
-2.08616
-3.28832
-1.27872
-0.183187
0
-1.75209
-1.34628
-0.172521
-2.22366
-1.48231
-2.29239
-2.57634
0.156872
-1.96343
-2.8926
-3.15407
-2.15407
-1.7797
-2.41827
-1.33823
-1.89841
-2.19676
-2.83595
-2.54998
-2.15131
-2.01828
-2.13102
-2.12581
-3.12854
-2.07399
-0.413036
-1.75209
0
-1.25533
-1.07567
-1.00733
0.510101
-1.84761
-2.62675
0.393382
-2.98193
-0.0294583
-1.82291
-0.485189
-2.72962
-1.36517
-2.4596
-3.11523
-2.50355
-4.02859
-2.04542
0.0456999
-2.35519
-2.78611
-4.14752
-0.261924
-0.876871
-2.70163
-1.34628
-1.25533
0
-2.59757
-0.747269
-3.06748
-2.91114
-3.42238
-3.82045
-1.39585
-2.53204
-2.91559
-1.52742
-3.20528
-3.52308
-1.77967
-3.33916
-3.00447
-2.31065
-0.640539
-3.60964
-2.03617
-2.0765
-1.0637
-2.34739
-2.76845
-2.43985
-0.172521
-1.07567
-2.59757
0
-2.51458
-1.19146
-2.1094
-2.04777
-0.505128
-2.86332
-2.59474
0.523603
-2.16626
-1.42105
-2.06496
-3.428
-2.35284
-2.26826
-2.69878
-0.322292
-1.30589
-3.60044
-0.41447
-3.39774
-2.84606
-3.109
-2.15692
-2.22366
-1.00733
-0.747269
-2.51458
0
-1.7453
-1.58354
-3.0399
-1.22143
-2.50055
-1.9219
-1.01004
-3.07947
-3.72177
-3.14413
-2.15191
-1.07874
-2.92675
-2.58579
-1.01079
-3.29058
-2.41202
-1.01538
-3.26939
-1.59453
-1.63666
-1.75397
-1.48231
0.510101
-3.06748
-1.19146
-1.7453
0
-2.79527
-2.78208
-2.75808
-5.16172
-0.822025
-2.34303
-2.62328
-2.52033
-3.78382
-1.84682
-1.81408
-1.15352
-1.17771
-1.59903
-1.91983
-2.97871
-2.78847
-2.95613
-0.750058
-1.63447
-1.68747
-2.29239
-1.84761
-2.91114
-2.1094
-1.58354
-2.79527
0
-2.01999
-1.97309
-1.80481
-4.06892
-2.08313
-0.116718
-3.13055
-3.21462
-1.74659
-3.61078
-1.03864
-1.62182
-2.07558
-2.08348
-1.96485
-0.27219
-0.298667
-3.0875
-0.581744
-1.36567
-2.57634
-2.62675
-3.42238
-2.04777
-3.0399
-2.78208
-2.01999
0
-2.58225
-1.96801
-4.88736
-2.21179
-0.9743
-1.20472
-3.37898
-2.438
-1.49386
-1.05753
-1.8263
-2.40629
-3.10152
-2.17801
-0.140437
-1.25518
-3.33876
-2.76627
-1.82847
0.156872
0.393382
-3.82045
-0.505128
-1.22143
-2.75808
-1.97309
-2.58225
0
-1.59991
-1.50537
-1.45618
-0.889088
-0.870272
-3.6688
-1.77727
-0.467659
-4.20009
-1.92361
-0.999209
-1.88775
-1.94566
-1.44343
0.494012
-2.2501
-2.37813
-0.910533
-1.96343
-2.98193
-1.39585
-2.86332
-2.50055
-5.16172
-1.80481
-1.96801
-1.59991
0
