0
-1.69795
-2.14418
-3.80908
-3.46715
-2.30018
-2.47824
-1.37772
-3.91315
-2.1845
-0.652314
-2.45127
-2.72023
-1.61973
-0.82433
-1.33652
-1.79745
-2.37165
-2.05262
-2.29042
-3.84307
-2.73921
-1.61707
-2.66601
-4.14166
-1.52353
-0.655268
-1.69795
0
-0.803622
-3.26057
-2.24702
-2.59253
-0.307811
-1.22355
-2.86414
-2.63355
-1.12053
-1.3166
-1.0817
-0.292449
-0.602681
-2.03998
-1.94179
-3.02102
-0.907887
-1.46576
-2.21715
-2.56994
-2.8079
-0.431252
-3.28688
-1.84634
-2.15277
-2.14418
-0.803622
0
-1.48797
-1.09736
-0.71139
-4.19251
-1.78557
-2.89349
-0.550422
-3.43632
-0.596004
-4.21796
-3.1669
-2.63356
-2.11869
-1.1413
-2.72386
-1.36376
-0.106041
-1.84431
-0.101367
-2.08008
-2.28361
-1.45341
-1.06974
-2.98673
-3.80908
-3.26057
-1.48797
0
-1.84625
-2.29927
-3.10339
-2.28227
-2.34023
-1.96381
-2.30161
0.124015
-0.28194
-1.65062
-2.86992
-0.709005
-1.48615
-3.22517
-1.51202
-0.953065
-1.62427
-2.63514
-0.90744
-2.62303
-1.90695
-1.62038
-2.23982
-3.46715
-2.24702
-1.09736
-1.84625
0
-1.51454
-2.03881
-2.81887
-1.81768
-2.17263
-1.593
-1.98863
-0.702793
-1.04811
-2.07672
-2.45306
-2.01256
-1.4819
-0.608892
-1.45402
-3.32383
-1.63483
-1.42732
-1.79998
-1.61144
-1.36604
-2.72389
-2.30018
-2.59253
-0.71139
-2.29927
-1.51454
0
-3.26585
-1.93574
-0.917836
-1.67191
-2.56719
-2.28252
-2.72848
-1.33466
-1.05455
-1.86738
-3.01267
-1.84579
-1.54382
-1.10463
-0.183633
-0.959755
-3.69193
-2.61358
-2.66409
-3.6168
-0.859069
-2.47824
-0.307811
-4.19251
-3.10339
-2.03881
-3.26585
0
-2.33211
-1.77917
-4.16563
-3.74014
-0.757756
-1.99218
-0.528454
-0.0400291
-3.02991
-0.87091
-2.95383
-2.31794
-0.384271
-3.11153
-1.32207
-2.19884
-1.0949
-2.79439
-0.680303
-2.09472
-1.37772
-1.22355
-1.78557
-2.28227
-2.81887
-1.93574
-2.33211
0
-1.31802
-2.70606
-2.47966
-1.06645
-4.69394
-1.48657
0.0533832
-1.8725
-2.97673
-3.17503
-2.75538
-3.94092
-0.472212
-2.18674
-0.888906
-2.94024
-1.11063
-3.78441
-1.19127
-3.91315
-2.86414
-2.89349
-2.34023
-1.81768
-0.917836
-1.77917
-1.31802
0
-1.16546
-0.755879
-1.33091
-2.23018
-2.21102
-1.42086
-3.136
-3.03589
-1.58719
-0.873582
-0.392638
-0.206163
-3.58445
-1.71412
-1.7884
-1.10256
0.0136174
-1.4945
-2.1845
-2.63355
-0.550422
-1.96381
-2.17263
-1.67191
-4.16563
-2.70606
-1.16546
0
-3.0298
-1.46535
-1.95617
-0.0391155
-2.79077
-1.70557
-1.84855
-1.66392
-2.08065
-2.26496
-1.14024
-2.61232
-1.48115
-1.38204
-1.29023
-1.88828
-3.20766
-0.652314
-1.12053
-3.43632
-2.30161
-1.593
-2.56719
-3.74014
-2.47966
-0.755879
-3.0298
0
-1.07386
-1.5476
-2.94638
-1.38635
-1.22452
-2.95177
-1.95129
-0.7383
-3.58937
-3.90688
-3.36734
-1.44461
-2.68966
-0.781891
-3.07817
-1.35253
-2.45127
-1.3166
-0.596004
0.124015
-1.98863
-2.28252
-0.757756
-1.06645
-1.33091
-1.46535
-1.07386
0
-2.47191
-2.34858
-2.08539
-0.811795
-1.09892
-2.89629
-2.36102
-1.87334
-0.990745
-1.74656
-0.662979
-1.02449
-3.3279
-1.24367
-2.57864
-2.72023
-1.0817
-4.21796
-0.28194
-0.702793
-2.72848
-1.99218
-4.69394
-2.23018
-1.95617
-1.5476
-2.47191
0
-0.172736
-1.78361
-1.48842
-0.906732
-1.48607
-2.18054
-2.56611
-3.28152
-2.7279
-2.30401
-4.01749
-2.16377
-2.82975
-3.03848
-1.61973
-0.292449
-3.1669
-1.65062
-1.04811
-1.33466
-0.528454
-1.48657
-2.21102
-0.0391155
-2.94638
-2.34858
-0.172736
0
-3.14479
-1.34985
-3.09774
0.0967079
-0.38366
-3.56292
-0.776818
-1.70795
-1.25637
-0.732082
-3.0825
-2.25156
-2.64085
-0.82433
-0.602681
-2.63356
-2.86992
-2.07672
-1.05455
-0.0400291
0.0533832
-1.42086
-2.79077
-1.38635
-2.08539
-1.78361
-3.14479
0
-2.81658
-2.56933
-1.94123
-4.32898
-3.04302
-0.0145523
-2.94889
-1.20785
-1.50439
0.921897
-2.26782
-2.67433
-1.33652
-2.03998
-2.11869
-0.709005
-2.45306
-1.86738
-3.02991
-1.8725
-3.136
-1.70557
-1.22452
-0.811795
-1.48842
-1.34985
-2.81658
0
-1.89438
-0.992628
-1.53458
-1.44851
-3.44795
-0.668455
-2.27999
-1.07057
-1.17463
-2.69717
-0.825922
-1.79745
-1.94179
-1.1413
-1.48615
-2.01256
-3.01267
-0.87091
-2.97673
-3.03589
-1.84855
-2.95177
-1.09892
-0.906732
-3.09774
-2.56933
-1.89438
0
-2.90859
0.401723
-1.36029
-1.90822
-3.98501
-1.2035
-2.88294
-2.89627
-2.79947
-2.39503
-2.37165
-3.02102
-2.72386
-3.22517
-1.4819
-1.84579
-2.95383
-3.17503
-1.58719
-1.66392
-1.95129
-2.89629
-1.48607
0.0967079
-1.94123
-0.992628
-2.90859
0
-4.18924
-0.574965
-1.74352
-2.50304
-2.59294
-3.03989
-2.35105
-2.2038
-2.35699
-2.05262
-0.907887
-1.36376
-1.51202
-0.608892
-1.54382
-2.31794
-2.75538
-0.873582
-2.08065
-0.7383
-2.36102
-2.18054
-0.38366
-4.32898
-1.53458
0.401723
-4.18924
0
-3.59845
-3.04213
-2.79962
-1.23082
-2.00125
-2.06028
-1.97162
-1.00529
-2.29042
-1.46576
-0.106041
-0.953065
-1.45402
-1.10463
-0.384271
-3.94092
-0.392638
-2.26496
-3.58937
-1.87334
-2.56611
-3.56292
-3.04302
-1.44851
-1.36029
-0.574965
-3.59845
0
-0.531899
-0.794975
-2.33938
-2.64533
-2.41392
-1.30919
-2.97601
-3.84307
-2.21715
-1.84431
-1.62427
-3.32383
-0.183633
-3.11153
-0.472212
-0.206163
-1.14024
-3.90688
-0.990745
-3.28152
-0.776818
-0.0145523
-3.44795
-1.90822
-1.74352
-3.04213
-0.531899
0
-2.43282
-2.81753
-2.23317
-3.1696
-0.893785
-1.21393
-2.73921
-2.56994
-0.101367
-2.63514
-1.63483
-0.959755
-1.32207
-2.18674
-3.58445
-2.61232
-3.36734
-1.74656
-2.7279
-1.70795
-2.94889
-0.668455
-3.98501
-2.50304
-2.79962
-0.794975
-2.43282
0
-2.8825
-2.03564
-0.735222
-2.00685
-1.69893
-1.61707
-2.8079
-2.08008
-0.90744
-1.42732
-3.69193
-2.19884
-0.888906
-1.71412
-1.48115
-1.44461
-0.662979
-2.30401
-1.25637
-1.20785
-2.27999
-1.2035
-2.59294
-1.23082
-2.33938
-2.81753
-2.8825
0
-0.860523
-0.765659
-1.70933
-0.022451
-2.66601
-0.431252
-2.28361
-2.62303
-1.79998
-2.61358
-1.0949
-2.94024
-1.7884
-1.38204
-2.68966
-1.02449
-4.01749
-0.732082
-1.50439
-1.07057
-2.88294
-3.03989
-2.00125
-2.64533
-2.23317
-2.03564
-0.860523
0
-2.44185
-2.49909
-1.31715
-4.14166
-3.28688
-1.45341
-1.90695
-1.61144
-2.66409
-2.79439
-1.11063
-1.10256
-1.29023
-0.781891
-3.3279
-2.16377
-3.0825
0.921897
-1.17463
-2.89627
-2.35105
-2.06028
-2.41392
-3.1696
-0.735222
-0.765659
-2.44185
0
-1.73282
-1.94091
-1.52353
-1.84634
-1.06974
-1.62038
-1.36604
-3.6168
-0.680303
-3.78441
0.0136174
-1.88828
-3.07817
-1.24367
-2.82975
-2.25156
-2.26782
-2.69717
-2.79947
-2.2038
-1.97162
-1.30919
-0.893785
-2.00685
-1.70933
-2.49909
-1.73282
0
-3.11124
-0.655268
-2.15277
-2.98673
-2.23982
-2.72389
-0.859069
-2.09472
-1.19127
-1.4945
-3.20766
-1.35253
-2.57864
-3.03848
-2.64085
-2.67433
-0.825922
-2.39503
-2.35699
-1.00529
-2.97601
-1.21393
-1.69893
-0.022451
-1.31715
-1.94091
-3.11124
0
