0
-2.53406
-2.47256
-2.02683
-2.77743
-3.49962
-2.22547
-0.707045
-2.86625
-1.61233
-1.80226
-3.19713
-2.83784
-2.72303
-3.81308
-1.41287
-2.51886
-2.57854
-2.24542
-2.00553
-4.31542
-1.30177
-2.70464
-0.647643
-3.23201
-1.39158
-3.12174
-2.53406
0
-0.972968
0.306273
-1.90865
-3.55548
-1.83631
-2.39283
-3.42715
-1.45292
-1.20587
-2.25356
-1.86007
-3.16384
-0.584911
-0.437414
-4.1861
-1.95442
-2.59003
-1.00804
-2.69192
-2.23135
-1.43044
-2.99612
-2.82455
-1.8375
-0.867693
-2.47256
-0.972968
0
-1.83964
-2.14833
-3.81008
1.02549
-1.34325
-1.22306
-2.77114
-1.96986
-2.17078
-2.3889
-1.29602
-2.64856
-3.12662
-0.414358
-1.14828
-2.06904
-3.20224
-1.71625
-1.2211
-1.58766
-1.11871
-1.0671
-1.2472
-1.5207
-2.02683
0.306273
-1.83964
0
-1.03232
-3.87734
-2.59781
-1.30037
-3.20979
-0.682965
-2.6834
-1.97674
-1.16882
-2.50646
-1.69685
-2.99937
-1.50125
-1.53554
-1.5395
-2.05844
-3.57228
-3.02185
-2.42433
-2.53185
-2.64967
-2.52462
-2.78723
-2.77743
-1.90865
-2.14833
-1.03232
0
-0.39666
-1.51557
-1.80393
-3.36634
-2.75131
-3.57304
-1.81573
-1.55292
-1.32787
-0.944867
-0.747511
-2.19677
-3.13965
-2.67957
-1.69464
-1.54195
-2.50089
-0.605907
-2.29601
-3.68975
-4.0168
0.0646299
-3.49962
-3.55548
-3.81008
-3.87734
-0.39666
0
-2.24351
-2.30978
-1.56191
-2.6776
-1.8609
-2.04223
-0.560261
-2.61928
-1.15099
-1.69452
-1.23086
-4.07838
-3.73011
-0.524031
-2.66824
-1.69766
-1.08045
-0.976538
-2.31879
-2.31589
-0.111573
-2.22547
-1.83631
1.02549
-2.59781
-1.51557
-2.24351
0
-1.63303
-1.51617
-3.11421
-1.58513
-3.06423
0.0174152
-2.64859
-1.25417
-3.48675
-2.34164
-0.231678
-1.04888
-0.392601
-1.54722
-1.77246
-2.65286
-1.84876
-1.7689
-2.01209
-1.50999
-0.707045
-2.39283
-1.34325
-1.30037
-1.80393
-2.30978
-1.63303
0
-1.53273
-0.40406
-2.23824
-3.02969
-3.47333
-1.69853
-1.61702
-3.28934
-3.5684
-1.66688
-0.672553
-2.99033
-1.55635
-3.93205
-2.1986
-3.1516
-2.38653
-2.16269
-2.46509
-2.86625
-3.42715
-1.22306
-3.20979
-3.36634
-1.56191
-1.51617
-1.53273
0
-1.61483
-1.8905
-0.860574
-2.64463
-2.39705
-1.98
-0.925701
-4.01292
-2.4418
-3.1652
-2.53085
-0.978913
-4.27719
-1.28893
-1.16446
-2.1951
-3.27615
-1.94121
-1.61233
-1.45292
-2.77114
-0.682965
-2.75131
-2.6776
-3.11421
-0.40406
-1.61483
0
-1.46158
-0.91028
-0.422606
-3.02676
-1.06451
-2.62393
-3.03348
-1.69755
-0.517724
-1.63468
-0.188728
-3.20577
-3.99233
-1.38571
-0.447884
-3.15189
-1.40769
-1.80226
-1.20587
-1.96986
-2.6834
-3.57304
-1.8609
-1.58513
-2.23824
-1.8905
-1.46158
0
-2.89352
-2.9622
-0.468435
-0.0947446
-2.08557
-2.46077
-4.1419
-2.25971
-1.11885
-0.789698
-1.14035
-1.77855
-3.21543
-3.85903
-1.05774
-2.25894
-3.19713
-2.25356
-2.17078
-1.97674
-1.81573
-2.04223
-3.06423
-3.02969
-0.860574
-0.91028
-2.89352
0
-1.28389
-0.440717
-1.20639
-1.74559
-1.79244
-1.06046
-2.36788
-1.37302
-1.9705
-0.898185
-1.01161
-1.30862
-2.14285
-3.98987
-0.437395
-2.83784
-1.86007
-2.3889
-1.16882
-1.55292
-0.560261
0.0174152
-3.47333
-2.64463
-0.422606
-2.9622
-1.28389
0
-1.35696
-1.28739
-0.451295
-2.30614
-2.73049
-3.56564
-2.77219
-2.72159
-1.29669
-0.811766
-2.52928
0.438709
-2.23261
-2.90506
-2.72303
-3.16384
-1.29602
-2.50646
-1.32787
-2.61928
-2.64859
-1.69853
-2.39705
-3.02676
-0.468435
-0.440717
-1.35696
0
-2.90878
-2.86658
-2.82311
-2.41387
-2.57943
-2.67976
-1.69348
-2.57165
-3.44007
-1.26797
-2.37225
-1.74022
-4.20728
-3.81308
-0.584911
-2.64856
-1.69685
-0.944867
-1.15099
-1.25417
-1.61702
-1.98
-1.06451
-0.0947446
-1.20639
-1.28739
-2.90878
0
-3.15684
-1.5153
-1.44008
-1.91077
-3.57657
-0.983401
-0.702949
-0.88137
-3.88898
-1.64126
-2.08115
-0.454527
-1.41287
-0.437414
-3.12662
-2.99937
-0.747511
-1.69452
-3.48675
-3.28934
-0.925701
-2.62393
-2.08557
-1.74559
-0.451295
-2.86658
-3.15684
0
-2.21772
-2.67246
-2.51479
-3.52454
-1.58548
-1.60409
-0.874325
-1.99741
-2.06651
-1.70573
-1.73945
-2.51886
-4.1861
-0.414358
-1.50125
-2.19677
-1.23086
-2.34164
-3.5684
-4.01292
-3.03348
-2.46077
-1.79244
-2.30614
-2.82311
-1.5153
-2.21772
0
-2.73291
-2.02696
-0.535808
-2.37777
-2.53521
-1.48004
-1.59377
-3.43479
-1.5815
-2.62434
-2.57854
-1.95442
-1.14828
-1.53554
-3.13965
-4.07838
-0.231678
-1.66688
-2.4418
-1.69755
-4.1419
-1.06046
-2.73049
-2.41387
-1.44008
-2.67246
-2.73291
0
-2.51458
-1.85111
-2.77912
-0.998343
-1.75843
-3.74545
-3.13848
-2.58962
-2.30926
-2.24542
-2.59003
-2.06904
-1.5395
-2.67957
-3.73011
-1.04888
-0.672553
-3.1652
-0.517724
-2.25971
-2.36788
-3.56564
-2.57943
-1.91077
-2.51479
-2.02696
-2.51458
0
-2.59378
-2.57795
-2.00915
-1.94984
-3.01809
-2.55812
-2.62882
-2.32849
-2.00553
-1.00804
-3.20224
-2.05844
-1.69464
-0.524031
-0.392601
-2.99033
-2.53085
-1.63468
-1.11885
-1.37302
-2.77219
-2.67976
-3.57657
-3.52454
-0.535808
-1.85111
-2.59378
0
-1.95825
-0.501571
-0.644687
-2.79897
-1.5545
-1.82942
-4.68479
-4.31542
-2.69192
-1.71625
-3.57228
-1.54195
-2.66824
-1.54722
-1.55635
-0.978913
-0.188728
-0.789698
-1.9705
-2.72159
-1.69348
-0.983401
-1.58548
-2.37777
-2.77912
-2.57795
-1.95825
0
-1.90007
-3.43484
-0.724551
-2.39566
-2.25376
-2.30349
-1.30177
-2.23135
-1.2211
-3.02185
-2.50089
-1.69766
-1.77246
-3.93205
-4.27719
-3.20577
-1.14035
-0.898185
-1.29669
-2.57165
-0.702949
-1.60409
-2.53521
-0.998343
-2.00915
-0.501571
-1.90007
0
-1.99891
-1.43818
-2.04681
-4.39829
-3.28001
-2.70464
-1.43044
-1.58766
-2.42433
-0.605907
-1.08045
-2.65286
-2.1986
-1.28893
-3.99233
-1.77855
-1.01161
-0.811766
-3.44007
-0.88137
-0.874325
-1.48004
-1.75843
-1.94984
-0.644687
-3.43484
-1.99891
0
-2.45232
-2.34847
-3.1336
-2.31355
-0.647643
-2.99612
-1.11871
-2.53185
-2.29601
-0.976538
-1.84876
-3.1516
-1.16446
-1.38571
-3.21543
-1.30862
-2.52928
-1.26797
-3.88898
-1.99741
-1.59377
-3.74545
-3.01809
-2.79897
-0.724551
-1.43818
-2.45232
0
-0.479408
-2.15496
-3.04767
-3.23201
-2.82455
-1.0671
-2.64967
-3.68975
-2.31879
-1.7689
-2.38653
-2.1951
-0.447884
-3.85903
-2.14285
0.438709
-2.37225
-1.64126
-2.06651
-3.43479
-3.13848
-2.55812
-1.5545
-2.39566
-2.04681
-2.34847
-0.479408
0
-2.5732
-0.540379
-1.39158
-1.8375
-1.2472
-2.52462
-4.0168
-2.31589
-2.01209
-2.16269
-3.27615
-3.15189
-1.05774
-3.98987
-2.23261
-1.74022
-2.08115
-1.70573
-1.5815
-2.58962
-2.62882
-1.82942
-2.25376
-4.39829
-3.1336
-2.15496
-2.5732
0
-2.3615
-3.12174
-0.867693
-1.5207
-2.78723
0.0646299
-0.111573
-1.50999
-2.46509
-1.94121
-1.40769
-2.25894
-0.437395
-2.90506
-4.20728
-0.454527
-1.73945
-2.62434
-2.30926
-2.32849
-4.68479
-2.30349
-3.28001
-2.31355
-3.04767
-0.540379
-2.3615
0
