0
-1.15915
-2.66284
-1.97616
-2.79825
-1.26287
-2.63115
-3.49521
-2.46158
-2.34187
-1.6042
-1.29965
-2.7643
-2.12882
-1.32498
-2.11214
-1.21987
-2.25485
-4.61192
-1.71474
-3.04274
-0.650018
-1.125
-1.18186
-2.52757
-1.79462
-2.10479
-1.15915
0
-2.16748
-0.916875
-1.35398
-2.4332
-0.947889
-1.41158
-2.33229
-2.78655
-0.128471
-2.50791
-1.21852
-1.68482
-0.620649
-2.02357
-3.83088
-1.42235
-0.119089
-2.88587
-2.64208
-1.92624
-0.487263
-1.05206
-3.08813
-2.37153
-3.07919
-2.66284
-2.16748
0
-2.90001
-0.588886
-2.07742
-1.82047
-1.111
-1.55765
-2.10366
-1.30574
-2.62635
-2.17651
-1.86526
-2.97189
-1.2074
-1.8661
-2.40581
-1.01754
-0.254602
-2.15576
-0.727324
-2.45849
-3.5004
-3.15283
-1.0084
-1.67196
-1.97616
-0.916875
-2.90001
0
-3.11298
-3.18795
-1.71395
-0.988412
-1.57678
-3.01369
-3.93122
-0.848677
-1.67446
-1.9675
-2.89358
0.0800645
-2.59684
-2.72837
-1.60584
-3.46376
-0.977236
-2.77807
-1.25374
-1.85116
-2.77176
-0.893468
-1.25031
-2.79825
-1.35398
-0.588886
-3.11298
0
-2.43348
-3.50381
-2.42882
-4.30788
-3.94704
-3.07572
-1.52357
-2.21662
-1.73265
-2.31738
-1.4033
-1.1997
-3.38735
-1.36329
-1.12407
-0.10478
-1.58335
-3.70526
-1.48724
-1.96904
-2.95822
-3.20516
-1.26287
-2.4332
-2.07742
-3.18795
-2.43348
0
-0.193135
-1.9262
-2.50088
-2.28739
-1.12524
-1.46729
-2.04114
-3.29581
-1.80622
-0.981854
-0.106139
-3.57913
-1.5778
-3.2249
-1.99792
-1.25301
-2.46663
-2.67523
0.0879822
-2.69728
-2.23525
-2.63115
-0.947889
-1.82047
-1.71395
-3.50381
-0.193135
0
0.545515
-1.12314
-3.82194
-1.9115
-1.25433
-2.39759
-2.8024
-3.29084
-1.45419
-0.797242
-1.82812
-2.6314
-1.89009
-2.58453
-1.9258
-0.934167
-1.97585
-2.4357
-2.44762
-1.50974
-3.49521
-1.41158
-1.111
-0.988412
-2.42882
-1.9262
0.545515
0
-2.01432
-0.816565
-1.09216
-2.85069
-4.15253
-1.17892
-0.568854
-1.67252
-1.34312
-2.11616
-1.79113
-2.32256
-2.64264
-1.56479
-1.54652
-1.31001
-1.41088
-3.13785
-2.79791
-2.46158
-2.33229
-1.55765
-1.57678
-4.30788
-2.50088
-1.12314
-2.01432
0
-0.900172
-1.64887
-2.2485
-2.74591
-2.425
-0.000436991
-3.09056
-1.50033
-2.22832
-1.20491
-2.1464
-1.21482
-2.06261
-2.08531
-4.14235
-1.3647
-2.54629
-1.20214
-2.34187
-2.78655
-2.10366
-3.01369
-3.94704
-2.28739
-3.82194
-0.816565
-0.900172
0
-2.0276
-1.85678
-1.71549
-0.448386
-2.05595
-0.135617
-2.4844
-4.26214
-2.92131
-1.62337
-2.74266
-1.92794
-0.236933
-3.01049
-3.31644
-2.48311
-1.90228
-1.6042
-0.128471
-1.30574
-3.93122
-3.07572
-1.12524
-1.9115
-1.09216
-1.64887
-2.0276
0
0.39471
-1.11911
-1.32006
-2.31476
-3.75961
-2.65506
-2.20081
-2.37015
-3.23427
-2.63471
-1.19548
-1.36943
-3.71191
-2.63596
-4.08001
-2.0331
-1.29965
-2.50791
-2.62635
-0.848677
-1.52357
-1.46729
-1.25433
-2.85069
-2.2485
-1.85678
0.39471
0
-0.182764
-2.09423
-1.16618
-0.989971
-2.33477
-3.56054
-1.25739
-1.93617
-2.60131
-2.41627
-2.8904
-1.6986
-3.25729
-2.42112
-1.7498
-2.7643
-1.21852
-2.17651
-1.67446
-2.21662
-2.04114
-2.39759
-4.15253
-2.74591
-1.71549
-1.11911
-0.182764
0
-2.24563
-2.71112
-1.80782
-0.937962
-3.18031
-2.48218
-2.22817
-2.91946
-0.664365
-3.21877
-2.38522
-1.16492
-1.85817
-2.51165
-2.12882
-1.68482
-1.86526
-1.9675
-1.73265
-3.29581
-2.8024
-1.17892
-2.425
-0.448386
-1.32006
-2.09423
-2.24563
0
-0.525284
-1.64435
-0.260781
-3.29804
-2.0449
-2.81155
-2.22922
-1.38527
-2.99608
-3.02887
-0.682848
-3.13056
-1.9528
-1.32498
-0.620649
-2.97189
-2.89358
-2.31738
-1.80622
-3.29084
-0.568854
-0.000436991
-2.05595
-2.31476
-1.16618
-2.71112
-0.525284
0
-0.649479
-2.75203
-0.338199
-3.37119
-3.3604
-2.60199
-2.19381
-2.73243
-3.92601
-2.86798
-1.48858
-2.41919
-2.11214
-2.02357
-1.2074
0.0800645
-1.4033
-0.981854
-1.45419
-1.67252
-3.09056
-0.135617
-3.75961
-0.989971
-1.80782
-1.64435
-0.649479
0
-1.52204
-1.51289
-1.1881
-2.15795
-4.84203
-1.56152
-1.16352
-3.43736
-1.35581
-1.71116
-1.43119
-1.21987
-3.83088
-1.8661
-2.59684
-1.1997
-0.106139
-0.797242
-1.34312
-1.50033
-2.4844
-2.65506
-2.33477
-0.937962
-0.260781
-2.75203
-1.52204
0
-3.28906
-3.446
-0.30231
-2.50582
-1.10788
-1.95361
-1.90435
-2.06668
-0.971257
-1.01739
-2.25485
-1.42235
-2.40581
-2.72837
-3.38735
-3.57913
-1.82812
-2.11616
-2.22832
-4.26214
-2.20081
-3.56054
-3.18031
-3.29804
-0.338199
-1.51289
-3.28906
0
-2.53816
-1.34222
-0.793451
-2.72768
-3.59973
-1.34983
-3.25199
-1.3085
-2.84278
-4.61192
-0.119089
-1.01754
-1.60584
-1.36329
-1.5778
-2.6314
-1.79113
-1.20491
-2.92131
-2.37015
-1.25739
-2.48218
-2.0449
-3.37119
-1.1881
-3.446
-2.53816
0
-1.8838
-1.42499
-1.24241
-3.45741
-1.10746
-2.76289
-2.60443
-1.35902
-1.71474
-2.88587
-0.254602
-3.46376
-1.12407
-3.2249
-1.89009
-2.32256
-2.1464
-1.62337
-3.23427
-1.93617
-2.22817
-2.81155
-3.3604
-2.15795
-0.30231
-1.34222
-1.8838
0
-2.55483
-3.08458
-1.73614
-2.20301
-2.55071
-1.64848
-2.16093
-3.04274
-2.64208
-2.15576
-0.977236
-0.10478
-1.99792
-2.58453
-2.64264
-1.21482
-2.74266
-2.63471
-2.60131
-2.91946
-2.22922
-2.60199
-4.84203
-2.50582
-0.793451
-1.42499
-2.55483
0
-2.8482
-2.6915
-1.93026
-1.24951
-1.50433
-2.84392
-0.650018
-1.92624
-0.727324
-2.77807
-1.58335
-1.25301
-1.9258
-1.56479
-2.06261
-1.92794
-1.19548
-2.41627
-0.664365
-1.38527
-2.19381
-1.56152
-1.10788
-2.72768
-1.24241
-3.08458
-2.8482
0
-1.04928
-0.39946
-1.51548
-3.33442
-2.41373
-1.125
-0.487263
-2.45849
-1.25374
-3.70526
-2.46663
-0.934167
-1.54652
-2.08531
-0.236933
-1.36943
-2.8904
-3.21877
-2.99608
-2.73243
-1.16352
-1.95361
-3.59973
-3.45741
-1.73614
-2.6915
-1.04928
0
-3.1083
-2.97446
-0.790513
-2.67187
-1.18186
-1.05206
-3.5004
-1.85116
-1.48724
-2.67523
-1.97585
-1.31001
-4.14235
-3.01049
-3.71191
-1.6986
-2.38522
-3.02887
-3.92601
-3.43736
-1.90435
-1.34983
-1.10746
-2.20301
-1.93026
-0.39946
-3.1083
0
-2.98411
-2.09085
-1.67271
-2.52757
-3.08813
-3.15283
-2.77176
-1.96904
0.0879822
-2.4357
-1.41088
-1.3647
-3.31644
-2.63596
-3.25729
-1.16492
-0.682848
-2.86798
-1.35581
-2.06668
-3.25199
-2.76289
-2.55071
-1.24951
-1.51548
-2.97446
-2.98411
0
-3.15429
-2.30902
-1.79462
-2.37153
-1.0084
-0.893468
-2.95822
-2.69728
-2.44762
-3.13785
-2.54629
-2.48311
-4.08001
-2.42112
-1.85817
-3.13056
-1.48858
-1.71116
-0.971257
-1.3085
-2.60443
-1.64848
-1.50433
-3.33442
-0.790513
-2.09085
-3.15429
0
-0.988197
-2.10479
-3.07919
-1.67196
-1.25031
-3.20516
-2.23525
-1.50974
-2.79791
-1.20214
-1.90228
-2.0331
-1.7498
-2.51165
-1.9528
-2.41919
-1.43119
-1.01739
-2.84278
-1.35902
-2.16093
-2.84392
-2.41373
-2.67187
-1.67271
-2.30902
-0.988197
0
