0
-2.91181
-2.82153
-1.90773
-1.3284
-1.05399
-2.94882
-2.44228
-3.07856
-2.43152
-1.53745
0.14088
-2.33114
-1.78746
-1.85331
-2.58514
-1.57181
-2.70997
-2.66025
-1.86186
-2.60668
-0.281916
-1.61741
-1.71153
-1.29081
-2.85522
-1.75627
-2.91181
0
-1.61459
-1.76621
-0.823044
-1.42183
-0.949321
-0.820225
-2.66434
-1.95447
-1.27117
-2.81435
-1.00241
-0.9369
-0.641513
-1.86234
-2.21138
-2.40265
-2.22669
-1.73932
-1.87881
0.114849
-2.22423
-3.09317
-3.35285
-2.58253
-1.10461
-2.82153
-1.61459
0
-1.89875
-3.91255
-1.99965
-1.61496
-1.44575
-0.985374
-3.21148
-2.34711
-2.30378
-3.12223
-2.13201
-3.59061
-0.356699
-2.50045
-0.574002
-1.56599
0.732234
-2.11081
-3.0104
-2.78898
-1.5114
-3.2624
-2.57671
-2.74596
-1.90773
-1.76621
-1.89875
0
-0.953595
-1.27038
-0.809369
-2.0695
-2.2736
-1.96277
-1.35139
-1.65301
-2.03066
-1.0162
-0.642057
-1.17682
-1.57262
-2.59455
-1.10887
-0.339235
-1.79352
-0.981796
-2.88453
-4.31558
-0.382089
-1.94517
-1.9578
-1.3284
-0.823044
-3.91255
-0.953595
0
-2.06917
-2.47239
-3.46797
-1.31487
-2.3544
-2.59908
-1.66647
-0.416011
-1.15053
-2.0476
-2.3106
-3.2806
-0.995398
-2.30166
-0.386261
-1.83009
-2.22272
-3.16518
-2.70717
-3.4256
-0.679417
-1.93996
-1.05399
-1.42183
-1.99965
-1.27038
-2.06917
0
-1.1415
-1.80265
-1.30889
-2.4739
-0.923647
-0.771585
-0.449012
-0.920388
-2.09443
-1.88163
-1.93162
-0.406484
-1.05392
-3.51399
-2.97682
-4.12309
-1.28119
-3.00356
-3.04089
-1.54361
-2.45347
-2.94882
-0.949321
-1.61496
-0.809369
-2.47239
-1.1415
0
-3.20961
-2.81819
-1.27454
-2.52687
-2.24161
-2.78319
-2.7997
-2.35522
-1.70404
-1.942
-3.32872
-2.40107
-4.31489
-3.53166
-2.03223
-1.40328
-1.23291
-1.94873
-2.09918
-1.55198
-2.44228
-0.820225
-1.44575
-2.0695
-3.46797
-1.80265
-3.20961
0
0.177752
-2.13731
-1.06214
-0.593989
-2.53385
-1.71948
-3.06648
-1.86967
-0.744675
-4.09411
-0.939651
-2.24813
-1.36043
-1.59984
-0.719388
-3.74114
-3.64507
-1.8131
-1.87813
-3.07856
-2.66434
-0.985374
-2.2736
-1.31487
-1.30889
-2.81819
0.177752
0
-1.76309
-2.92036
-1.43365
-2.81939
-3.0443
-2.19574
-2.30349
-0.222431
-1.28365
-3.04284
-1.69223
-2.60953
-2.01852
-1.02355
-2.09335
-2.76204
-1.65569
-1.70063
-2.43152
-1.95447
-3.21148
-1.96277
-2.3544
-2.4739
-1.27454
-2.13731
-1.76309
0
-3.19012
-2.77834
-2.63643
-2.54303
-0.104272
-1.44046
-1.94273
-0.29719
-2.31568
-0.80471
-2.74825
-1.1014
-0.414347
-3.20233
-2.61754
-2.07277
-1.83419
-1.53745
-1.27117
-2.34711
-1.35139
-2.59908
-0.923647
-2.52687
-1.06214
-2.92036
-3.19012
0
-2.27941
-0.940916
0.101483
-3.03844
-1.66508
-0.909006
-0.630709
-3.01048
-2.93461
-1.23483
-0.739114
-1.42502
-3.54132
-1.75935
-2.12479
-3.06566
0.14088
-2.81435
-2.30378
-1.65301
-1.66647
-0.771585
-2.24161
-0.593989
-1.43365
-2.77834
-2.27941
0
-2.34415
-2.65661
-2.34946
-0.24891
-0.468712
-2.6371
-0.957819
-3.83308
-1.3903
-2.51402
-2.67297
-3.18635
-2.38464
-1.35976
-2.31968
-2.33114
-1.00241
-3.12223
-2.03066
-0.416011
-0.449012
-2.78319
-2.53385
-2.81939
-2.63643
-0.940916
-2.34415
0
-2.0798
-0.738431
-2.50419
-2.17519
-3.37096
-2.51036
-1.93096
-1.2493
-3.37267
-1.08613
-2.19296
-1.94936
-2.11459
-2.50441
-1.78746
-0.9369
-2.13201
-1.0162
-1.15053
-0.920388
-2.7997
-1.71948
-3.0443
-2.54303
0.101483
-2.65661
-2.0798
0
-1.65328
-3.25285
-2.34872
-1.47566
-2.61332
-2.81916
-2.51399
-2.19397
-2.67534
0.126676
-2.80811
-1.03568
-1.97636
-1.85331
-0.641513
-3.59061
-0.642057
-2.0476
-2.09443
-2.35522
-3.06648
-2.19574
-0.104272
-3.03844
-2.34946
-0.738431
-1.65328
0
0.0460552
-1.00268
-1.32657
-1.328
-2.16429
-1.14958
-1.81425
-2.82956
-0.970083
-2.5438
-1.81773
-1.9026
-2.58514
-1.86234
-0.356699
-1.17682
-2.3106
-1.88163
-1.70404
-1.86967
-2.30349
-1.44046
-1.66508
-0.24891
-2.50419
-3.25285
0.0460552
0
-2.14167
-0.972448
-2.22224
-1.09258
-2.25034
-3.17541
-3.30707
-4.11637
-2.2759
-1.68281
-3.37714
-1.57181
-2.21138
-2.50045
-1.57262
-3.2806
-1.93162
-1.942
-0.744675
-0.222431
-1.94273
-0.909006
-0.468712
-2.17519
-2.34872
-1.00268
-2.14167
0
-2.19146
-0.143813
-2.04502
-2.37692
-2.33102
-3.81989
-0.372583
-3.37803
-3.12665
-3.05678
-2.70997
-2.40265
-0.574002
-2.59455
-0.995398
-0.406484
-3.32872
-4.09411
-1.28365
-0.29719
-0.630709
-2.6371
-3.37096
-1.47566
-1.32657
-0.972448
-2.19146
0
-1.48661
-1.04325
-2.99277
-0.78256
-1.16325
-3.39208
-1.40468
-3.1826
-1.10024
-2.66025
-2.22669
-1.56599
-1.10887
-2.30166
-1.05392
-2.40107
-0.939651
-3.04284
-2.31568
-3.01048
-0.957819
-2.51036
-2.61332
-1.328
-2.22224
-0.143813
-1.48661
0
-0.899857
-4.53428
-2.04745
-2.28586
-1.29962
-1.83231
-2.38412
-2.61873
-1.86186
-1.73932
0.732234
-0.339235
-0.386261
-3.51399
-4.31489
-2.24813
-1.69223
-0.80471
-2.93461
-3.83308
-1.93096
-2.81916
-2.16429
-1.09258
-2.04502
-1.04325
-0.899857
0
-0.340656
-2.4254
-1.35771
-3.13034
-0.897326
-1.5659
-1.62285
-2.60668
-1.87881
-2.11081
-1.79352
-1.83009
-2.97682
-3.53166
-1.36043
-2.60953
-2.74825
-1.23483
-1.3903
-1.2493
-2.51399
-1.14958
-2.25034
-2.37692
-2.99277
-4.53428
-0.340656
0
-4.13708
-2.84996
-1.64593
-3.15265
-2.06048
-0.80168
-0.281916
0.114849
-3.0104
-0.981796
-2.22272
-4.12309
-2.03223
-1.59984
-2.01852
-1.1014
-0.739114
-2.51402
-3.37267
-2.19397
-1.81425
-3.17541
-2.33102
-0.78256
-2.04745
-2.4254
-4.13708
0
-2.49631
-1.53986
-2.25974
-2.03769
-0.972771
-1.61741
-2.22423
-2.78898
-2.88453
-3.16518
-1.28119
-1.40328
-0.719388
-1.02355
-0.414347
-1.42502
-2.67297
-1.08613
-2.67534
-2.82956
-3.30707
-3.81989
-1.16325
-2.28586
-1.35771
-2.84996
-2.49631
0
-1.50008
-2.73051
-2.81994
-2.4881
-1.71153
-3.09317
-1.5114
-4.31558
-2.70717
-3.00356
-1.23291
-3.74114
-2.09335
-3.20233
-3.54132
-3.18635
-2.19296
0.126676
-0.970083
-4.11637
-0.372583
-3.39208
-1.29962
-3.13034
-1.64593
-1.53986
-1.50008
0
-2.37154
-0.724755
-2.3293
-1.29081
-3.35285
-3.2624
-0.382089
-3.4256
-3.04089
-1.94873
-3.64507
-2.76204
-2.61754
-1.75935
-2.38464
-1.94936
-2.80811
-2.5438
-2.2759
-3.37803
-1.40468
-1.83231
-0.897326
-3.15265
-2.25974
-2.73051
-2.37154
0
-0.753833
-3.07694
-2.85522
-2.58253
-2.57671
-1.94517
-0.679417
-1.54361
-2.09918
-1.8131
-1.65569
-2.07277
-2.12479
-1.35976
-2.11459
-1.03568
-1.81773
-1.68281
-3.12665
-3.1826
-2.38412
-1.5659
-2.06048
-2.03769
-2.81994
-0.724755
-0.753833
0
-4.63672
-1.75627
-1.10461
-2.74596
-1.9578
-1.93996
-2.45347
-1.55198
-1.87813
-1.70063
-1.83419
-3.06566
-2.31968
-2.50441
-1.97636
-1.9026
-3.37714
-3.05678
-1.10024
-2.61873
-1.62285
-0.80168
-0.972771
-2.4881
-2.3293
-3.07694
-4.63672
0
