0
-2.65129
-2.97014
-0.928235
-1.23004
-1.76138
-2.56038
-2.54788
-3.54994
-1.10339
-3.11801
-3.76905
0.675071
-1.41882
-0.102021
-1.0478
-2.33168
-2.51753
-2.07831
-1.08127
-2.6058
-1.92148
-1.8923
-1.57546
-0.598887
-2.32561
-1.94856
-2.65129
0
-0.268665
-2.16181
-3.1735
-2.94958
-1.09364
-2.11303
-2.09918
-0.0862563
-1.68108
-2.48614
-0.636825
-2.96215
-2.13703
-1.24066
0.744998
-0.266515
0.226668
-1.61452
-1.33951
-3.23998
-1.79583
-1.37199
-1.13732
-2.46253
-3.42694
-2.97014
-0.268665
0
-2.08371
-2.51522
-2.01228
-2.21572
0.727486
-2.6235
-3.03569
-1.46669
-1.31338
-1.36665
-1.47179
-0.372816
-2.11515
-3.06926
-2.7467
-1.08659
-1.90955
-2.9131
-0.261883
-2.7274
-1.90139
-3.55873
-0.821061
-3.1382
-0.928235
-2.16181
-2.08371
0
-1.9349
-4.27204
-0.367207
-3.72619
-2.55251
-2.27618
-3.86733
-2.1229
-2.65207
-0.989182
-1.81576
-0.988153
-2.34125
-4.61107
-2.05345
-1.90762
-0.869963
-1.45097
-1.95581
-2.58896
-3.2832
-1.74812
-1.68035
-1.23004
-3.1735
-2.51522
-1.9349
0
-1.6825
-1.39693
-2.52665
-3.56208
-2.34293
-3.1397
-1.47654
-2.28759
-2.70402
-2.99867
-3.36208
-2.29669
-0.605503
-1.24049
0.607103
-2.91146
-1.54937
-2.03027
-1.93369
-1.74675
-1.81582
-2.11281
-1.76138
-2.94958
-2.01228
-4.27204
-1.6825
0
-2.02106
-3.12125
-1.03002
-2.98514
-2.78593
-2.13952
-0.782803
-1.04606
-1.07493
-0.663529
-1.98151
-2.28178
-3.34643
-1.61334
-1.29552
-1.72471
-3.19842
-1.79468
-1.19262
-2.20945
-3.59016
-2.56038
-1.09364
-2.21572
-0.367207
-1.39693
-2.02106
0
-1.85541
-3.26315
-1.91336
-2.53725
-0.534627
-1.70922
-3.98738
-1.0529
-0.977702
-2.48984
-1.41604
-2.94814
-3.63656
-2.75257
-1.82764
-1.7626
-1.28678
-0.986411
-2.04556
-2.96183
-2.54788
-2.11303
0.727486
-3.72619
-2.52665
-3.12125
-1.85541
0
-2.91511
-0.785546
0.907897
-1.97424
0.440394
-1.24622
-0.0142929
-1.21698
-0.0630238
-0.76846
-1.09854
-1.65655
-0.683997
-1.11216
-0.919893
-1.10124
-2.14292
-2.36115
-3.33881
-3.54994
-2.09918
-2.6235
-2.55251
-3.56208
-1.03002
-3.26315
-2.91511
0
-0.777367
-0.334303
-1.48488
-3.90267
-1.17115
-2.2576
-3.31515
-1.99025
-3.39599
-2.86529
-2.37383
-1.63947
-2.94571
-3.53492
-2.46778
-2.57452
-3.06443
-4.49157
-1.10339
-0.0862563
-3.03569
-2.27618
-2.34293
-2.98514
-1.91336
-0.785546
-0.777367
0
-2.06073
-2.78085
0.736584
-2.93522
-1.54579
-1.59703
-3.64681
-1.7363
-1.62321
-2.47437
-1.41554
-1.82131
-2.61477
-0.723194
-0.516903
-2.95814
-0.19769
-3.11801
-1.68108
-1.46669
-3.86733
-3.1397
-2.78593
-2.53725
0.907897
-0.334303
-2.06073
0
-1.5229
-1.19873
-3.66813
-2.19525
-1.89564
-4.02357
-2.6006
-0.740979
-2.25897
-1.21641
-3.30258
-1.48116
-0.0833816
-2.11454
-2.55657
-1.98866
-3.76905
-2.48614
-1.31338
-2.1229
-1.47654
-2.13952
-0.534627
-1.97424
-1.48488
-2.78085
-1.5229
0
-2.24437
-2.36961
-1.8115
-2.05741
-2.51063
-0.847332
-0.780135
-2.3491
-2.06237
-3.01489
-1.2659
-0.527867
-4.11363
-2.01916
-3.88291
0.675071
-0.636825
-1.36665
-2.65207
-2.28759
-0.782803
-1.70922
0.440394
-3.90267
0.736584
-1.19873
-2.24437
0
-3.49282
-0.431806
-2.56262
-0.842188
-2.5545
-1.20649
-3.26671
-2.17728
-1.87385
-0.988772
-2.39428
-1.31586
-3.1193
-3.80466
-1.41882
-2.96215
-1.47179
-0.989182
-2.70402
-1.04606
-3.98738
-1.24622
-1.17115
-2.93522
-3.66813
-2.36961
-3.49282
0
-1.04436
-2.92877
-2.57962
-0.530695
-0.566597
-1.84987
-3.21349
-2.92746
-4.04464
-2.84189
-2.84494
-1.44504
-0.636368
-0.102021
-2.13703
-0.372816
-1.81576
-2.99867
-1.07493
-1.0529
-0.0142929
-2.2576
-1.54579
-2.19525
-1.8115
-0.431806
-1.04436
0
-3.34763
-1.92545
-0.47582
-2.80608
-2.46774
-3.46395
-1.50574
-3.14101
-2.56789
-3.13553
-0.247214
-2.03019
-1.0478
-1.24066
-2.11515
-0.988153
-3.36208
-0.663529
-0.977702
-1.21698
-3.31515
-1.59703
-1.89564
-2.05741
-2.56262
-2.92877
-3.34763
0
-0.666884
-2.38068
-2.21809
-0.391869
-2.8832
-2.72483
-0.853686
-1.95173
-3.45395
-2.40768
-2.80998
-2.33168
0.744998
-3.06926
-2.34125
-2.29669
-1.98151
-2.48984
-0.0630238
-1.99025
-3.64681
-4.02357
-2.51063
-0.842188
-2.57962
-1.92545
-0.666884
0
-2.42645
-1.11346
-2.05063
-3.38022
-2.12344
-2.19891
-2.1998
-0.482606
-1.86808
-2.96959
-2.51753
-0.266515
-2.7467
-4.61107
-0.605503
-2.28178
-1.41604
-0.76846
-3.39599
-1.7363
-2.6006
-0.847332
-2.5545
-0.530695
-0.47582
-2.38068
-2.42645
0
-1.31396
-0.694416
-1.2024
-1.37635
-3.13843
-2.13211
-1.4071
-2.98597
-4.28393
-2.07831
0.226668
-1.08659
-2.05345
-1.24049
-3.34643
-2.94814
-1.09854
-2.86529
-1.62321
-0.740979
-0.780135
-1.20649
-0.566597
-2.80608
-2.21809
-1.11346
-1.31396
0
-1.42942
-3.46654
-1.06325
-1.63776
-0.867613
-1.42923
-3.44498
-2.4608
-1.08127
-1.61452
-1.90955
-1.90762
0.607103
-1.61334
-3.63656
-1.65655
-2.37383
-2.47437
-2.25897
-2.3491
-3.26671
-1.84987
-2.46774
-0.391869
-2.05063
-0.694416
-1.42942
0
-2.61155
-3.41848
-0.177533
-1.94953
-2.91762
-1.58279
-1.43301
-2.6058
-1.33951
-2.9131
-0.869963
-2.91146
-1.29552
-2.75257
-0.683997
-1.63947
-1.41554
-1.21641
-2.06237
-2.17728
-3.21349
-3.46395
-2.8832
-3.38022
-1.2024
-3.46654
-2.61155
0
-1.17639
-3.26559
-2.30937
-2.15436
-3.31793
-0.794245
-1.92148
-3.23998
-0.261883
-1.45097
-1.54937
-1.72471
-1.82764
-1.11216
-2.94571
-1.82131
-3.30258
-3.01489
-1.87385
-2.92746
-1.50574
-2.72483
-2.12344
-1.37635
-1.06325
-3.41848
-1.17639
0
-1.45101
-1.02812
-1.54762
-2.06828
-1.66375
-1.8923
-1.79583
-2.7274
-1.95581
-2.03027
-3.19842
-1.7626
-0.919893
-3.53492
-2.61477
-1.48116
-1.2659
-0.988772
-4.04464
-3.14101
-0.853686
-2.19891
-3.13843
-1.63776
-0.177533
-3.26559
-1.45101
0
-1.53935
-2.50993
-1.4496
-1.56164
-1.57546
-1.37199
-1.90139
-2.58896
-1.93369
-1.79468
-1.28678
-1.10124
-2.46778
-0.723194
-0.0833816
-0.527867
-2.39428
-2.84189
-2.56789
-1.95173
-2.1998
-2.13211
-0.867613
-1.94953
-2.30937
-1.02812
-1.53935
0
0.387769
-2.00841
-2.82294
-0.598887
-1.13732
-3.55873
-3.2832
-1.74675
-1.19262
-0.986411
-2.14292
-2.57452
-0.516903
-2.11454
-4.11363
-1.31586
-2.84494
-3.13553
-3.45395
-0.482606
-1.4071
-1.42923
-2.91762
-2.15436
-1.54762
-2.50993
0.387769
0
-2.47933
-0.355466
-2.32561
-2.46253
-0.821061
-1.74812
-1.81582
-2.20945
-2.04556
-2.36115
-3.06443
-2.95814
-2.55657
-2.01916
-3.1193
-1.44504
-0.247214
-2.40768
-1.86808
-2.98597
-3.44498
-1.58279
-3.31793
-2.06828
-1.4496
-2.00841
-2.47933
0
-0.946666
-1.94856
-3.42694
-3.1382
-1.68035
-2.11281
-3.59016
-2.96183
-3.33881
-4.49157
-0.19769
-1.98866
-3.88291
-3.80466
-0.636368
-2.03019
-2.80998
-2.96959
-4.28393
-2.4608
-1.43301
-0.794245
-1.66375
-1.56164
-2.82294
-0.355466
-0.946666
0
