0
-1.52882
-2.1305
-1.81447
-3.29238
-0.480844
-1.70579
-1.01295
-4.34257
-2.60965
-0.968029
-0.777408
-2.99524
-1.43562
-2.76879
-2.57883
-1.43632
-0.303495
-2.94241
-0.338829
-1.24429
-1.71915
-3.41631
-2.06839
-1.93101
-0.640935
-0.756813
-1.52882
0
-0.526604
-1.94013
-0.553949
-2.0362
-2.03299
-1.07797
-3.09294
-1.0703
-2.93004
-2.82165
-3.83206
-2.45153
-1.44695
-0.150091
1.04285
0.00244299
-3.569
-1.43022
-1.54008
-3.04023
-0.885665
-1.77309
-1.64373
-1.77197
-2.86668
-2.1305
-0.526604
0
-3.11539
-0.337393
-2.1238
-2.28733
-3.2322
-1.77582
-1.71976
-2.76886
-2.60407
-1.53016
-2.55812
-1.47597
-1.70085
-3.44902
-3.59307
-2.97985
-0.99372
-2.05947
-1.58641
-3.49375
0.642362
-1.48873
-2.04417
-1.50608
-1.81447
-1.94013
-3.11539
0
-1.57868
-2.81852
-2.32233
0.00240661
-0.367185
-2.57274
-3.96405
-0.533746
-3.50544
-1.55338
-3.1083
-0.645135
-3.7097
-1.94486
-2.78659
-2.01233
-1.62394
-1.88101
-1.24539
-0.997344
-2.03416
-2.21683
-0.309778
-3.29238
-0.553949
-0.337393
-1.57868
0
-2.42033
-1.79537
-3.79742
-0.922663
-1.81853
-2.84902
-2.93976
-2.43106
-2.42433
-3.09607
-1.56129
-2.44679
-2.28843
-1.62597
-1.29067
-3.45847
-1.8362
-1.31053
-1.75537
-0.554832
-2.19453
-1.2286
-0.480844
-2.0362
-2.1238
-2.81852
-2.42033
0
-1.34151
-2.79958
-1.56431
-2.7647
-2.05567
-3.593
-2.16559
-0.950863
-0.0996811
-2.43477
-2.33547
-0.856515
-3.23076
-2.02734
-2.59663
-2.78529
-2.69397
-1.5166
-2.52147
-1.69321
-2.94192
-1.70579
-2.03299
-2.28733
-2.32233
-1.79537
-1.34151
0
-3.00178
-1.9862
-2.26847
-0.812022
-3.1548
-0.679378
-2.39149
-1.85565
-1.4295
-2.65931
-2.05705
-3.57973
-1.61371
-1.05443
-3.04199
-3.39229
-3.31341
-2.86627
-2.65216
-3.2002
-1.01295
-1.07797
-3.2322
0.00240661
-3.79742
-2.79958
-3.00178
0
-3.32765
-2.7388
-2.15924
-2.17126
-2.6774
-2.44127
-2.03405
-3.12149
-3.23268
-2.11667
-3.24619
-2.09047
-3.62657
0.282725
-0.778232
-1.11947
-3.49112
-1.95543
-2.8453
-4.34257
-3.09294
-1.77582
-0.367185
-0.922663
-1.56431
-1.9862
-3.32765
0
-2.55758
-3.6218
-3.03363
-1.22678
-1.93145
-1.34785
-2.2465
-1.25909
-0.702912
-3.11567
-3.82832
-0.247835
-2.13886
-3.60059
-1.32229
-1.66869
-0.824939
-1.17072
-2.60965
-1.0703
-1.71976
-2.57274
-1.81853
-2.7647
-2.26847
-2.7388
-2.55758
0
-0.365937
-0.963953
-2.41741
-1.76438
-2.04597
-1.82022
-2.33563
-2.73102
-2.00146
-1.74651
-1.40198
-1.25881
-2.36706
-1.56221
-0.995247
-2.52364
-2.97325
-0.968029
-2.93004
-2.76886
-3.96405
-2.84902
-2.05567
-0.812022
-2.15924
-3.6218
-0.365937
0
-0.963062
-1.3116
-2.21356
-1.13226
-1.68518
-2.25561
-0.955746
-0.553141
-3.52561
-0.570974
-0.0946698
-0.805533
-1.68967
-1.92805
-2.08038
-2.33039
-0.777408
-2.82165
-2.60407
-0.533746
-2.93976
-3.593
-3.1548
-2.17126
-3.03363
-0.963953
-0.963062
0
-0.802463
-1.47296
-0.810727
-3.47125
0.20138
-0.331838
-1.61249
-1.54851
-2.0217
-1.52018
-3.28771
-2.68394
-3.0618
-3.48039
-0.263937
-2.99524
-3.83206
-1.53016
-3.50544
-2.43106
-2.16559
-0.679378
-2.6774
-1.22678
-2.41741
-1.3116
-0.802463
0
-1.75917
-3.167
-1.52814
-2.79759
-1.82842
-3.89166
-2.48556
-2.2406
-3.94089
-2.58347
-1.38046
-3.18498
-1.44439
-1.16455
-1.43562
-2.45153
-2.55812
-1.55338
-2.42433
-0.950863
-2.39149
-2.44127
-1.93145
-1.76438
-2.21356
-1.47296
-1.75917
0
-1.9771
-2.30937
-0.984915
-2.23992
-2.55269
-2.82064
-2.7703
-2.02161
0.245419
-1.31983
-2.40808
-1.05331
-2.90168
-2.76879
-1.44695
-1.47597
-3.1083
-3.09607
-0.0996811
-1.85565
-2.03405
-1.34785
-2.04597
-1.13226
-0.810727
-3.167
-1.9771
0
-1.89866
1.18746
-4.37398
-0.901605
-2.67787
-1.44203
-1.64584
-0.795596
-3.29063
-0.765021
-0.618745
-2.78218
-2.57883
-0.150091
-1.70085
-0.645135
-1.56129
-2.43477
-1.4295
-3.12149
-2.2465
-1.82022
-1.68518
-3.47125
-1.52814
-2.30937
-1.89866
0
-0.454227
-2.58244
-3.16149
-0.966456
-2.55575
-1.7628
-3.20078
-1.50328
-1.84709
-2.53999
-0.595347
-1.43632
1.04285
-3.44902
-3.7097
-2.44679
-2.33547
-2.65931
-3.23268
-1.25909
-2.33563
-2.25561
0.20138
-2.79759
-0.984915
1.18746
-0.454227
0
-0.604308
-0.119537
-2.43227
-3.63005
-2.11947
-2.34154
-1.61249
-0.938854
-1.78776
-1.19533
-0.303495
0.00244299
-3.59307
-1.94486
-2.28843
-0.856515
-2.05705
-2.11667
-0.702912
-2.73102
-0.955746
-0.331838
-1.82842
-2.23992
-4.37398
-2.58244
-0.604308
0
-2.97993
-1.65566
-2.09324
-1.65682
-2.76714
-3.32307
-0.672449
-1.59404
-1.7713
-2.94241
-3.569
-2.97985
-2.78659
-1.62597
-3.23076
-3.57973
-3.24619
-3.11567
-2.00146
-0.553141
-1.61249
-3.89166
-2.55269
-0.901605
-3.16149
-0.119537
-2.97993
0
-2.52909
-2.60022
-2.50991
-1.00256
-0.605835
-2.23706
-2.88731
-0.590411
-0.338829
-1.43022
-0.99372
-2.01233
-1.29067
-2.02734
-1.61371
-2.09047
-3.82832
-1.74651
-3.52561
-1.54851
-2.48556
-2.82064
-2.67787
-0.966456
-2.43227
-1.65566
-2.52909
0
-1.54204
-1.14677
-2.10936
-1.41202
-1.01625
-1.26539
-1.20867
-1.24429
-1.54008
-2.05947
-1.62394
-3.45847
-2.59663
-1.05443
-3.62657
-0.247835
-1.40198
-0.570974
-2.0217
-2.2406
-2.7703
-1.44203
-2.55575
-3.63005
-2.09324
-2.60022
-1.54204
0
-1.63588
-4.08574
0.442993
-1.27882
-2.00508
-3.14637
-1.71915
-3.04023
-1.58641
-1.88101
-1.8362
-2.78529
-3.04199
0.282725
-2.13886
-1.25881
-0.0946698
-1.52018
-3.94089
-2.02161
-1.64584
-1.7628
-2.11947
-1.65682
-2.50991
-1.14677
-1.63588
0
-1.11389
-2.81691
-1.9286
-0.901898
-2.43079
-3.41631
-0.885665
-3.49375
-1.24539
-1.31053
-2.69397
-3.39229
-0.778232
-3.60059
-2.36706
-0.805533
-3.28771
-2.58347
0.245419
-0.795596
-3.20078
-2.34154
-2.76714
-1.00256
-2.10936
-4.08574
-1.11389
0
-3.63736
-0.365168
-0.293212
-0.822786
-2.06839
-1.77309
0.642362
-0.997344
-1.75537
-1.5166
-3.31341
-1.11947
-1.32229
-1.56221
-1.68967
-2.68394
-1.38046
-1.31983
-3.29063
-1.50328
-1.61249
-3.32307
-0.605835
-1.41202
0.442993
-2.81691
-3.63736
0
-1.90915
-2.60739
-2.42739
-1.93101
-1.64373
-1.48873
-2.03416
-0.554832
-2.52147
-2.86627
-3.49112
-1.66869
-0.995247
-1.92805
-3.0618
-3.18498
-2.40808
-0.765021
-1.84709
-0.938854
-0.672449
-2.23706
-1.01625
-1.27882
-1.9286
-0.365168
-1.90915
0
-2.57616
-2.47265
-0.640935
-1.77197
-2.04417
-2.21683
-2.19453
-1.69321
-2.65216
-1.95543
-0.824939
-2.52364
-2.08038
-3.48039
-1.44439
-1.05331
-0.618745
-2.53999
-1.78776
-1.59404
-2.88731
-1.26539
-2.00508
-0.901898
-0.293212
-2.60739
-2.57616
0
-2.29444
-0.756813
-2.86668
-1.50608
-0.309778
-1.2286
-2.94192
-3.2002
-2.8453
-1.17072
-2.97325
-2.33039
-0.263937
-1.16455
-2.90168
-2.78218
-0.595347
-1.19533
-1.7713
-0.590411
-1.20867
-3.14637
-2.43079
-0.822786
-2.42739
-2.47265
-2.29444
0
