0
-1.39828
-1.88606
-1.31647
-3.02323
-2.73646
-2.39824
-1.61862
-0.818296
-1.27751
-2.60244
-0.458565
-2.08353
-1.63737
-1.8187
-2.38298
-2.88069
-1.94275
-2.78662
-2.95413
-0.496314
-0.594656
-2.93091
-2.57828
-2.74494
-2.61914
-2.33078
-1.39828
0
-2.75088
-1.63545
-1.45292
-3.25543
-2.83932
-1.89987
-1.74638
-1.96174
-3.22475
-1.32222
-1.85372
-2.19003
-3.15966
-2.2351
-1.71456
-1.77854
-3.90472
-1.52525
0.271026
-1.76808
-0.979324
-1.74718
-2.86682
-2.26781
-2.68808
-1.88606
-2.75088
0
-1.45932
-0.873605
-3.15301
-1.3057
-1.36429
-0.730585
-2.30162
-1.50183
-1.27519
-1.54005
-1.18256
-5.1896
-1.98391
-1.65234
-1.21936
-5.12621
-1.71084
-1.23482
-1.18764
-2.31876
-2.82895
-1.79034
-3.96592
-0.818327
-1.31647
-1.63545
-1.45932
0
-2.94283
-2.49727
-0.43571
-1.84593
-2.18086
-3.23919
-4.76178
-1.22114
-2.35067
-3.48615
-0.577463
-1.80983
-1.87723
-2.39835
-1.71617
-0.308916
-2.52338
-4.07831
-2.52599
-1.62021
-2.38975
-1.26495
-1.5308
-3.02323
-1.45292
-0.873605
-2.94283
0
-1.65764
0.235842
0.431079
-2.05632
-2.88328
-3.21371
-1.92498
-3.3281
-2.2668
-0.165889
-1.59344
-2.43191
-2.10556
-2.11158
-2.74678
-1.95871
-3.01866
-2.86919
-3.06267
-3.98001
-0.81904
-2.1363
-2.73646
-3.25543
-3.15301
-2.49727
-1.65764
0
-1.71451
-1.36351
-1.60626
-0.899917
-0.916771
-1.49358
-1.9586
-1.71199
-2.25777
-2.98787
-2.52237
-3.17858
-3.80906
-1.25877
-2.56633
-0.122676
-0.905101
-0.458133
-1.26542
-1.73124
-1.91347
-2.39824
-2.83932
-1.3057
-0.43571
0.235842
-1.71451
0
-1.74394
-1.11614
-1.82823
-3.21971
-0.868537
-2.28275
-1.594
-3.09648
-0.747218
-1.93403
-0.153442
-1.90305
-1.98737
-2.02603
-2.25523
-1.68043
-1.38037
-0.737345
-0.681532
-1.52798
-1.61862
-1.89987
-1.36429
-1.84593
0.431079
-1.36351
-1.74394
0
-3.34375
-0.500693
-1.46268
-1.70807
-0.421048
-2.1266
-1.99944
-2.12367
-0.22752
-1.72504
-0.518063
-2.55961
-2.00819
-1.16027
0.0681641
-3.08914
-1.98642
-2.63273
-1.0201
-0.818296
-1.74638
-0.730585
-2.18086
-2.05632
-1.60626
-1.11614
-3.34375
0
-2.43112
-0.778743
-0.402942
-0.138417
-2.61709
-1.94417
-2.16293
-1.90225
-2.07295
-1.04053
-1.58635
-3.90388
-2.96065
-1.99058
-2.74959
-3.442
-1.65225
-0.944838
-1.27751
-1.96174
-2.30162
-3.23919
-2.88328
-0.899917
-1.82823
-0.500693
-2.43112
0
0.474294
-2.01373
-1.02866
-1.41386
-2.28847
-2.1555
-1.4299
-2.74199
-1.23616
-1.82348
-1.43034
-2.60964
-3.11527
-1.89053
-1.29842
-3.65796
-1.85744
-2.60244
-3.22475
-1.50183
-4.76178
-3.21371
-0.916771
-3.21971
-1.46268
-0.778743
0.474294
0
-4.22132
-1.89721
-2.40593
-2.477
-1.89355
-1.68449
-3.04605
-4.10426
-3.68601
-1.13142
-1.88737
-2.18438
-1.60166
-0.979847
-2.80191
-1.29378
-0.458565
-1.32222
-1.27519
-1.22114
-1.92498
-1.49358
-0.868537
-1.70807
-0.402942
-2.01373
-4.22132
0
-1.32268
-2.62179
-2.48097
-3.20542
-2.39267
0.323169
-0.155223
-2.27266
-2.15146
-0.328503
-2.71872
-3.14829
-2.66435
-0.0438791
-2.51685
-2.08353
-1.85372
-1.54005
-2.35067
-3.3281
-1.9586
-2.28275
-0.421048
-0.138417
-1.02866
-1.89721
-1.32268
0
-1.47893
-0.985979
-1.47661
-0.88967
-4.59586
-1.42967
-4.42086
-0.401258
-2.85035
-1.75155
-2.41442
-1.5981
-1.41743
-3.49842
-1.63737
-2.19003
-1.18256
-3.48615
-2.2668
-1.71199
-1.594
-2.1266
-2.61709
-1.41386
-2.40593
-2.62179
-1.47893
0
-1.26624
-0.687999
-3.78616
-1.73916
-0.692845
-2.26721
-2.61255
-1.54314
-3.70367
-3.51591
-2.16571
-2.37569
-2.51605
-1.8187
-3.15966
-5.1896
-0.577463
-0.165889
-2.25777
-3.09648
-1.99944
-1.94417
-2.28847
-2.477
-2.48097
-0.985979
-1.26624
0
-1.98914
-2.4384
-2.47459
0.376094
-2.74622
-2.06474
-1.41313
-2.6147
-1.4558
-1.31326
-2.97339
-2.66519
-2.38298
-2.2351
-1.98391
-1.80983
-1.59344
-2.98787
-0.747218
-2.12367
-2.16293
-2.1555
-1.89355
-3.20542
-1.47661
-0.687999
-1.98914
0
-1.74042
-2.31059
-3.50784
-2.15311
-1.70719
-3.97607
-2.08205
-3.59082
-2.63995
-1.29453
-2.94929
-2.88069
-1.71456
-1.65234
-1.87723
-2.43191
-2.52237
-1.93403
-0.22752
-1.90225
-1.4299
-1.68449
-2.39267
-0.88967
-3.78616
-2.4384
-1.74042
0
-3.20069
-1.92571
-3.38107
-0.777233
-2.82888
-2.3074
-2.82277
-1.69423
-1.52705
-2.35126
-1.94275
-1.77854
-1.21936
-2.39835
-2.10556
-3.17858
-0.153442
-1.72504
-2.07295
-2.74199
-3.04605
0.323169
-4.59586
-1.73916
-2.47459
-2.31059
-3.20069
0
-1.51048
-2.71553
-1.97229
-1.2505
-1.95174
-1.4728
-2.82978
-1.74919
-0.968876
-2.78662
-3.90472
-5.12621
-1.71617
-2.11158
-3.80906
-1.90305
-0.518063
-1.04053
-1.23616
-4.10426
-0.155223
-1.42967
-0.692845
0.376094
-3.50784
-1.92571
-1.51048
0
-1.89083
-1.97258
-1.11855
-2.19115
-1.11401
-3.28392
-1.10884
-2.09986
-2.95413
-1.52525
-1.71084
-0.308916
-2.74678
-1.25877
-1.98737
-2.55961
-1.58635
-1.82348
-3.68601
-2.27266
-4.42086
-2.26721
-2.74622
-2.15311
-3.38107
-2.71553
-1.89083
0
-2.27592
-1.65358
-2.43533
-0.997059
-2.34551
-1.18428
-1.19062
-0.496314
0.271026
-1.23482
-2.52338
-1.95871
-2.56633
-2.02603
-2.00819
-3.90388
-1.43034
-1.13142
-2.15146
-0.401258
-2.61255
-2.06474
-1.70719
-0.777233
-1.97229
-1.97258
-2.27592
0
0.936266
0.181225
-0.978068
-0.837785
-2.58628
0.461589
-0.594656
-1.76808
-1.18764
-4.07831
-3.01866
-0.122676
-2.25523
-1.16027
-2.96065
-2.60964
-1.88737
-0.328503
-2.85035
-1.54314
-1.41313
-3.97607
-2.82888
-1.2505
-1.11855
-1.65358
0.936266
0
-1.67578
-0.735287
-0.0357023
-2.15533
-2.26901
-2.93091
-0.979324
-2.31876
-2.52599
-2.86919
-0.905101
-1.68043
0.0681641
-1.99058
-3.11527
-2.18438
-2.71872
-1.75155
-3.70367
-2.6147
-2.08205
-2.3074
-1.95174
-2.19115
-2.43533
0.181225
-1.67578
0
-2.52587
-0.764669
-1.99595
-1.16898
-2.57828
-1.74718
-2.82895
-1.62021
-3.06267
-0.458133
-1.38037
-3.08914
-2.74959
-1.89053
-1.60166
-3.14829
-2.41442
-3.51591
-1.4558
-3.59082
-2.82277
-1.4728
-1.11401
-0.997059
-0.978068
-0.735287
-2.52587
0
-0.288886
-1.19585
-1.66936
-2.74494
-2.86682
-1.79034
-2.38975
-3.98001
-1.26542
-0.737345
-1.98642
-3.442
-1.29842
-0.979847
-2.66435
-1.5981
-2.16571
-1.31326
-2.63995
-1.69423
-2.82978
-3.28392
-2.34551
-0.837785
-0.0357023
-0.764669
-0.288886
0
-1.7723
-4.71307
-2.61914
-2.26781
-3.96592
-1.26495
-0.81904
-1.73124
-0.681532
-2.63273
-1.65225
-3.65796
-2.80191
-0.0438791
-1.41743
-2.37569
-2.97339
-1.29453
-1.52705
-1.74919
-1.10884
-1.18428
-2.58628
-2.15533
-1.99595
-1.19585
-1.7723
0
-1.62804
-2.33078
-2.68808
-0.818327
-1.5308
-2.1363
-1.91347
-1.52798
-1.0201
-0.944838
-1.85744
-1.29378
-2.51685
-3.49842
-2.51605
-2.66519
-2.94929
-2.35126
-0.968876
-2.09986
-1.19062
0.461589
-2.26901
-1.16898
-1.66936
-4.71307
-1.62804
0
