0
-2.07652
-2.66025
-1.26596
-2.57004
-1.46997
-1.5289
-2.41107
-1.46906
-3.5356
-1.42629
-0.491295
-2.00429
-2.03781
-0.88881
-2.68691
-3.0291
-2.62036
-2.16196
-1.43738
-0.696076
-2.79475
-3.48336
-2.82281
-1.03907
-0.578857
-1.51556
-2.07652
0
-3.06131
-1.01177
-1.05515
-2.773
-2.04936
-2.01299
-2.81728
-0.547223
-2.94119
-0.720278
-1.04219
-1.44656
-1.59635
-3.09176
-1.853
-1.91145
-2.02095
-1.1454
-2.62824
-1.72961
-1.61472
-0.770713
-0.889056
0.153787
-2.13403
-2.66025
-3.06131
0
-1.13697
-3.07336
-4.89473
-2.73351
-1.53148
-1.90486
-1.61577
-3.21641
-1.64989
-2.25604
-2.66218
-3.80197
-1.42412
-2.41738
-0.304256
-1.49122
-1.28243
-0.970981
-2.28032
-1.15028
-1.82643
-2.80986
-1.87395
-2.06118
-1.26596
-1.01177
-1.13697
0
-3.03315
-2.96469
-1.76421
-1.99289
-3.50141
-3.56543
-2.74716
-1.05596
-4.24261
-2.91515
-2.9774
-0.417338
-3.96625
-3.73748
-3.13288
-2.25153
-1.81324
-0.190384
-1.16165
-2.26363
-1.9014
-0.796632
-0.464018
-2.57004
-1.05515
-3.07336
-3.03315
0
-2.29166
-1.32382
-1.64988
-0.64401
-1.62698
-3.5584
-1.26949
-2.01857
-1.57288
-2.94759
-2.21588
-2.46367
-3.55334
-2.59512
0.0658794
-1.38642
-2.54807
-1.77516
-2.48543
-1.16856
-0.829534
-2.57369
-1.46997
-2.773
-4.89473
-2.96469
-2.29166
0
-3.8265
-2.90115
-2.98588
-2.99637
-1.06709
-1.38777
-3.56155
-2.92764
-2.43842
-0.875475
-0.838464
-3.3708
-0.504572
-2.38047
-0.849753
-1.93881
-3.04328
-1.86762
-2.81963
-0.976026
-2.866
-1.5289
-2.04936
-2.73351
-1.76421
-1.32382
-3.8265
0
-1.32874
-2.26438
-2.34815
-2.17477
-1.47752
-0.951338
-2.36341
-0.705549
-2.48804
-2.60885
-1.98227
-0.900322
-0.159505
-4.41324
-2.22565
-1.33884
-2.39881
-2.15428
-1.3057
-3.62444
-2.41107
-2.01299
-1.53148
-1.99289
-1.64988
-2.90115
-1.32874
0
-0.000296851
-1.92708
-1.91452
-1.13245
-1.63376
-1.63346
-1.50158
-1.96111
0.010411
-1.89
-1.36128
-2.0647
-2.72328
-1.68347
-0.799832
-3.66823
-2.41822
-2.15386
-3.34905
-1.46906
-2.81728
-1.90486
-3.50141
-0.64401
-2.98588
-2.26438
-0.000296851
0
-2.69061
-1.42686
-1.30573
-2.08341
-2.13893
-2.20449
-3.28816
-4.07116
-1.004
-3.43272
-0.128177
-2.65373
-1.15481
-1.41339
-1.74835
-1.40124
-0.685452
-2.82706
-3.5356
-0.547223
-1.61577
-3.56543
-1.62698
-2.99637
-2.34815
-1.92708
-2.69061
0
-3.09843
-2.51637
-3.69117
-1.18743
-1.85622
-2.36303
-4.08447
-2.39197
-2.98636
-2.35562
-2.73596
-2.70245
-1.95796
-1.051
-3.05924
-2.57753
-2.25851
-1.42629
-2.94119
-3.21641
-2.74716
-3.5584
-1.06709
-2.17477
-1.91452
-1.42686
-3.09843
0
-2.8481
-1.58107
-1.01986
-2.42878
-3.52704
-0.834013
-2.07413
-2.19117
-2.6893
-0.520923
-1.78316
-2.69444
-3.47424
-2.32126
-2.15204
-3.27382
-0.491295
-0.720278
-1.64989
-1.05596
-1.26949
-1.38777
-1.47752
-1.13245
-1.30573
-2.51637
-2.8481
0
-1.80055
-0.560379
-1.33662
-1.85835
-2.3378
-1.687
-2.9634
-1.83675
-2.51568
-1.9204
-1.0744
-2.02185
-2.13791
-1.16763
-2.12236
-2.00429
-1.04219
-2.25604
-4.24261
-2.01857
-3.56155
-0.951338
-1.63376
-2.08341
-3.69117
-1.58107
-1.80055
0
-3.86952
-1.67789
-1.61718
0.048794
-1.65534
-0.927531
-1.63173
-3.21426
-2.99333
-1.78188
-0.614314
-2.96914
-1.71157
-2.97772
-2.03781
-1.44656
-2.66218
-2.91515
-1.57288
-2.92764
-2.36341
-1.63346
-2.13893
-1.18743
-1.01986
-0.560379
-3.86952
0
-1.42681
-0.435936
-1.7194
-1.62574
-4.02915
-2.30374
-1.74165
-0.62626
-4.19417
-2.1432
-2.81122
-2.14332
-1.48448
-0.88881
-1.59635
-3.80197
-2.9774
-2.94759
-2.43842
-0.705549
-1.50158
-2.20449
-1.85622
-2.42878
-1.33662
-1.67789
-1.42681
0
-2.08484
-1.25864
-2.64826
-1.04535
-2.01631
-1.88284
-2.71509
-2.2403
-1.72067
-2.27137
-2.38417
-0.662274
-2.68691
-3.09176
-1.42412
-0.417338
-2.21588
-0.875475
-2.48804
-1.96111
-3.28816
-2.36303
-3.52704
-1.85835
-1.61718
-0.435936
-2.08484
0
-1.36275
-0.152386
-2.45382
-2.12272
-2.15576
-1.34912
-0.929047
-0.660948
-1.84831
-1.44589
-2.72096
-3.0291
-1.853
-2.41738
-3.96625
-2.46367
-0.838464
-2.60885
0.010411
-4.07116
-4.08447
-0.834013
-2.3378
0.048794
-1.7194
-1.25864
-1.36275
0
-2.25305
-4.14618
-0.461693
-1.16526
-2.35199
-1.42784
-1.19994
-1.78883
-2.60278
-3.30291
-2.62036
-1.91145
-0.304256
-3.73748
-3.55334
-3.3708
-1.98227
-1.89
-1.004
-2.39197
-2.07413
-1.687
-1.65534
-1.62574
-2.64826
-0.152386
-2.25305
0
-1.36562
-1.34837
-2.27232
-2.91308
-1.75869
-4.08345
-3.12971
-3.25497
-1.35764
-2.16196
-2.02095
-1.49122
-3.13288
-2.59512
-0.504572
-0.900322
-1.36128
-3.43272
-2.98636
-2.19117
-2.9634
-0.927531
-4.02915
-1.04535
-2.45382
-4.14618
-1.36562
0
-2.53854
-2.25416
-1.26978
-2.32866
-3.18352
-0.581675
-1.96384
-3.18542
-1.43738
-1.1454
-1.28243
-2.25153
0.0658794
-2.38047
-0.159505
-2.0647
-0.128177
-2.35562
-2.6893
-1.83675
-1.63173
-2.30374
-2.01631
-2.12272
-0.461693
-1.34837
-2.53854
0
-1.08624
-5.36639
-4.25682
-2.7339
0.0791842
-4.58091
-2.17633
-0.696076
-2.62824
-0.970981
-1.81324
-1.38642
-0.849753
-4.41324
-2.72328
-2.65373
-2.73596
-0.520923
-2.51568
-3.21426
-1.74165
-1.88284
-2.15576
-1.16526
-2.27232
-2.25416
-1.08624
0
-2.72883
-2.90469
-1.6456
-1.48652
-0.944436
-1.67225
-2.79475
-1.72961
-2.28032
-0.190384
-2.54807
-1.93881
-2.22565
-1.68347
-1.15481
-2.70245
-1.78316
-1.9204
-2.99333
-0.62626
-2.71509
-1.34912
-2.35199
-2.91308
-1.26978
-5.36639
-2.72883
0
-2.17674
-1.84493
-1.7059
-2.38136
-1.24701
-3.48336
-1.61472
-1.15028
-1.16165
-1.77516
-3.04328
-1.33884
-0.799832
-1.41339
-1.95796
-2.69444
-1.0744
-1.78188
-4.19417
-2.2403
-0.929047
-1.42784
-1.75869
-2.32866
-4.25682
-2.90469
-2.17674
0
-1.42272
-0.770958
-2.3367
-3.24196
-2.82281
-0.770713
-1.82643
-2.26363
-2.48543
-1.86762
-2.39881
-3.66823
-1.74835
-1.051
-3.47424
-2.02185
-0.614314
-2.1432
-1.72067
-0.660948
-1.19994
-4.08345
-3.18352
-2.7339
-1.6456
-1.84493
-1.42272
0
-2.52621
-2.26226
-0.148562
-1.03907
-0.889056
-2.80986
-1.9014
-1.16856
-2.81963
-2.15428
-2.41822
-1.40124
-3.05924
-2.32126
-2.13791
-2.96914
-2.81122
-2.27137
-1.84831
-1.78883
-3.12971
-0.581675
0.0791842
-1.48652
-1.7059
-0.770958
-2.52621
0
-1.92168
-2.95024
-0.578857
0.153787
-1.87395
-0.796632
-0.829534
-0.976026
-1.3057
-2.15386
-0.685452
-2.57753
-2.15204
-1.16763
-1.71157
-2.14332
-2.38417
-1.44589
-2.60278
-3.25497
-1.96384
-4.58091
-0.944436
-2.38136
-2.3367
-2.26226
-1.92168
0
-1.5581
-1.51556
-2.13403
-2.06118
-0.464018
-2.57369
-2.866
-3.62444
-3.34905
-2.82706
-2.25851
-3.27382
-2.12236
-2.97772
-1.48448
-0.662274
-2.72096
-3.30291
-1.35764
-3.18542
-2.17633
-1.67225
-1.24701
-3.24196
-0.148562
-2.95024
-1.5581
0
