0
-0.59558
-3.20648
-3.08206
-1.68025
-2.09921
-1.63719
-1.5441
-3.24459
-1.89568
-1.72708
-1.23735
-0.128086
-1.14578
-2.60608
-1.10025
-2.27204
-1.76978
-1.94405
-2.24749
-3.65052
-2.46851
-2.07486
-0.859086
-4.36439
-2.10333
-2.00657
-0.59558
0
-2.89484
-1.38016
-2.70136
-1.67867
-0.703584
-0.679566
-1.50508
-3.1373
-2.56891
-1.1922
-3.59851
-0.672058
-0.357445
-3.70363
-1.18807
-2.71404
-2.63975
-1.83852
-1.77577
-0.750124
-1.86459
-3.05077
-0.934598
-3.5511
-0.949193
-3.20648
-2.89484
0
-1.58741
-1.68806
-1.13101
0.0601943
-0.879909
-1.71539
-2.72468
-2.32616
-1.04649
-2.38392
-1.43374
-2.84495
-2.54569
-2.56812
-1.33123
-2.60105
0.30592
-0.860529
-1.92693
-2.63525
-3.16337
-1.66314
-1.69934
-2.66033
-3.08206
-1.38016
-1.58741
0
-3.05215
-2.93657
-2.78238
-1.32547
-1.58786
-3.1109
-2.44944
-1.22331
-2.55297
-2.66664
-1.9656
-0.766187
-3.27368
-0.315373
-1.88537
-1.56815
-3.51725
-3.48524
-3.04477
-1.1339
-2.21259
-2.146
-3.67001
-1.68025
-2.70136
-1.68806
-3.05215
0
-2.34382
0.805084
-1.05232
-1.41014
-0.330696
-3.23079
-1.87811
-3.78425
-1.38714
-2.06185
-1.52234
-4.98912
-3.17382
-3.29263
-1.72056
-0.855554
-2.13827
-2.32937
-3.8859
-3.26964
-2.74026
-1.96091
-2.09921
-1.67867
-1.13101
-2.93657
-2.34382
0
-0.952337
-1.60318
-1.63169
-3.19382
-1.85621
-2.46681
-2.89243
-2.04664
-3.03907
-3.01227
-2.84239
-1.68276
-2.27272
-2.62884
-1.35294
-1.10006
-2.10074
-1.32085
-0.170853
0.171695
-3.31438
-1.63719
-0.703584
0.0601943
-2.78238
0.805084
-0.952337
0
-2.65609
-1.57959
-0.853851
-1.08203
-2.08682
-1.86769
-2.55827
-1.55056
-0.306141
-1.56751
-1.52155
-1.08604
-2.84661
-1.20367
-1.39281
-2.17986
-1.11136
-0.786155
-2.54917
-2.19125
-1.5441
-0.679566
-0.879909
-1.32547
-1.05232
-1.60318
-2.65609
0
-3.37732
-2.56042
-4.20174
-3.23066
-0.80938
-1.57694
-1.39581
-1.99046
-1.51346
-2.19694
-1.28062
-2.52976
-2.03303
-0.942483
-1.28728
-2.91164
-1.59261
-1.80795
-1.06335
-3.24459
-1.50508
-1.71539
-1.58786
-1.41014
-1.63169
-1.57959
-3.37732
0
-1.69936
-2.3017
-1.74301
-2.74862
-1.06223
-0.559986
-2.56062
-0.784383
-2.02742
-0.494496
-1.90054
-0.933427
-2.34274
-2.1595
-2.71949
-1.32631
-2.55709
-0.734176
-1.89568
-3.1373
-2.72468
-3.1109
-0.330696
-3.19382
-0.853851
-2.56042
-1.69936
0
-3.73054
-1.26983
-2.12162
-1.46073
-2.04433
-3.01699
-2.199
-3.03258
-0.466935
-2.03644
-2.04131
-0.986196
-1.54192
-1.5453
-1.42515
-1.67204
-2.09985
-1.72708
-2.56891
-2.32616
-2.44944
-3.23079
-1.85621
-1.08203
-4.20174
-2.3017
-3.73054
0
-1.85686
-1.74845
-1.45119
-2.16249
-1.94995
-2.64142
-2.67486
-2.1399
-2.08937
-4.13926
-2.73913
-0.920037
-2.03929
-2.98229
-0.915586
-1.81731
-1.23735
-1.1922
-1.04649
-1.22331
-1.87811
-2.46681
-2.08682
-3.23066
-1.74301
-1.26983
-1.85686
0
-2.30333
-1.701
-0.88269
-2.66674
-4.59797
-2.46071
-1.99699
0.393955
-1.95895
-2.28135
-3.52815
-0.912263
-1.75427
-3.06006
-0.626551
-0.128086
-3.59851
-2.38392
-2.55297
-3.78425
-2.89243
-1.86769
-0.80938
-2.74862
-2.12162
-1.74845
-2.30333
0
-2.27429
-2.08501
-3.31488
-2.49209
-1.93425
-2.51408
-1.62124
-2.28949
-3.24594
-1.91849
-2.63617
-2.1907
-1.76355
-2.90224
-1.14578
-0.672058
-1.43374
-2.66664
-1.38714
-2.04664
-2.55827
-1.57694
-1.06223
-1.46073
-1.45119
-1.701
-2.27429
0
-2.88114
-3.39357
-2.10474
-1.78034
-1.12274
-3.45214
-4.35622
-2.64974
-1.20648
-2.42094
-0.946421
-0.436169
-2.08019
-2.60608
-0.357445
-2.84495
-1.9656
-2.06185
-3.03907
-1.55056
-1.39581
-0.559986
-2.04433
-2.16249
-0.88269
-2.08501
-2.88114
0
-3.14628
-2.3918
-1.48128
-1.56405
-2.96334
-0.679962
-1.72585
-1.60867
-1.80024
-1.62553
0.383158
-2.04777
-1.10025
-3.70363
-2.54569
-0.766187
-1.52234
-3.01227
-0.306141
-1.99046
-2.56062
-3.01699
-1.94995
-2.66674
-3.31488
-3.39357
-3.14628
0
0.208455
-1.5523
-1.49905
-2.41857
-1.57569
-1.08658
-1.69326
-3.6637
-1.76372
-1.1074
-1.73488
-2.27204
-1.18807
-2.56812
-3.27368
-4.98912
-2.84239
-1.56751
-1.51346
-0.784383
-2.199
-2.64142
-4.59797
-2.49209
-2.10474
-2.3918
0.208455
0
-1.17464
-3.06272
-1.11823
-1.74509
-3.9686
-1.13067
-1.84471
-1.8213
-1.43488
-3.45806
-1.76978
-2.71404
-1.33123
-0.315373
-3.17382
-1.68276
-1.52155
-2.19694
-2.02742
-3.03258
-2.67486
-2.46071
-1.93425
-1.78034
-1.48128
-1.5523
-1.17464
0
-2.11051
-1.78296
-1.52646
-2.22729
-3.11677
-2.74219
-3.28485
-2.77932
-1.79815
-1.94405
-2.63975
-2.60105
-1.88537
-3.29263
-2.27272
-1.08604
-1.28062
-0.494496
-0.466935
-2.1399
-1.99699
-2.51408
-1.12274
-1.56405
-1.49905
-3.06272
-2.11051
0
-2.31773
-1.51066
-3.22479
-2.55333
-1.61227
-1.31848
-3.40607
-0.704835
-2.24749
-1.83852
0.30592
-1.56815
-1.72056
-2.62884
-2.84661
-2.52976
-1.90054
-2.03644
-2.08937
0.393955
-1.62124
-3.45214
-2.96334
-2.41857
-1.11823
-1.78296
-2.31773
0
-2.96673
-2.31265
-2.85942
-3.02344
-1.09316
-1.88226
-3.04637
-3.65052
-1.77577
-0.860529
-3.51725
-0.855554
-1.35294
-1.20367
-2.03303
-0.933427
-2.04131
-4.13926
-1.95895
-2.28949
-4.35622
-0.679962
-1.57569
-1.74509
-1.52646
-1.51066
-2.96673
0
-2.41712
-3.40964
-3.75917
-2.11525
-1.38143
-2.87768
-2.46851
-0.750124
-1.92693
-3.48524
-2.13827
-1.10006
-1.39281
-0.942483
-2.34274
-0.986196
-2.73913
-2.28135
-3.24594
-2.64974
-1.72585
-1.08658
-3.9686
-2.22729
-3.22479
-2.31265
-2.41712
0
-2.44625
-2.52714
-2.38574
-1.88717
-2.08536
-2.07486
-1.86459
-2.63525
-3.04477
-2.32937
-2.10074
-2.17986
-1.28728
-2.1595
-1.54192
-0.920037
-3.52815
-1.91849
-1.20648
-1.60867
-1.69326
-1.13067
-3.11677
-2.55333
-2.85942
-3.40964
-2.44625
0
-2.25681
-1.94202
-0.487106
-2.71509
-0.859086
-3.05077
-3.16337
-1.1339
-3.8859
-1.32085
-1.11136
-2.91164
-2.71949
-1.5453
-2.03929
-0.912263
-2.63617
-2.42094
-1.80024
-3.6637
-1.84471
-2.74219
-1.61227
-3.02344
-3.75917
-2.52714
-2.25681
0
-0.815728
-2.82948
-2.46628
-4.36439
-0.934598
-1.66314
-2.21259
-3.26964
-0.170853
-0.786155
-1.59261
-1.32631
-1.42515
-2.98229
-1.75427
-2.1907
-0.946421
-1.62553
-1.76372
-1.8213
-3.28485
-1.31848
-1.09316
-2.11525
-2.38574
-1.94202
-0.815728
0
-2.62136
-1.47157
-2.10333
-3.5511
-1.69934
-2.146
-2.74026
0.171695
-2.54917
-1.80795
-2.55709
-1.67204
-0.915586
-3.06006
-1.76355
-0.436169
0.383158
-1.1074
-1.43488
-2.77932
-3.40607
-1.88226
-1.38143
-1.88717
-0.487106
-2.82948
-2.62136
0
-2.82187
-2.00657
-0.949193
-2.66033
-3.67001
-1.96091
-3.31438
-2.19125
-1.06335
-0.734176
-2.09985
-1.81731
-0.626551
-2.90224
-2.08019
-2.04777
-1.73488
-3.45806
-1.79815
-0.704835
-3.04637
-2.87768
-2.08536
-2.71509
-2.46628
-1.47157
-2.82187
0
