0
-3.42731
-2.86421
-2.34027
-1.42245
-1.06849
-3.31262
-2.11688
-1.61406
-1.72301
-1.68854
-1.67655
-3.23557
-2.03643
-1.53619
-0.808706
-0.406093
-2.24752
-3.79412
-1.74991
-1.40597
-0.928354
-1.34908
-2.69595
-3.99436
-1.69634
-1.38973
-3.42731
0
-3.27432
-1.94587
-1.52894
-1.32411
-2.31841
-3.29158
-0.0985655
-1.07168
-3.19617
-2.26167
-1.46622
-0.669565
-3.55428
-1.099
-3.02069
-1.70755
-1.53777
-2.2932
-0.53525
-2.65699
-1.98062
-1.39198
-2.20182
-1.27887
-0.824916
-2.86421
-3.27432
0
0.123424
-3.65624
-2.92363
-2.53359
-1.79865
-1.5397
-1.65156
-2.07479
-1.99676
-0.913246
-2.59352
-2.31508
-1.43942
-3.71391
-3.40234
-2.63814
-0.98592
-2.29684
-0.749516
-1.04053
-2.76229
-3.71007
-2.511
-1.27725
-2.34027
-1.94587
0.123424
0
-2.51998
-3.84887
-2.84757
-1.39048
-1.63252
-2.61894
-0.436421
-1.15804
-1.2454
-2.90946
-3.30954
-0.321073
-2.94919
-5.13417
-1.30347
-2.03234
-0.229078
-2.03165
-1.18953
-3.13861
-2.43334
-0.544378
-1.27188
-1.42245
-1.52894
-3.65624
-2.51998
0
-2.03559
-3.67575
-0.688787
-2.0551
-2.60044
-3.12715
-0.659659
-0.626317
-2.25315
-3.32043
-1.7789
-1.77197
-2.22753
-2.96204
-2.13586
-0.602514
-1.20648
-2.09563
-1.81051
-1.78978
-2.24995
-2.27505
-1.06849
-1.32411
-2.92363
-3.84887
-2.03559
0
-0.836241
-1.05876
-3.46062
-1.6559
0.027871
-1.1798
-2.80342
-0.28972
-0.627839
-1.38493
-1.46359
-3.94099
-2.5238
-2.31835
-1.44966
-1.07276
-1.81796
-1.57485
-1.56973
-2.864
-1.78982
-3.31262
-2.31841
-2.53359
-2.84757
-3.67575
-0.836241
0
-2.40023
-2.47685
-2.40334
-2.20988
-2.31659
-1.79709
-0.937232
-2.65357
-2.62712
-2.95543
-1.73326
-2.10308
0.507259
-3.02129
-1.33443
-2.79736
-2.14636
-2.31717
-1.58645
-1.16878
-2.11688
-3.29158
-1.79865
-1.39048
-0.688787
-1.05876
-2.40023
0
-1.68822
-2.09745
-1.92892
-2.0434
-3.72467
-4.24857
-4.19773
-3.16968
-2.49843
-1.69053
-1.88634
-0.919877
-3.14132
-2.80316
-2.46363
-2.34008
-0.738371
-1.8864
-0.594685
-1.61406
-0.0985655
-1.5397
-1.63252
-2.0551
-3.46062
-2.47685
-1.68822
0
-1.80422
-1.96478
-0.0105264
-1.53571
-2.14713
-1.50746
-2.03376
-1.89004
-1.48324
-2.65893
-1.74232
-1.9751
-1.22566
-1.91153
-1.92814
-2.1601
-3.56314
-0.898569
-1.72301
-1.07168
-1.65156
-2.61894
-2.60044
-1.6559
-2.40334
-2.09745
-1.80422
0
-4.45137
-3.78717
0.109773
-2.86842
-3.16334
-3.06898
0.936916
-4.38014
-3.0568
-2.22067
-2.83701
-2.62777
-3.20523
-2.33069
-0.650878
-0.603488
-0.578166
-1.68854
-3.19617
-2.07479
-0.436421
-3.12715
0.027871
-2.20988
-1.92892
-1.96478
-4.45137
0
-2.50589
-1.15267
-2.19503
-2.40394
-0.33372
-0.804315
-2.70684
-1.27881
-0.92778
-3.00735
-1.5108
-2.13786
-0.574834
-0.457443
-1.60298
-1.62794
-1.67655
-2.26167
-1.99676
-1.15804
-0.659659
-1.1798
-2.31659
-2.0434
-0.0105264
-3.78717
-2.50589
0
-2.23207
-3.08143
-2.03885
-0.915015
-0.53211
-3.37142
-2.81939
-0.750035
-1.87159
-1.31423
-1.97177
-1.99134
-3.06781
-1.03145
-2.92847
-3.23557
-1.46622
-0.913246
-1.2454
-0.626317
-2.80342
-1.79709
-3.72467
-1.53571
0.109773
-1.15267
-2.23207
0
-0.866034
-2.30253
-0.808532
-2.55773
-1.93961
0.0486266
-1.32939
-1.72847
-0.797313
-2.64787
-0.866108
-0.86604
-1.71083
-1.70159
-2.03643
-0.669565
-2.59352
-2.90946
-2.25315
-0.28972
-0.937232
-4.24857
-2.14713
-2.86842
-2.19503
-3.08143
-0.866034
0
-1.06407
-1.78893
-3.13401
-0.995998
-1.9821
-0.429875
-2.90237
-2.37685
-2.98516
-3.5148
-3.16891
-3.59011
-3.55016
-1.53619
-3.55428
-2.31508
-3.30954
-3.32043
-0.627839
-2.65357
-4.19773
-1.50746
-3.16334
-2.40394
-2.03885
-2.30253
-1.06407
0
-3.67009
-1.89272
-1.6931
-1.94712
-1.83709
-3.8264
-0.66212
-1.86378
-1.56581
-2.01082
-2.89951
-2.03475
-0.808706
-1.099
-1.43942
-0.321073
-1.7789
-1.38493
-2.62712
-3.16968
-2.03376
-3.06898
-0.33372
-0.915015
-0.808532
-1.78893
-3.67009
0
-1.57867
0.474224
-1.39388
-1.58436
-2.6731
-2.00734
-1.00474
-2.25111
-2.33535
-2.185
-3.08932
-0.406093
-3.02069
-3.71391
-2.94919
-1.77197
-1.46359
-2.95543
-2.49843
-1.89004
0.936916
-0.804315
-0.53211
-2.55773
-3.13401
-1.89272
-1.57867
0
-2.54146
-1.18431
-2.12937
-0.267103
-0.586933
-2.15652
-1.42284
-2.6287
-1.49125
-1.56046
-2.24752
-1.70755
-3.40234
-5.13417
-2.22753
-3.94099
-1.73326
-1.69053
-1.48324
-4.38014
-2.70684
-3.37142
-1.93961
-0.995998
-1.6931
0.474224
-2.54146
0
-2.51293
-2.31137
-1.12402
-2.29831
-1.22268
-1.29218
-1.42392
-0.874778
-2.576
-3.79412
-1.53777
-2.63814
-1.30347
-2.96204
-2.5238
-2.10308
-1.88634
-2.65893
-3.0568
-1.27881
-2.81939
0.0486266
-1.9821
-1.94712
-1.39388
-1.18431
-2.51293
0
-2.48982
-4.27013
-1.02369
-2.43279
-1.98794
-2.06892
-2.56928
-0.820425
-1.74991
-2.2932
-0.98592
-2.03234
-2.13586
-2.31835
0.507259
-0.919877
-1.74232
-2.22067
-0.92778
-0.750035
-1.32939
-0.429875
-1.83709
-1.58436
-2.12937
-2.31137
-2.48982
0
-1.71092
-2.90985
-1.86241
-3.24882
-0.975046
-3.19305
-1.62121
-1.40597
-0.53525
-2.29684
-0.229078
-0.602514
-1.44966
-3.02129
-3.14132
-1.9751
-2.83701
-3.00735
-1.87159
-1.72847
-2.90237
-3.8264
-2.6731
-0.267103
-1.12402
-4.27013
-1.71092
0
-2.18213
-2.88442
-1.60723
-1.40694
-1.69746
-2.54358
-0.928354
-2.65699
-0.749516
-2.03165
-1.20648
-1.07276
-1.33443
-2.80316
-1.22566
-2.62777
-1.5108
-1.31423
-0.797313
-2.37685
-0.66212
-2.00734
-0.586933
-2.29831
-1.02369
-2.90985
-2.18213
0
-3.60155
-2.74723
-1.44992
-2.87167
-1.69786
-1.34908
-1.98062
-1.04053
-1.18953
-2.09563
-1.81796
-2.79736
-2.46363
-1.91153
-3.20523
-2.13786
-1.97177
-2.64787
-2.98516
-1.86378
-1.00474
-2.15652
-1.22268
-2.43279
-1.86241
-2.88442
-3.60155
0
-3.91625
-2.96604
-2.35662
-2.7803
-2.69595
-1.39198
-2.76229
-3.13861
-1.81051
-1.57485
-2.14636
-2.34008
-1.92814
-2.33069
-0.574834
-1.99134
-0.866108
-3.5148
-1.56581
-2.25111
-1.42284
-1.29218
-1.98794
-3.24882
-1.60723
-2.74723
-3.91625
0
-0.639941
-1.19416
-2.65947
-3.99436
-2.20182
-3.71007
-2.43334
-1.78978
-1.56973
-2.31717
-0.738371
-2.1601
-0.650878
-0.457443
-3.06781
-0.86604
-3.16891
-2.01082
-2.33535
-2.6287
-1.42392
-2.06892
-0.975046
-1.40694
-1.44992
-2.96604
-0.639941
0
-1.67094
-3.31811
-1.69634
-1.27887
-2.511
-0.544378
-2.24995
-2.864
-1.58645
-1.8864
-3.56314
-0.603488
-1.60298
-1.03145
-1.71083
-3.59011
-2.89951
-2.185
-1.49125
-0.874778
-2.56928
-3.19305
-1.69746
-2.87167
-2.35662
-1.19416
-1.67094
0
-0.144391
-1.38973
-0.824916
-1.27725
-1.27188
-2.27505
-1.78982
-1.16878
-0.594685
-0.898569
-0.578166
-1.62794
-2.92847
-1.70159
-3.55016
-2.03475
-3.08932
-1.56046
-2.576
-0.820425
-1.62121
-2.54358
-1.69786
-2.7803
-2.65947
-3.31811
-0.144391
0
