0
-2.84655
-0.368251
-2.00295
-1.61899
-1.84698
-2.60024
-1.55567
-3.12346
-2.05373
-1.2529
-1.34025
-1.39102
-3.30903
-1.64513
-2.24519
-1.62207
-3.04838
-1.2761
-1.97691
-1.59639
-2.50919
-2.91617
-1.37764
-1.37598
-1.39631
-2.36395
-2.84655
0
-1.00224
-0.886113
-1.67162
-1.26942
-3.92841
-1.54604
-1.93417
-3.13804
-1.70772
-1.6895
-3.27393
-1.74174
-2.68058
-3.58544
-2.5834
-3.24983
-0.573463
-3.35679
0.284358
-2.88761
-0.946081
-3.42136
-1.14261
-2.62268
-1.41535
-0.368251
-1.00224
0
-0.365866
-2.90667
-1.10402
-2.18771
-2.2191
-2.5318
-1.19511
-2.78473
-2.13233
-2.00349
-2.20843
-0.202275
-2.2131
-3.04976
-0.540719
-1.48868
-1.40216
-3.06719
-1.37543
-4.89963
0.716542
-0.501927
-2.48003
-2.78748
-2.00295
-0.886113
-0.365866
0
-1.97025
-3.48125
-1.04523
-2.11598
-1.20408
-2.09943
-1.94603
-3.14088
-1.48793
-1.5025
-2.30707
-3.07944
-1.37571
-1.74353
-0.629346
-4.21464
0.0151578
-3.60973
-1.22151
-2.33458
-3.45249
-0.789674
-1.0399
-1.61899
-1.67162
-2.90667
-1.97025
0
-3.83334
-1.65939
-1.57676
-2.92092
-1.32839
-1.83793
-2.46255
-2.01736
-1.02677
-2.89947
-3.17056
-1.80692
-1.73853
-1.55051
-1.84074
-0.895876
-1.79336
-2.40113
-3.4109
-0.644295
-1.90974
-3.28296
-1.84698
-1.26942
-1.10402
-3.48125
-3.83334
0
-3.85306
-2.32121
-2.63174
-1.25706
-1.79852
-1.48505
-2.13932
-3.02783
-1.04349
-1.53146
-1.02352
-1.0275
-1.46996
-1.33248
-1.28103
-2.6083
-3.27053
-0.313231
-1.64749
-2.96287
-1.28861
-2.60024
-3.92841
-2.18771
-1.04523
-1.65939
-3.85306
0
-3.09278
-2.63604
-1.28765
-1.8915
-3.78706
-1.23577
-3.86533
-3.84845
-1.09303
-1.94705
-3.27794
-0.986075
-2.10572
-3.4615
-2.18856
-2.26631
-2.04437
-1.49838
-1.20236
-2.64211
-1.55567
-1.54604
-2.2191
-2.11598
-1.57676
-2.32121
-3.09278
0
-3.10415
-1.08599
-1.84183
-1.32838
-1.80826
-0.704613
-2.00086
-2.81583
-2.49168
-1.50794
-2.62733
-2.5961
-2.64507
-2.23717
-1.84296
-0.310637
-1.01907
-0.883693
-2.61111
-3.12346
-1.93417
-2.5318
-1.20408
-2.92092
-2.63174
-2.63604
-3.10415
0
-2.1128
-2.36903
-0.29315
-1.67295
-1.96857
-2.02533
-1.8497
-1.35718
-1.73795
-2.99948
-2.49681
-1.27354
-0.579539
-2.20203
-3.46875
-1.09612
-3.39635
-3.61374
-2.05373
-3.13804
-1.19511
-2.09943
-1.32839
-1.25706
-1.28765
-1.08599
-2.1128
0
-1.71719
-3.46356
-1.96556
-1.62882
-2.37388
-3.67432
-1.47065
-0.371991
-1.28102
-1.93492
-0.638366
-2.93071
-1.9045
-0.862426
-1.86809
-2.79458
-2.62618
-1.2529
-1.70772
-2.78473
-1.94603
-1.83793
-1.79852
-1.8915
-1.84183
-2.36903
-1.71719
0
-2.15932
-3.74808
-1.33056
-1.15115
-2.6928
-3.43472
-1.32391
-0.719595
-1.66946
-1.36123
-2.23617
-2.73417
-1.76674
-2.84326
-1.6094
-3.66982
-1.34025
-1.6895
-2.13233
-3.14088
-2.46255
-1.48505
-3.78706
-1.32838
-0.29315
-3.46356
-2.15932
0
-0.368751
-1.51148
-1.37394
-1.32639
-2.18518
-0.561694
-0.960172
-2.8733
-2.82536
-3.86961
-3.11466
-3.53947
-1.7491
-2.8587
-2.25921
-1.39102
-3.27393
-2.00349
-1.48793
-2.01736
-2.13932
-1.23577
-1.80826
-1.67295
-1.96556
-3.74808
-0.368751
0
-1.77376
-1.64517
-2.28834
-3.40666
-2.52358
-1.51814
-1.85442
-0.718708
-2.70651
-2.22425
-2.08527
-1.80069
-1.49872
-1.89315
-3.30903
-1.74174
-2.20843
-1.5025
-1.02677
-3.02783
-3.86533
-0.704613
-1.96857
-1.62882
-1.33056
-1.51148
-1.77376
0
-2.07367
-3.85635
0.262432
0.0660426
-1.44256
-2.40084
-1.81078
-2.07858
-1.8772
-1.27446
-0.427689
-1.38099
-0.766072
-1.64513
-2.68058
-0.202275
-2.30707
-2.89947
-1.04349
-3.84845
-2.00086
-2.02533
-2.37388
-1.15115
-1.37394
-1.64517
-2.07367
0
-2.19437
-2.29455
-1.71469
-2.02608
-0.908536
-0.584925
-1.01791
-0.365762
-1.84644
-0.934437
-1.15216
-1.93024
-2.24519
-3.58544
-2.2131
-3.07944
-3.17056
-1.53146
-1.09303
-2.81583
-1.8497
-3.67432
-2.6928
-1.32639
-2.28834
-3.85635
-2.19437
0
-0.425703
-1.7624
-2.76409
-3.02351
-2.27345
-2.27326
-2.21991
-0.873646
-1.59582
-1.91463
-0.833599
-1.62207
-2.5834
-3.04976
-1.37571
-1.80692
-1.02352
-1.94705
-2.49168
-1.35718
-1.47065
-3.43472
-2.18518
-3.40666
0.262432
-2.29455
-0.425703
0
-1.24041
-3.02431
-1.56391
-1.86571
-3.08064
-2.46505
-4.69791
-2.10859
-1.92684
-2.25282
-3.04838
-3.24983
-0.540719
-1.74353
-1.73853
-1.0275
-3.27794
-1.50794
-1.73795
-0.371991
-1.32391
-0.561694
-2.52358
0.0660426
-1.71469
-1.7624
-1.24041
0
-1.36496
0.199976
-0.568537
-1.16097
-1.88395
-1.02745
-2.61032
-0.847518
-1.75946
-1.2761
-0.573463
-1.48868
-0.629346
-1.55051
-1.46996
-0.986075
-2.62733
-2.99948
-1.28102
-0.719595
-0.960172
-1.51814
-1.44256
-2.02608
-2.76409
-3.02431
-1.36496
0
-0.822696
-1.48341
-1.26374
-2.52709
-1.26651
-1.41473
-1.5208
-2.40394
-1.97691
-3.35679
-1.40216
-4.21464
-1.84074
-1.33248
-2.10572
-2.5961
-2.49681
-1.93492
-1.66946
-2.8733
-1.85442
-2.40084
-0.908536
-3.02351
-1.56391
0.199976
-0.822696
0
-3.09693
-2.35673
-1.50076
-3.08435
0.312811
-2.83596
-1.98531
-1.59639
0.284358
-3.06719
0.0151578
-0.895876
-1.28103
-3.4615
-2.64507
-1.27354
-0.638366
-1.36123
-2.82536
-0.718708
-1.81078
-0.584925
-2.27345
-1.86571
-0.568537
-1.48341
-3.09693
0
-1.95338
-1.91382
-4.00661
-2.90962
-2.5142
-1.59119
-2.50919
-2.88761
-1.37543
-3.60973
-1.79336
-2.6083
-2.18856
-2.23717
-0.579539
-2.93071
-2.23617
-3.86961
-2.70651
-2.07858
-1.01791
-2.27326
-3.08064
-1.16097
-1.26374
-2.35673
-1.95338
0
-0.319787
-0.94015
-3.03229
-0.187041
-1.71896
-2.91617
-0.946081
-4.89963
-1.22151
-2.40113
-3.27053
-2.26631
-1.84296
-2.20203
-1.9045
-2.73417
-3.11466
-2.22425
-1.8772
-0.365762
-2.21991
-2.46505
-1.88395
-2.52709
-1.50076
-1.91382
-0.319787
0
-2.77016
-2.0678
-2.47743
-2.10029
-1.37764
-3.42136
0.716542
-2.33458
-3.4109
-0.313231
-2.04437
-0.310637
-3.46875
-0.862426
-1.76674
-3.53947
-2.08527
-1.27446
-1.84644
-0.873646
-4.69791
-1.02745
-1.26651
-3.08435
-4.00661
-0.94015
-2.77016
0
-1.17955
-3.65415
-2.11753
-1.37598
-1.14261
-0.501927
-3.45249
-0.644295
-1.64749
-1.49838
-1.01907
-1.09612
-1.86809
-2.84326
-1.7491
-1.80069
-0.427689
-0.934437
-1.59582
-2.10859
-2.61032
-1.41473
0.312811
-2.90962
-3.03229
-2.0678
-1.17955
0
-3.41664
-2.85815
-1.39631
-2.62268
-2.48003
-0.789674
-1.90974
-2.96287
-1.20236
-0.883693
-3.39635
-2.79458
-1.6094
-2.8587
-1.49872
-1.38099
-1.15216
-1.91463
-1.92684
-0.847518
-1.5208
-2.83596
-2.5142
-0.187041
-2.47743
-3.65415
-3.41664
0
-2.65984
-2.36395
-1.41535
-2.78748
-1.0399
-3.28296
-1.28861
-2.64211
-2.61111
-3.61374
-2.62618
-3.66982
-2.25921
-1.89315
-0.766072
-1.93024
-0.833599
-2.25282
-1.75946
-2.40394
-1.98531
-1.59119
-1.71896
-2.10029
-2.11753
-2.85815
-2.65984
0
