0
-1.96028
-2.10096
-2.28652
-1.4095
-4.31025
-1.81517
-2.2543
-2.63528
-3.0109
-1.30978
-2.16868
-2.82985
-1.16902
-2.69506
-2.34426
-3.28952
-2.19904
-2.5923
-2.07302
-2.03078
-2.61874
-3.75724
-3.53287
-1.297
-2.39912
-1.76647
-1.96028
0
-0.82671
-2.11833
-3.11402
-2.78357
-1.1681
-2.46772
-2.21143
-4.92046
-1.21831
-1.3458
-1.2944
-3.40821
-1.42821
-2.72858
-1.70503
-0.330716
-1.39441
-2.34899
-1.52067
-0.855854
-4.03638
-1.04231
-3.48898
-2.58709
-3.97522
-2.10096
-0.82671
0
-0.625933
-3.51598
-1.01793
-2.50337
-2.87509
-3.74493
-1.76123
-3.43021
-2.15151
-3.17274
-1.92501
-2.52906
-2.36397
-3.0321
-2.69164
-3.68422
-2.50791
-2.54844
-2.1007
-2.77463
-2.01994
-1.97223
-2.39731
-1.98132
-2.28652
-2.11833
-0.625933
0
-0.590326
-2.42803
-2.64214
-2.71521
-1.89567
-1.81425
-0.976137
-4.63127
-1.65105
-0.949701
-0.182753
-1.1752
-0.723738
-1.92225
-3.4826
-1.45549
-0.924184
-1.62982
-1.39174
-2.12134
-2.87336
-1.80406
-2.0572
-1.4095
-3.11402
-3.51598
-0.590326
0
-0.381614
-2.04613
-0.65297
-3.49361
-0.845177
-2.32068
-1.69715
-2.07243
-2.39631
-2.87866
-2.73643
-2.62349
-4.11993
-2.46338
0.199595
-1.67556
-2.3571
-0.897766
-2.15549
-1.02454
-1.62443
-0.0559991
-4.31025
-2.78357
-1.01793
-2.42803
-0.381614
0
-3.04832
-2.43593
-4.16912
-1.56137
-2.79814
-1.19306
-0.13599
-2.73144
-2.01561
-3.76475
-1.6519
-1.54784
-2.78732
-1.86563
-1.26011
-3.32142
-1.01793
-2.51328
-1.94977
-0.947795
-0.228914
-1.81517
-1.1681
-2.50337
-2.64214
-2.04613
-3.04832
0
-1.66559
-2.40994
-2.83195
-2.73728
-1.59298
-1.439
-2.02713
-2.13841
-1.70622
-2.10323
-3.18542
-3.1089
-0.865848
-0.878111
-3.66258
-1.80832
-1.88386
-2.29825
-1.22011
-1.80008
-2.2543
-2.46772
-2.87509
-2.71521
-0.65297
-2.43593
-1.66559
0
-2.17776
-3.27799
-2.66807
-1.21225
-0.884164
-2.2383
-2.09172
-2.03385
-4.58253
-1.72362
-2.82916
-1.88594
-1.53488
-3.4412
-1.97779
-1.51367
-2.35924
-2.94859
-1.15493
-2.63528
-2.21143
-3.74493
-1.89567
-3.49361
-4.16912
-2.40994
-2.17776
0
-3.23961
-1.92634
-2.58616
-2.64334
-2.51897
-4.01016
-2.51465
0.450305
-2.26012
-0.603416
-1.3927
-2.16954
-2.06186
-1.83456
-2.48474
-1.13674
-1.62899
-1.94889
-3.0109
-4.92046
-1.76123
-1.81425
-0.845177
-1.56137
-2.83195
-3.27799
-3.23961
0
-2.49429
-2.1899
-1.85748
-1.42842
-1.36283
-2.00424
-3.36496
-1.32069
-1.9544
-1.714
0.81681
-1.55051
-1.01893
-0.460787
-1.81284
-2.11288
-4.76827
-1.30978
-1.21831
-3.43021
-0.976137
-2.32068
-2.79814
-2.73728
-2.66807
-1.92634
-2.49429
0
-1.49616
-1.77348
-2.51541
-2.03293
-3.34349
-1.70225
-2.34653
-2.59087
-1.95292
-3.22089
-0.813493
-2.64085
-1.20344
-1.84166
-0.588118
-1.17686
-2.16868
-1.3458
-2.15151
-4.63127
-1.69715
-1.19306
-1.59298
-1.21225
-2.58616
-2.1899
-1.49616
0
-2.40945
-2.33235
-1.18277
-1.17892
-3.66777
-0.473582
-2.00375
0.376352
-0.291394
-1.53318
-0.148605
-1.09732
-2.28458
-1.33202
-3.60111
-2.82985
-1.2944
-3.17274
-1.65105
-2.07243
-0.13599
-1.439
-0.884164
-2.64334
-1.85748
-1.77348
-2.40945
0
-1.81172
-1.24743
-2.94755
-2.64652
-2.47994
-1.49694
-0.393244
-3.46153
-1.83237
-2.64174
-2.07614
-1.56518
-0.222368
-2.61285
-1.16902
-3.40821
-1.92501
-0.949701
-2.39631
-2.73144
-2.02713
-2.2383
-2.51897
-1.42842
-2.51541
-2.33235
-1.81172
0
-2.04946
-2.77326
-2.87819
-0.857692
-1.52357
-3.21536
-3.49892
-1.09716
-2.75979
-1.61241
-2.91298
-2.84033
-3.37438
-2.69506
-1.42821
-2.52906
-0.182753
-2.87866
-2.01561
-2.13841
-2.09172
-4.01016
-1.36283
-2.03293
-1.18277
-1.24743
-2.04946
0
-3.54815
-0.405654
-1.94507
0.136609
-1.92198
-0.190012
-2.31549
-1.99008
-1.0567
-2.37251
-1.11205
-2.45605
-2.34426
-2.72858
-2.36397
-1.1752
-2.73643
-3.76475
-1.70622
-2.03385
-2.51465
-2.00424
-3.34349
-1.17892
-2.94755
-2.77326
-3.54815
0
-1.05099
-1.56391
-2.30865
-0.78477
-1.72788
-2.19164
-2.83814
-1.86259
-2.57132
-2.84773
-0.620891
-3.28952
-1.70503
-3.0321
-0.723738
-2.62349
-1.6519
-2.10323
-4.58253
0.450305
-3.36496
-1.70225
-3.66777
-2.64652
-2.87819
-0.405654
-1.05099
0
-1.08971
-0.889684
-1.70339
-1.36262
-0.57033
-1.81888
-0.751437
-1.51803
-1.05839
-3.92086
-2.19904
-0.330716
-2.69164
-1.92225
-4.11993
-1.54784
-3.18542
-1.72362
-2.26012
-1.32069
-2.34653
-0.473582
-2.47994
-0.857692
-1.94507
-1.56391
-1.08971
0
-2.1876
-1.04147
-2.75917
-1.51252
-2.38689
-2.01433
-2.50137
-1.83482
-1.03846
-2.5923
-1.39441
-3.68422
-3.4826
-2.46338
-2.78732
-3.1089
-2.82916
-0.603416
-1.9544
-2.59087
-2.00375
-1.49694
-1.52357
0.136609
-2.30865
-0.889684
-2.1876
0
-2.9938
-2.02289
-3.18224
-1.11961
-1.40261
-1.38977
-1.7538
-1.97968
-2.07302
-2.34899
-2.50791
-1.45549
0.199595
-1.86563
-0.865848
-1.88594
-1.3927
-1.714
-1.95292
0.376352
-0.393244
-3.21536
-1.92198
-0.78477
-1.70339
-1.04147
-2.9938
0
-1.15879
0.322133
-3.8198
-1.66453
-1.9173
-0.76723
-3.07604
-2.03078
-1.52067
-2.54844
-0.924184
-1.67556
-1.26011
-0.878111
-1.53488
-2.16954
0.81681
-3.22089
-0.291394
-3.46153
-3.49892
-0.190012
-1.72788
-1.36262
-2.75917
-2.02289
-1.15879
0
-2.63942
-1.11019
-1.52891
-2.77911
-2.68034
-1.35515
-2.61874
-0.855854
-2.1007
-1.62982
-2.3571
-3.32142
-3.66258
-3.4412
-2.06186
-1.55051
-0.813493
-1.53318
-1.83237
-1.09716
-2.31549
-2.19164
-0.57033
-1.51252
-3.18224
0.322133
-2.63942
0
-2.37199
-1.68332
-2.80096
-3.52935
-1.41066
-3.75724
-4.03638
-2.77463
-1.39174
-0.897766
-1.01793
-1.80832
-1.97779
-1.83456
-1.01893
-2.64085
-0.148605
-2.64174
-2.75979
-1.99008
-2.83814
-1.81888
-2.38689
-1.11961
-3.8198
-1.11019
-2.37199
0
-2.365
-1.01703
-2.17697
-2.14615
-3.53287
-1.04231
-2.01994
-2.12134
-2.15549
-2.51328
-1.88386
-1.51367
-2.48474
-0.460787
-1.20344
-1.09732
-2.07614
-1.61241
-1.0567
-1.86259
-0.751437
-2.01433
-1.40261
-1.66453
-1.52891
-1.68332
-2.365
0
-2.13676
-1.1242
-2.00976
-1.297
-3.48898
-1.97223
-2.87336
-1.02454
-1.94977
-2.29825
-2.35924
-1.13674
-1.81284
-1.84166
-2.28458
-1.56518
-2.91298
-2.37251
-2.57132
-1.51803
-2.50137
-1.38977
-1.9173
-2.77911
-2.80096
-1.01703
-2.13676
0
-2.29331
-0.268819
-2.39912
-2.58709
-2.39731
-1.80406
-1.62443
-0.947795
-1.22011
-2.94859
-1.62899
-2.11288
-0.588118
-1.33202
-0.222368
-2.84033
-1.11205
-2.84773
-1.05839
-1.83482
-1.7538
-0.76723
-2.68034
-3.52935
-2.17697
-1.1242
-2.29331
0
-0.586699
-1.76647
-3.97522
-1.98132
-2.0572
-0.0559991
-0.228914
-1.80008
-1.15493
-1.94889
-4.76827
-1.17686
-3.60111
-2.61285
-3.37438
-2.45605
-0.620891
-3.92086
-1.03846
-1.97968
-3.07604
-1.35515
-1.41066
-2.14615
-2.00976
-0.268819
-0.586699
0
