0
-1.22016
-2.31016
-3.06959
-3.05782
-1.43168
0.360643
-1.84511
-2.27394
-2.70807
-0.937498
-0.896719
-2.48715
-2.39959
-1.81855
-0.983343
-2.48958
-2.67713
-2.19482
-2.21909
-0.943763
-0.68058
-3.81726
-2.96319
-2.30432
-2.34688
-2.88117
-1.22016
0
-1.51865
-2.38898
-0.802354
-0.751941
-4.88333
-2.94744
-1.53505
-2.48702
-1.58342
-0.07809
-1.29883
-1.25646
-2.95398
-2.34637
-3.00291
-2.40696
-1.74431
-2.23914
-1.64316
-2.61683
-2.39556
-2.50858
-3.06876
-2.46314
-1.53207
-2.31016
-1.51865
0
-1.78147
-3.85364
-2.74729
-3.24094
-1.26101
1.00417
-0.188065
-1.31403
-3.54158
-1.54211
-2.09255
-2.3613
-1.99096
-3.66986
-1.9067
-2.49481
-1.02168
-3.06265
-2.9209
-1.75843
-0.720601
-1.74905
0.298724
-0.759424
-3.06959
-2.38898
-1.78147
0
-2.27419
-1.87054
-2.51353
-0.699712
-2.67851
-1.41698
-0.756115
-2.83794
1.36726
-2.95038
-1.89525
-1.30344
-3.98851
-3.17434
-1.95878
-3.09864
-3.92671
-3.57767
-3.24224
-0.0541568
-4.01655
-1.35549
-1.26835
-3.05782
-0.802354
-3.85364
-2.27419
0
-3.17368
-2.94441
-2.2403
-0.340487
-3.92142
-2.56794
-2.14785
-2.90864
-2.27328
-3.46521
-2.19357
-4.43537
-2.35007
-1.82162
-1.68218
-1.46252
-2.52341
-2.80349
-0.897262
-2.46365
-1.29528
-3.83247
-1.43168
-0.751941
-2.74729
-1.87054
-3.17368
0
-1.94227
-1.44903
-1.69294
-3.44256
-4.82551
-1.68842
-0.698395
-1.49073
-1.25876
-2.19259
-1.94407
-1.5984
-1.85585
-2.05143
-3.03365
-1.47353
-2.17744
-0.644028
-3.19868
-1.87284
-2.67905
0.360643
-4.88333
-3.24094
-2.51353
-2.94441
-1.94227
0
-2.19811
-0.958002
-1.83192
-2.96757
-1.96807
-2.54253
-2.63262
-1.50082
-0.783884
-1.10017
-2.66532
-2.05288
0.0101405
-2.44406
-1.17292
-4.00968
-1.13921
-3.77907
-1.53316
-2.17788
-1.84511
-2.94744
-1.26101
-0.699712
-2.2403
-1.44903
-2.19811
0
-1.55861
-2.38848
-1.60472
-1.9017
-1.91127
-1.20183
-1.90948
-0.324789
-1.60992
-2.85085
-1.65798
-1.61232
-2.38513
-1.43979
-1.62374
-2.24998
-0.473061
-1.06451
-3.24095
-2.27394
-1.53505
1.00417
-2.67851
-0.340487
-1.69294
-0.958002
-1.55861
0
-0.953499
-2.54356
-2.04641
-0.843567
-1.11411
-1.77471
-2.46657
-3.85764
1.09963
-4.6665
-1.90637
-2.20963
-1.95069
-1.20665
-1.173
-0.595068
-3.03491
-1.14686
-2.70807
-2.48702
-0.188065
-1.41698
-3.92142
-3.44256
-1.83192
-2.38848
-0.953499
0
-0.800223
-1.65632
-3.0276
-2.12656
-1.97027
0.189224
-2.45366
-2.81334
-2.18014
-2.31414
-0.0938386
-2.3166
-1.42529
-2.2383
-2.31015
-1.9529
-1.71512
-0.937498
-1.58342
-1.31403
-0.756115
-2.56794
-4.82551
-2.96757
-1.60472
-2.54356
-0.800223
0
-0.130067
-2.93776
-1.99416
-3.22286
-0.0153925
-1.14648
-1.85764
-2.02645
-1.93094
-1.76478
-2.12139
-3.07723
-3.93667
-0.88454
-2.85898
-3.08081
-0.896719
-0.07809
-3.54158
-2.83794
-2.14785
-1.68842
-1.96807
-1.9017
-2.04641
-1.65632
-0.130067
0
-0.587129
-3.03237
-0.790515
-2.38885
-0.215083
-2.97933
-2.71903
-2.47554
-2.02037
-2.08064
-1.29223
-2.19467
-1.66462
-1.79436
-2.54041
-2.48715
-1.29883
-1.54211
1.36726
-2.90864
-0.698395
-2.54253
-1.91127
-0.843567
-3.0276
-2.93776
-0.587129
0
-2.17208
-0.813938
-2.75339
0.0293708
-1.26072
-3.00125
-1.35752
0.254836
-1.77657
-2.13084
-1.11989
-2.11019
-0.643751
-0.794994
-2.39959
-1.25646
-2.09255
-2.95038
-2.27328
-1.49073
-2.63262
-1.20183
-1.11411
-2.12656
-1.99416
-3.03237
-2.17208
0
-1.85858
-0.836108
-2.62501
-2.01378
-2.39529
-0.177309
-1.4546
-1.19204
-1.61705
-2.99788
-1.40853
-1.71418
-2.89293
-1.81855
-2.95398
-2.3613
-1.89525
-3.46521
-1.25876
-1.50082
-1.90948
-1.77471
-1.97027
-3.22286
-0.790515
-0.813938
-1.85858
0
0.909715
-1.07897
-1.08701
-2.83417
-1.89237
-1.97016
-1.93528
-1.16854
-1.99694
-2.76638
-2.55455
-0.869629
-0.983343
-2.34637
-1.99096
-1.30344
-2.19357
-2.19259
-0.783884
-0.324789
-2.46657
0.189224
-0.0153925
-2.38885
-2.75339
-0.836108
0.909715
0
-0.173324
-1.96446
-1.79313
-0.401791
-1.95025
-2.51594
-2.23412
-3.06578
-2.2757
-2.83772
-2.17705
-2.48958
-3.00291
-3.66986
-3.98851
-4.43537
-1.94407
-1.10017
-1.60992
-3.85764
-2.45366
-1.14648
-0.215083
0.0293708
-2.62501
-1.07897
-0.173324
0
-2.42556
-3.28852
-1.93755
-2.95094
-2.05668
-2.63997
-1.05694
-2.30344
-1.86535
-2.44572
-2.67713
-2.40696
-1.9067
-3.17434
-2.35007
-1.5984
-2.66532
-2.85085
1.09963
-2.81334
-1.85764
-2.97933
-1.26072
-2.01378
-1.08701
-1.96446
-2.42556
0
-1.64152
-1.56587
-2.738
0.847515
-2.3717
-2.39699
-4.38602
-0.955745
-0.855051
-2.19482
-1.74431
-2.49481
-1.95878
-1.82162
-1.85585
-2.05288
-1.65798
-4.6665
-2.18014
-2.02645
-2.71903
-3.00125
-2.39529
-2.83417
-1.79313
-3.28852
-1.64152
0
-2.52393
-1.16365
-2.80248
-1.89848
-3.00666
-1.64363
-3.04385
-1.23271
-2.21909
-2.23914
-1.02168
-3.09864
-1.68218
-2.05143
0.0101405
-1.61232
-1.90637
-2.31414
-1.93094
-2.47554
-1.35752
-0.177309
-1.89237
-0.401791
-1.93755
-1.56587
-2.52393
0
-2.51584
-1.29881
-1.09171
-3.2314
-2.37187
-0.915194
-0.851682
-0.943763
-1.64316
-3.06265
-3.92671
-1.46252
-3.03365
-2.44406
-2.38513
-2.20963
-0.0938386
-1.76478
-2.02037
0.254836
-1.4546
-1.97016
-1.95025
-2.95094
-2.738
-1.16365
-2.51584
0
0.676483
-0.526561
-3.78923
-2.43461
-0.861073
-1.77492
-0.68058
-2.61683
-2.9209
-3.57767
-2.52341
-1.47353
-1.17292
-1.43979
-1.95069
-2.3166
-2.12139
-2.08064
-1.77657
-1.19204
-1.93528
-2.51594
-2.05668
0.847515
-2.80248
-1.29881
0.676483
0
-2.42243
-2.62423
-1.34197
-1.73575
-2.63076
-3.81726
-2.39556
-1.75843
-3.24224
-2.80349
-2.17744
-4.00968
-1.62374
-1.20665
-1.42529
-3.07723
-1.29223
-2.13084
-1.61705
-1.16854
-2.23412
-2.63997
-2.3717
-1.89848
-1.09171
-0.526561
-2.42243
0
-1.59951
-0.729994
-0.554707
-1.94242
-2.96319
-2.50858
-0.720601
-0.0541568
-0.897262
-0.644028
-1.13921
-2.24998
-1.173
-2.2383
-3.93667
-2.19467
-1.11989
-2.99788
-1.99694
-3.06578
-1.05694
-2.39699
-3.00666
-3.2314
-3.78923
-2.62423
-1.59951
0
-1.84274
-2.03234
-1.79137
-2.30432
-3.06876
-1.74905
-4.01655
-2.46365
-3.19868
-3.77907
-0.473061
-0.595068
-2.31015
-0.88454
-1.66462
-2.11019
-1.40853
-2.76638
-2.2757
-2.30344
-4.38602
-1.64363
-2.37187
-2.43461
-1.34197
-0.729994
-1.84274
0
-0.11734
-1.4249
-2.34688
-2.46314
0.298724
-1.35549
-1.29528
-1.87284
-1.53316
-1.06451
-3.03491
-1.9529
-2.85898
-1.79436
-0.643751
-1.71418
-2.55455
-2.83772
-1.86535
-0.955745
-3.04385
-0.915194
-0.861073
-1.73575
-0.554707
-2.03234
-0.11734
0
-1.99183
-2.88117
-1.53207
-0.759424
-1.26835
-3.83247
-2.67905
-2.17788
-3.24095
-1.14686
-1.71512
-3.08081
-2.54041
-0.794994
-2.89293
-0.869629
-2.17705
-2.44572
-0.855051
-1.23271
-0.851682
-1.77492
-2.63076
-1.94242
-1.79137
-1.4249
-1.99183
0
