0
-1.94069
-0.625708
-0.990531
-1.99558
-1.72307
-3.10806
-3.58558
-2.45323
-3.22664
-3.8381
-1.94087
-2.39542
-2.69546
-1.86598
-2.24676
-3.23865
-1.72328
-1.96899
-0.879327
-1.53063
-2.01606
-3.36819
-0.673528
-0.634296
-1.92029
-3.26984
-1.94069
0
-2.55751
-2.50452
-3.11628
-0.959467
-2.58152
-1.74364
-3.60971
-2.78811
-2.72004
-1.42921
-1.10751
-2.36233
-3.13367
-0.92083
-2.51377
-2.84922
-3.37477
-2.92712
-1.72586
-2.83917
-1.46993
-2.55325
-3.09945
-1.84391
-0.964294
-0.625708
-2.55751
0
-1.01984
-1.9431
-1.53878
-2.46484
-2.03851
-1.65143
-1.35781
-2.51275
-0.54919
-2.7507
-3.2487
-1.6416
-2.17888
-1.75755
-1.89126
-2.85408
-0.701958
-3.10147
-0.343647
-2.3792
-1.60407
-1.45577
-2.4745
-2.61243
-0.990531
-2.50452
-1.01984
0
-2.38137
-1.18953
-2.00047
-2.25032
-1.46922
-1.75
-1.9075
-4.27515
-1.81003
-0.890268
-1.28017
-2.47709
-0.458636
-1.61468
-1.55371
-1.86158
-3.09827
-4.46544
-2.75972
-2.68463
-3.99806
-3.731
-2.35976
-1.99558
-3.11628
-1.9431
-2.38137
0
-1.4685
-0.934048
-3.75513
-2.16678
-3.50087
-0.602888
-0.9621
-1.3434
-2.46167
-2.02678
0.503492
-4.84165
-2.39469
-1.7931
-0.988475
-2.23781
-4.42277
-1.58402
-2.63763
-1.31605
-2.25353
-1.51881
-1.72307
-0.959467
-1.53878
-1.18953
-1.4685
0
-0.297829
-2.55635
-1.5704
-2.40903
-1.73077
-1.90164
0.159997
-1.92871
-1.86437
-2.52664
-1.35354
-2.19537
-1.35618
-1.34235
-2.14267
-2.51289
-0.416176
-0.712035
-2.59072
-3.29203
-1.16616
-3.10806
-2.58152
-2.46484
-2.00047
-0.934048
-0.297829
0
-1.95059
-1.05624
-3.20463
-2.0096
-3.77875
-3.17794
-1.78511
-1.00758
-0.458441
-3.05776
-2.81899
-1.52434
-2.6268
-2.76679
-1.93967
0.390628
-2.45921
-2.76456
-2.52836
-0.7931
-3.58558
-1.74364
-2.03851
-2.25032
-3.75513
-2.55635
-1.95059
0
-2.02034
-1.71833
-3.13649
-2.62862
-0.767212
-1.77653
-0.774178
-3.33275
-1.00967
-0.954815
-1.90585
-1.75565
-3.51088
-1.84248
-1.67453
-1.94581
-1.9989
-1.22577
-3.74905
-2.45323
-3.60971
-1.65143
-1.46922
-2.16678
-1.5704
-1.05624
-2.02034
0
-2.93172
-1.72982
-3.96528
-1.99267
-1.80406
-1.86985
-2.53721
0.0938636
-2.65625
-2.09325
-2.27665
-2.73024
-3.27583
-1.63012
-3.2251
-2.5945
-0.683151
-1.9058
-3.22664
-2.78811
-1.35781
-1.75
-3.50087
-2.40903
-3.20463
-1.71833
-2.93172
0
-4.14231
-3.1191
-0.961297
-2.80416
-4.15141
-1.3326
-1.02583
-1.69873
-3.52575
-2.37942
-2.43961
-1.80685
-3.40876
-2.19069
-2.20075
-2.15657
-0.387007
-3.8381
-2.72004
-2.51275
-1.9075
-0.602888
-1.73077
-2.0096
-3.13649
-1.72982
-4.14231
0
-1.2007
-2.70882
-1.97601
-1.97542
-0.911174
-3.72751
-2.437
-2.17801
-2.1698
-2.09815
-4.5691
-0.993547
-3.15629
-0.693838
-2.48479
0.636796
-1.94087
-1.42921
-0.54919
-4.27515
-0.9621
-1.90164
-3.77875
-2.62862
-3.96528
-3.1191
-1.2007
0
-1.52569
-3.4529
-2.63615
-1.49344
-2.38153
-0.470349
-2.59821
-1.91593
-2.52103
-0.899487
-3.89497
-1.00748
-1.47817
-1.44661
-3.61568
-2.39542
-1.10751
-2.7507
-1.81003
-1.3434
0.159997
-3.17794
-0.767212
-1.99267
-0.961297
-2.70882
-1.52569
0
-2.81799
-2.4774
1.34587
-1.92728
-2.03161
-2.64556
-1.24859
-1.89222
-1.51097
-1.38296
-1.12487
-1.36396
-0.349182
-1.60591
-2.69546
-2.36233
-3.2487
-0.890268
-2.46167
-1.92871
-1.78511
-1.77653
-1.80406
-2.80416
-1.97601
-3.4529
-2.81799
0
-2.49698
-2.98904
-1.64216
-1.42587
-1.91347
-0.998005
0.0253032
-2.67176
-2.17814
-0.72451
-1.33754
-1.90792
-2.02798
-1.86598
-3.13367
-1.6416
-1.28017
-2.02678
-1.86437
-1.00758
-0.774178
-1.86985
-4.15141
-1.97542
-2.63615
-2.4774
-2.49698
0
0.0607614
-1.98276
-1.60279
-2.21567
-2.6781
-1.10159
-2.44295
-1.95747
-1.36849
-0.226104
-2.47439
-0.131166
-2.24676
-0.92083
-2.17888
-2.47709
0.503492
-2.52664
-0.458441
-3.33275
-2.53721
-1.3326
-0.911174
-1.49344
1.34587
-2.98904
0.0607614
0
-5.07114
-3.39688
-0.785435
-2.13731
-1.48455
-1.58234
-3.66442
-3.3346
-3.64915
-4.47735
-0.756474
-3.23865
-2.51377
-1.75755
-0.458636
-4.84165
-1.35354
-3.05776
-1.00967
0.0938636
-1.02583
-3.72751
-2.38153
-1.92728
-1.64216
-1.98276
-5.07114
0
-2.63659
-0.344401
-1.85294
-0.477097
-1.29742
-2.38166
-2.1266
-2.82152
-1.18711
-2.81731
-1.72328
-2.84922
-1.89126
-1.61468
-2.39469
-2.19537
-2.81899
-0.954815
-2.65625
-1.69873
-2.437
-0.470349
-2.03161
-1.42587
-1.60279
-3.39688
-2.63659
0
-2.88449
-1.81782
-2.39549
-2.88035
-3.44604
-3.58195
-0.566316
-3.45849
-2.56851
-1.96899
-3.37477
-2.85408
-1.55371
-1.7931
-1.35618
-1.52434
-1.90585
-2.09325
-3.52575
-2.17801
-2.59821
-2.64556
-1.91347
-2.21567
-0.785435
-0.344401
-2.88449
0
-1.01228
-2.76894
-2.43891
-2.43631
-1.72801
-1.17246
-0.223549
-2.86623
-0.879327
-2.92712
-0.701958
-1.86158
-0.988475
-1.34235
-2.6268
-1.75565
-2.27665
-2.37942
-2.1698
-1.91593
-1.24859
-0.998005
-2.6781
-2.13731
-1.85294
-1.81782
-1.01228
0
-1.10817
-1.91181
-1.8199
-2.59648
-2.00798
-2.0249
-2.58964
-1.53063
-1.72586
-3.10147
-3.09827
-2.23781
-2.14267
-2.76679
-3.51088
-2.73024
-2.43961
-2.09815
-2.52103
-1.89222
0.0253032
-1.10159
-1.48455
-0.477097
-2.39549
-2.76894
-1.10817
0
-1.13093
-3.80607
-3.51734
-1.74434
-0.573348
-2.81362
-2.01606
-2.83917
-0.343647
-4.46544
-4.42277
-2.51289
-1.93967
-1.84248
-3.27583
-1.80685
-4.5691
-0.899487
-1.51097
-2.67176
-2.44295
-1.58234
-1.29742
-2.88035
-2.43891
-1.91181
-1.13093
0
-2.67119
-3.44286
-2.0199
-2.86269
-1.21031
-3.36819
-1.46993
-2.3792
-2.75972
-1.58402
-0.416176
0.390628
-1.67453
-1.63012
-3.40876
-0.993547
-3.89497
-1.38296
-2.17814
-1.95747
-3.66442
-2.38166
-3.44604
-2.43631
-1.8199
-3.80607
-2.67119
0
-3.22462
-3.80398
-2.67396
-2.03976
-0.673528
-2.55325
-1.60407
-2.68463
-2.63763
-0.712035
-2.45921
-1.94581
-3.2251
-2.19069
-3.15629
-1.00748
-1.12487
-0.72451
-1.36849
-3.3346
-2.1266
-3.58195
-1.72801
-2.59648
-3.51734
-3.44286
-3.22462
0
-3.21867
-1.67772
-1.11743
-0.634296
-3.09945
-1.45577
-3.99806
-1.31605
-2.59072
-2.76456
-1.9989
-2.5945
-2.20075
-0.693838
-1.47817
-1.36396
-1.33754
-0.226104
-3.64915
-2.82152
-0.566316
-1.17246
-2.00798
-1.74434
-2.0199
-3.80398
-3.21867
0
-2.42781
-3.38762
-1.92029
-1.84391
-2.4745
-3.731
-2.25353
-3.29203
-2.52836
-1.22577
-0.683151
-2.15657
-2.48479
-1.44661
-0.349182
-1.90792
-2.47439
-4.47735
-1.18711
-3.45849
-0.223549
-2.0249
-0.573348
-2.86269
-2.67396
-1.67772
-2.42781
0
-2.32717
-3.26984
-0.964294
-2.61243
-2.35976
-1.51881
-1.16616
-0.7931
-3.74905
-1.9058
-0.387007
0.636796
-3.61568
-1.60591
-2.02798
-0.131166
-0.756474
-2.81731
-2.56851
-2.86623
-2.58964
-2.81362
-1.21031
-2.03976
-1.11743
-3.38762
-2.32717
0
