0
-4.1232
-1.47718
-2.91525
-1.57356
-3.34367
-2.23456
-1.41374
-0.0981746
-2.25044
-2.35934
-1.07471
-1.69353
-1.6817
-1.31009
-1.65093
-2.07351
-0.6807
-1.44757
-3.34293
-3.39695
-1.98447
-3.2331
-1.07562
-0.509735
-1.73563
-3.75617
-4.1232
0
-2.32094
-2.12112
-2.77805
-0.496663
-2.29561
-1.80042
-1.86347
-2.45903
-2.00072
-1.92443
-2.82989
-0.503602
-2.95895
-2.91277
-1.01936
-1.70171
-1.78186
-1.58092
-0.317328
-1.81493
-1.82347
-1.8105
-0.605202
-2.18815
-2.31406
-1.47718
-2.32094
0
-1.77235
-3.27455
-3.83922
-2.25353
-1.36944
-2.31491
-0.835946
-2.13985
-1.57358
-0.201125
-1.89867
-3.28574
-2.44367
-0.960567
-1.6381
-2.11789
-1.73295
-1.01318
-1.89046
-1.07721
-2.22072
-1.85816
-0.788029
-1.7323
-2.91525
-2.12112
-1.77235
0
-3.27942
-2.64542
-3.20975
-1.79465
-0.469794
-2.34106
-1.75189
-1.68033
-1.72195
-2.31822
-0.81941
-1.97596
-2.40107
-1.58307
-0.709684
-1.82464
-4.17157
-1.24694
-1.13392
0.568922
-0.408654
-3.0829
-1.1873
-1.57356
-2.77805
-3.27455
-3.27942
0
-2.12492
-2.70518
-1.54994
-3.3327
-3.11623
-2.08173
-1.99034
-2.46693
-1.46477
-2.71318
0.358767
-2.70337
-1.6945
-2.50732
-2.37872
-2.54636
-1.91865
-3.56868
-2.08005
-1.84596
-0.892914
-0.979132
-3.34367
-0.496663
-3.83922
-2.64542
-2.12492
0
-0.387449
-2.60291
-1.88775
-2.03269
-1.10897
-1.71134
-2.12837
-1.33736
-4.0299
-1.61347
-2.05795
-2.58449
-1.37337
-1.32826
-1.13741
-2.86901
-0.844822
-2.2504
-2.65205
-4.15847
-2.31194
-2.23456
-2.29561
-2.25353
-3.20975
-2.70518
-0.387449
0
-1.55303
-2.70457
-4.13943
-3.47663
-0.598447
-2.13111
-2.0815
-0.296458
-1.20729
-2.07298
-1.7601
-2.47989
-2.30381
-3.18072
-3.83798
-2.01801
-2.40129
-1.84976
-2.20486
-0.104836
-1.41374
-1.80042
-1.36944
-1.79465
-1.54994
-2.60291
-1.55303
0
-0.876723
-0.870364
-0.926489
-2.82355
-1.88454
-1.19227
-3.40411
-2.32878
-2.33572
-1.67785
-1.50672
-1.25928
-1.60878
-2.74265
-2.08197
-0.527138
-2.87877
-2.35699
-0.4995
-0.0981746
-1.86347
-2.31491
-0.469794
-3.3327
-1.88775
-2.70457
-0.876723
0
-2.66699
-0.245802
-2.69095
-1.84157
-1.66598
-1.00831
-1.59992
-0.201663
-0.46187
-2.31212
-0.903786
-1.94231
-2.8011
-1.84971
-3.00116
-1.20911
-1.03301
-2.10713
-2.25044
-2.45903
-0.835946
-2.34106
-3.11623
-2.03269
-4.13943
-0.870364
-2.66699
0
-1.79613
-0.883278
-1.63212
-1.68659
-0.34505
-0.864685
-2.04875
-2.11276
-1.1969
-2.32464
-2.1034
-1.58457
-0.915243
-2.06637
-2.74973
-2.60085
-2.01231
-2.35934
-2.00072
-2.13985
-1.75189
-2.08173
-1.10897
-3.47663
-0.926489
-0.245802
-1.79613
0
-0.694928
-3.18857
-1.26444
-3.88661
1.48698
-2.13787
-2.10117
-2.03331
-1.3236
-2.37761
-1.1934
-1.83675
-1.55495
-1.92338
-0.923332
-1.20049
-1.07471
-1.92443
-1.57358
-1.68033
-1.99034
-1.71134
-0.598447
-2.82355
-2.69095
-0.883278
-0.694928
0
-1.01129
-3.69978
-2.84977
-2.05983
-1.49008
-1.27412
-1.7717
-1.19972
-2.01366
-2.30974
-1.49697
-2.54731
-2.16658
-1.69664
-1.18485
-1.69353
-2.82989
-0.201125
-1.72195
-2.46693
-2.12837
-2.13111
-1.88454
-1.84157
-1.63212
-3.18857
-1.01129
0
-1.41616
-3.21377
-2.4515
-1.7416
-2.33232
-2.40042
-1.99157
-3.73157
-2.12165
-2.22378
-1.75976
-1.17012
-2.11272
-1.55857
-1.6817
-0.503602
-1.89867
-2.31822
-1.46477
-1.33736
-2.0815
-1.19227
-1.66598
-1.68659
-1.26444
-3.69978
-1.41616
0
-3.40028
-0.373753
-1.15775
-0.412687
-3.03774
-3.04781
-0.961819
-1.65051
-2.44513
-2.43115
-2.89481
-2.06682
0.615487
-1.31009
-2.95895
-3.28574
-0.81941
-2.71318
-4.0299
-0.296458
-3.40411
-1.00831
-0.34505
-3.88661
-2.84977
-3.21377
-3.40028
0
-1.91299
-1.34177
-1.91484
-0.147287
-0.999657
-2.28454
-2.7742
-3.61352
-2.04922
-1.17969
-0.650476
-4.20567
-1.65093
-2.91277
-2.44367
-1.97596
0.358767
-1.61347
-1.20729
-2.32878
-1.59992
-0.864685
1.48698
-2.05983
-2.4515
-0.373753
-1.91299
0
-1.73484
-0.704191
-0.0781387
-0.893403
-1.11048
-2.27489
-2.18618
-0.695286
-1.52738
-2.75641
-0.802173
-2.07351
-1.01936
-0.960567
-2.40107
-2.70337
-2.05795
-2.07298
-2.33572
-0.201663
-2.04875
-2.13787
-1.49008
-1.7416
-1.15775
-1.34177
-1.73484
0
-1.57468
-2.56623
-2.30771
-2.36634
-1.32098
-0.318363
-1.73624
-3.05887
-3.09317
-2.66396
-0.6807
-1.70171
-1.6381
-1.58307
-1.6945
-2.58449
-1.7601
-1.67785
-0.46187
-2.11276
-2.10117
-1.27412
-2.33232
-0.412687
-1.91484
-0.704191
-1.57468
0
-0.144385
-1.33806
-4.1199
-2.02695
-2.38587
-1.51014
-1.42826
-2.06487
-3.51758
-1.44757
-1.78186
-2.11789
-0.709684
-2.50732
-1.37337
-2.47989
-1.50672
-2.31212
-1.1969
-2.03331
-1.7717
-2.40042
-3.03774
-0.147287
-0.0781387
-2.56623
-0.144385
0
0.360661
-1.57906
-2.03477
-1.94744
-3.01084
-0.464597
-2.00098
-2.75883
-3.34293
-1.58092
-1.73295
-1.82464
-2.37872
-1.32826
-2.30381
-1.25928
-0.903786
-2.32464
-1.3236
-1.19972
-1.99157
-3.04781
-0.999657
-0.893403
-2.30771
-1.33806
0.360661
0
-2.85321
-1.82727
-0.278576
-2.50984
-3.65859
-1.45186
-2.49264
-3.39695
-0.317328
-1.01318
-4.17157
-2.54636
-1.13741
-3.18072
-1.60878
-1.94231
-2.1034
-2.37761
-2.01366
-3.73157
-0.961819
-2.28454
-1.11048
-2.36634
-4.1199
-1.57906
-2.85321
0
-1.64391
-2.31725
-1.32842
-2.71948
-1.49174
-1.56824
-1.98447
-1.81493
-1.89046
-1.24694
-1.91865
-2.86901
-3.83798
-2.74265
-2.8011
-1.58457
-1.1934
-2.30974
-2.12165
-1.65051
-2.7742
-2.27489
-1.32098
-2.02695
-2.03477
-1.82727
-1.64391
0
-2.45346
-2.17092
-1.27455
-2.47368
-1.37552
-3.2331
-1.82347
-1.07721
-1.13392
-3.56868
-0.844822
-2.01801
-2.08197
-1.84971
-0.915243
-1.83675
-1.49697
-2.22378
-2.44513
-3.61352
-2.18618
-0.318363
-2.38587
-1.94744
-0.278576
-2.31725
-2.45346
0
-1.76856
-1.60983
-1.90094
-2.29545
-1.07562
-1.8105
-2.22072
0.568922
-2.08005
-2.2504
-2.40129
-0.527138
-3.00116
-2.06637
-1.55495
-2.54731
-1.75976
-2.43115
-2.04922
-0.695286
-1.73624
-1.51014
-3.01084
-2.50984
-1.32842
-2.17092
-1.76856
0
-0.862593
-1.51416
-1.15409
-0.509735
-0.605202
-1.85816
-0.408654
-1.84596
-2.65205
-1.84976
-2.87877
-1.20911
-2.74973
-1.92338
-2.16658
-1.17012
-2.89481
-1.17969
-1.52738
-3.05887
-1.42826
-0.464597
-3.65859
-2.71948
-1.27455
-1.60983
-0.862593
0
-1.63687
-2.61802
-1.73563
-2.18815
-0.788029
-3.0829
-0.892914
-4.15847
-2.20486
-2.35699
-1.03301
-2.60085
-0.923332
-1.69664
-2.11272
-2.06682
-0.650476
-2.75641
-3.09317
-2.06487
-2.00098
-1.45186
-1.49174
-2.47368
-1.90094
-1.51416
-1.63687
0
-1.85808
-3.75617
-2.31406
-1.7323
-1.1873
-0.979132
-2.31194
-0.104836
-0.4995
-2.10713
-2.01231
-1.20049
-1.18485
-1.55857
0.615487
-4.20567
-0.802173
-2.66396
-3.51758
-2.75883
-2.49264
-1.56824
-1.37552
-2.29545
-1.15409
-2.61802
-1.85808
0
