0
-1.28746
0.195044
-1.3116
-0.383235
-2.11563
-0.914338
-0.938293
-1.62971
-2.85877
-1.24686
-0.986416
-1.76791
-1.77246
-3.56697
-2.99349
-3.42722
-3.65747
-3.66604
-2.92677
-1.17274
-1.01516
-3.00451
-1.59135
-1.70889
-1.96212
-1.87583
-1.28746
0
-1.84916
-2.06589
-1.39787
-3.32713
-1.40992
-2.42607
-2.37005
-3.09466
-1.37998
-2.18985
-3.46027
-2.43806
-2.82233
-2.86743
-1.4264
-1.53058
-1.97001
-2.15965
-3.86031
-1.46744
-0.582275
-2.09544
-3.87828
-3.06955
-2.60336
0.195044
-1.84916
0
-2.58207
-2.79756
-1.45737
-1.05737
-2.05562
-1.49104
-1.57879
-2.51661
-1.739
-2.98743
-1.40505
-1.96161
-1.13517
-2.53544
-1.16311
-3.09673
-1.62723
-1.73852
-3.47721
-1.4469
-0.966472
-1.43556
-2.71665
-2.18345
-1.3116
-2.06589
-2.58207
0
-0.834432
-2.28201
-2.32777
-2.43743
-2.25528
-1.76611
-2.47115
-1.8128
-2.72712
-2.57658
-3.13236
-4.23678
-2.82666
-2.3367
-0.344365
-2.87804
-2.92289
-2.80913
-2.0782
-0.741356
-1.02498
-1.49729
-2.07633
-0.383235
-1.39787
-2.79756
-0.834432
0
-3.02559
-1.52195
-1.71437
-1.85074
-0.294374
-3.14638
-2.79925
-3.36261
-2.12306
-0.833609
-2.66955
-2.39713
-3.43153
-2.20211
-1.63923
-0.827454
-2.54176
-2.58183
-1.99015
-3.3246
-1.26841
-1.82534
-2.11563
-3.32713
-1.45737
-2.28201
-3.02559
0
-2.48042
-2.60329
-0.164226
-1.54521
-1.46859
-2.55699
-1.58525
-2.35167
-0.855732
-1.41744
-2.87869
-2.49901
-2.1213
-1.35584
-2.86335
-2.55601
-2.37157
-1.68018
-1.78435
-0.539088
0.0234362
-0.914338
-1.40992
-1.05737
-2.32777
-1.52195
-2.48042
0
-3.82724
-2.32048
-1.39107
-0.329649
-1.59252
-2.92626
-2.0806
-1.06041
-1.63762
-3.74723
-0.530327
-1.3145
-2.89578
-1.13765
0.872964
-2.11166
-1.28473
-2.31012
-3.61529
-1.85804
-0.938293
-2.42607
-2.05562
-2.43743
-1.71437
-2.60329
-3.82724
0
-3.10871
-2.78995
-1.36054
-2.29178
-1.067
-3.5727
-2.30859
-2.76076
-3.81998
-0.0912793
-3.19911
-2.03455
-1.67993
-2.51842
-2.70477
-0.338137
-2.14027
-2.63844
-3.97473
-1.62971
-2.37005
-1.49104
-2.25528
-1.85074
-0.164226
-2.32048
-3.10871
0
-2.18404
-0.442464
-3.12864
-0.944166
-2.32297
-2.33782
-2.11427
-1.784
-4.00855
-1.81555
-1.3991
0.760354
-3.02171
-2.41878
-1.793
-0.185066
-2.72089
-0.853744
-2.85877
-3.09466
-1.57879
-1.76611
-0.294374
-1.54521
-1.39107
-2.78995
-2.18404
0
-2.69916
-2.53865
-1.15392
-1.34672
-1.82476
-0.964545
-1.03902
-2.50024
-2.52773
-3.16201
-2.22224
-1.92218
-2.95977
-1.34947
-1.70774
-1.95735
-2.3878
-1.24686
-1.37998
-2.51661
-2.47115
-3.14638
-1.46859
-0.329649
-1.36054
-0.442464
-2.69916
0
-2.07994
-2.15893
-2.43615
-4.33675
-0.220022
-2.13938
-0.60827
-4.17527
-2.66767
-1.46728
-2.08187
-1.09831
-0.929538
-1.43331
-3.0734
-4.56482
-0.986416
-2.18985
-1.739
-1.8128
-2.79925
-2.55699
-1.59252
-2.29178
-3.12864
-2.53865
-2.07994
0
-1.74625
-1.8209
-2.0193
-1.15632
-2.97852
-3.70296
-1.50748
-2.36537
-2.53272
-2.4426
-2.65726
-3.16933
-1.69587
-2.83417
-2.97329
-1.76791
-3.46027
-2.98743
-2.72712
-3.36261
-1.58525
-2.92626
-1.067
-0.944166
-1.15392
-2.15893
-1.74625
0
-3.98523
-1.87379
-0.803073
-1.17918
-2.12183
-0.221269
-0.409251
-2.5342
-2.71309
-1.3092
-2.51362
-0.458279
-2.64008
-3.24568
-1.77246
-2.43806
-1.40505
-2.57658
-2.12306
-2.35167
-2.0806
-3.5727
-2.32297
-1.34672
-2.43615
-1.8209
-3.98523
0
-0.764905
-1.57374
-1.78106
-2.46989
-1.99272
-3.15925
-2.71148
-2.77751
-1.44873
0.0722797
-2.63679
-2.04766
-1.98532
-3.56697
-2.82233
-1.96161
-3.13236
-0.833609
-0.855732
-1.06041
-2.30859
-2.33782
-1.82476
-4.33675
-2.0193
-1.87379
-0.764905
0
-1.51356
-1.24243
-0.0750305
-3.6199
-4.49334
-1.72804
0.0849219
-2.86017
-1.24199
0.148749
-1.42556
-2.71261
-2.99349
-2.86743
-1.13517
-4.23678
-2.66955
-1.41744
-1.63762
-2.76076
-2.11427
-0.964545
-0.220022
-1.15632
-0.803073
-1.57374
-1.51356
0
-1.14455
-3.19128
-2.64521
-1.18797
-1.72607
-1.36817
-2.247
-2.05785
-3.86596
-2.18428
0.426857
-3.42722
-1.4264
-2.53544
-2.82666
-2.39713
-2.87869
-3.74723
-3.81998
-1.784
-1.03902
-2.13938
-2.97852
-1.17918
-1.78106
-1.24243
-1.14455
0
-2.169
-1.64831
-3.23801
-3.96185
-2.18831
-2.16083
-0.985543
-2.60703
-2.30076
-3.23595
-3.65747
-1.53058
-1.16311
-2.3367
-3.43153
-2.49901
-0.530327
-0.0912793
-4.00855
-2.50024
-0.60827
-3.70296
-2.12183
-2.46989
-0.0750305
-3.19128
-2.169
0
-1.83756
-2.7442
-1.45641
-2.42884
-3.03503
-2.02305
-0.497838
-2.72853
-1.96827
-3.66604
-1.97001
-3.09673
-0.344365
-2.20211
-2.1213
-1.3145
-3.19911
-1.81555
-2.52773
-4.17527
-1.50748
-0.221269
-1.99272
-3.6199
-2.64521
-1.64831
-1.83756
0
-2.24731
-2.54553
-1.7127
-1.26712
-2.12155
-1.35117
-1.61933
-3.43867
-2.92677
-2.15965
-1.62723
-2.87804
-1.63923
-1.35584
-2.89578
-2.03455
-1.3991
-3.16201
-2.66767
-2.36537
-0.409251
-3.15925
-4.49334
-1.18797
-3.23801
-2.7442
-2.24731
0
-2.13501
-0.912486
-1.79553
-1.37622
-1.33148
-2.5617
-1.65726
-1.17274
-3.86031
-1.73852
-2.92289
-0.827454
-2.86335
-1.13765
-1.67993
0.760354
-2.22224
-1.46728
-2.53272
-2.5342
-2.71148
-1.72804
-1.72607
-3.96185
-1.45641
-2.54553
-2.13501
0
-4.15622
-2.77199
-2.45965
-2.24348
-2.22428
-1.94344
-1.01516
-1.46744
-3.47721
-2.80913
-2.54176
-2.55601
0.872964
-2.51842
-3.02171
-1.92218
-2.08187
-2.4426
-2.71309
-2.77751
0.0849219
-1.36817
-2.18831
-2.42884
-1.7127
-0.912486
-4.15622
0
-1.4625
-1.89479
-0.628222
-1.59495
-0.47914
-3.00451
-0.582275
-1.4469
-2.0782
-2.58183
-2.37157
-2.11166
-2.70477
-2.41878
-2.95977
-1.09831
-2.65726
-1.3092
-1.44873
-2.86017
-2.247
-2.16083
-3.03503
-1.26712
-1.79553
-2.77199
-1.4625
0
-2.33933
-2.52984
-3.56771
-2.16203
-1.59135
-2.09544
-0.966472
-0.741356
-1.99015
-1.68018
-1.28473
-0.338137
-1.793
-1.34947
-0.929538
-3.16933
-2.51362
0.0722797
-1.24199
-2.05785
-0.985543
-2.02305
-2.12155
-1.37622
-2.45965
-1.89479
-2.33933
0
-3.45908
-2.38256
-1.30762
-1.70889
-3.87828
-1.43556
-1.02498
-3.3246
-1.78435
-2.31012
-2.14027
-0.185066
-1.70774
-1.43331
-1.69587
-0.458279
-2.63679
0.148749
-3.86596
-2.60703
-0.497838
-1.35117
-1.33148
-2.24348
-0.628222
-2.52984
-3.45908
0
-2.73426
-0.922562
-1.96212
-3.06955
-2.71665
-1.49729
-1.26841
-0.539088
-3.61529
-2.63844
-2.72089
-1.95735
-3.0734
-2.83417
-2.64008
-2.04766
-1.42556
-2.18428
-2.30076
-2.72853
-1.61933
-2.5617
-2.22428
-1.59495
-3.56771
-2.38256
-2.73426
0
-3.24175
-1.87583
-2.60336
-2.18345
-2.07633
-1.82534
0.0234362
-1.85804
-3.97473
-0.853744
-2.3878
-4.56482
-2.97329
-3.24568
-1.98532
-2.71261
0.426857
-3.23595
-1.96827
-3.43867
-1.65726
-1.94344
-0.47914
-2.16203
-1.30762
-0.922562
-3.24175
0
