0
-1.8394
-2.11054
-2.69633
-1.16299
0.0603203
-2.33799
-2.24656
-1.69873
-2.64797
-1.31339
-3.75584
0.0890059
-1.82573
-1.05739
-3.90139
0.425822
-2.77188
-0.525537
-0.16154
-1.68058
-2.006
-2.42975
-1.96068
-2.77611
-0.601199
-2.51102
-1.8394
0
-2.15559
0.200647
-0.895687
-1.32752
-1.48941
-3.015
-2.52724
-3.61672
-1.65361
-2.29992
-3.39116
-1.99398
-2.15284
-2.2292
-2.24725
-3.47227
-4.09171
-2.49111
-1.58672
-2.90285
-3.3396
-0.497011
-2.77962
-2.1612
-2.34027
-2.11054
-2.15559
0
-0.550987
-1.97008
-1.52784
-1.6863
0.0230372
-5.28541
-2.63834
-1.94331
-2.13908
-1.54663
-0.616968
-0.700628
-4.09747
-2.29019
-2.31795
-3.5118
-3.28085
-1.29138
-2.53991
-2.36517
-1.98991
-3.96896
-2.31051
-3.40533
-2.69633
0.200647
-0.550987
0
-1.13984
-2.98603
-0.494669
-2.90463
-1.92992
-2.8119
-3.50277
-3.49437
-2.40326
-1.7438
-0.490099
-2.39097
-1.44943
-2.186
-2.61516
-1.68796
-1.75563
-3.82588
-2.49129
-2.25516
-3.00889
-0.473929
-1.49417
-1.16299
-0.895687
-1.97008
-1.13984
0
-0.762329
0.152117
-1.67104
-2.20232
-3.84709
-2.54297
-1.78294
-3.02675
1.64284
-3.57396
-1.60832
-3.35236
-3.77038
-2.70243
-1.60441
-1.80375
-1.63401
-0.297496
-1.35369
-2.14549
-1.97658
-2.66102
0.0603203
-1.32752
-1.52784
-2.98603
-0.762329
0
-0.149334
-0.853362
-2.86204
-2.00805
-2.59873
-2.00232
-2.10351
-1.84417
-1.98079
-2.43688
-2.0369
-3.61353
0.659548
-2.10468
-2.24666
-1.75011
-1.65545
0.244443
-0.410115
-1.63375
-3.6828
-2.33799
-1.48941
-1.6863
-0.494669
0.152117
-0.149334
0
-2.17731
-2.2667
-2.29981
-2.62174
-1.2697
-1.09699
0.00954937
-2.34977
-1.95841
-1.1521
-3.46608
-2.50726
-1.80212
-3.73976
-2.38476
-3.26902
-2.18745
-3.0367
-1.69503
-2.21731
-2.24656
-3.015
0.0230372
-2.90463
-1.67104
-0.853362
-2.17731
0
-0.84182
-2.84806
-2.49849
-3.76616
-3.73305
-1.47492
-1.19949
-2.35643
-2.69722
-1.37576
-2.01661
-3.15405
-1.76158
-2.76962
-1.16231
-3.30913
-1.75912
-1.92223
-1.73346
-1.69873
-2.52724
-5.28541
-1.92992
-2.20232
-2.86204
-2.2667
-0.84182
0
-1.84047
-3.47846
-3.26466
-2.8688
-1.49179
-2.67787
-2.24386
-1.9867
-2.23655
-1.99613
-1.40349
-1.09035
-1.47373
-1.10293
-0.548506
-3.83807
-0.310563
-3.63033
-2.64797
-3.61672
-2.63834
-2.8119
-3.84709
-2.00805
-2.29981
-2.84806
-1.84047
0
-2.57125
-1.64692
-3.8588
-0.822755
-1.62643
-0.613636
-2.79331
-1.68147
-2.01453
-2.06805
-1.99746
-0.814985
-1.4372
-1.61383
-3.6362
-0.552542
-2.07797
-1.31339
-1.65361
-1.94331
-3.50277
-2.54297
-2.59873
-2.62174
-2.49849
-3.47846
-2.57125
0
-1.25347
-1.01892
-1.2297
-1.22656
-2.1443
-2.43061
-2.0553
-2.22627
-1.66539
-1.31321
-0.991582
-2.52352
-2.55475
-1.84608
-2.7239
-0.0383524
-3.75584
-2.29992
-2.13908
-3.49437
-1.78294
-2.00232
-1.2697
-3.76616
-3.26466
-1.64692
-1.25347
0
-3.0266
-3.77996
-1.7623
-0.577376
-2.11083
-1.48536
-3.0652
-2.43672
-2.1219
-2.12033
-1.20702
0.20141
-2.60531
-0.0806104
-2.2794
0.0890059
-3.39116
-1.54663
-2.40326
-3.02675
-2.10351
-1.09699
-3.73305
-2.8688
-3.8588
-1.01892
-3.0266
0
-2.72831
-1.17483
-1.76307
-1.99234
-1.59322
-3.50172
-1.71945
-1.27436
-1.21488
-0.0753237
-1.46105
-1.92707
-1.32743
-1.49371
-1.82573
-1.99398
-0.616968
-1.7438
1.64284
-1.84417
0.00954937
-1.47492
-1.49179
-0.822755
-1.2297
-3.77996
-2.72831
0
-1.43859
-2.93631
-2.92167
-1.8037
-1.35902
-3.68061
-2.01797
-2.10639
-1.73606
-2.20857
0.00588266
-3.17966
-1.39323
-1.05739
-2.15284
-0.700628
-0.490099
-3.57396
-1.98079
-2.34977
-1.19949
-2.67787
-1.62643
-1.22656
-1.7623
-1.17483
-1.43859
0
-2.11215
-3.15958
-3.56491
-2.65832
-2.58431
-2.68413
-1.76368
-1.71865
-2.06175
-2.30555
-4.5739
-1.85979
-3.90139
-2.2292
-4.09747
-2.39097
-1.60832
-2.43688
-1.95841
-2.35643
-2.24386
-0.613636
-2.1443
-0.577376
-1.76307
-2.93631
-2.11215
0
-1.17808
-2.12564
-2.57445
-3.09595
0.534339
-1.85352
-1.59292
-0.374614
-2.75122
-3.61088
-1.04693
0.425822
-2.24725
-2.29019
-1.44943
-3.35236
-2.0369
-1.1521
-2.69722
-1.9867
-2.79331
-2.43061
-2.11083
-1.99234
-2.92167
-3.15958
-1.17808
0
-2.70995
-1.83877
-2.23643
-1.95057
-2.18959
-3.0839
-3.08673
-1.11176
-2.71359
-1.7493
-2.77188
-3.47227
-2.31795
-2.186
-3.77038
-3.61353
-3.46608
-1.37576
-2.23655
-1.68147
-2.0553
-1.48536
-1.59322
-1.8037
-3.56491
-2.12564
-2.70995
0
-0.548089
-1.09456
-2.48439
-1.11377
-1.32468
-1.65853
-1.62168
-2.83011
-1.47405
-0.525537
-4.09171
-3.5118
-2.61516
-2.70243
0.659548
-2.50726
-2.01661
-1.99613
-2.01453
-2.22627
-3.0652
-3.50172
-1.35902
-2.65832
-2.57445
-1.83877
-0.548089
0
-3.49957
-0.651284
-2.31896
-2.96758
-1.9976
-2.13183
-0.763701
-1.24695
-0.16154
-2.49111
-3.28085
-1.68796
-1.60441
-2.10468
-1.80212
-3.15405
-1.40349
-2.06805
-1.66539
-2.43672
-1.71945
-3.68061
-2.58431
-3.09595
-2.23643
-1.09456
-3.49957
0
-1.51077
-1.38807
-2.10541
-2.38111
-3.92467
-2.48917
-1.31169
-1.68058
-1.58672
-1.29138
-1.75563
-1.80375
-2.24666
-3.73976
-1.76158
-1.09035
-1.99746
-1.31321
-2.1219
-1.27436
-2.01797
-2.68413
0.534339
-1.95057
-2.48439
-0.651284
-1.51077
0
-2.09831
-1.04835
-0.307822
-2.46759
-3.11064
-2.00905
-2.006
-2.90285
-2.53991
-3.82588
-1.63401
-1.75011
-2.38476
-2.76962
-1.47373
-0.814985
-0.991582
-2.12033
-1.21488
-2.10639
-1.76368
-1.85352
-2.18959
-1.11377
-2.31896
-1.38807
-2.09831
0
-0.782221
-2.92553
-1.38566
-0.71273
-2.19515
-2.42975
-3.3396
-2.36517
-2.49129
-0.297496
-1.65545
-3.26902
-1.16231
-1.10293
-1.4372
-2.52352
-1.20702
-0.0753237
-1.73606
-1.71865
-1.59292
-3.0839
-1.32468
-2.96758
-2.10541
-1.04835
-0.782221
0
-2.96083
-2.71662
-3.82938
-0.274991
-1.96068
-0.497011
-1.98991
-2.25516
-1.35369
0.244443
-2.18745
-3.30913
-0.548506
-1.61383
-2.55475
0.20141
-1.46105
-2.20857
-2.06175
-0.374614
-3.08673
-1.65853
-1.9976
-2.38111
-0.307822
-2.92553
-2.96083
0
-4.0354
-1.22409
-1.95374
-2.77611
-2.77962
-3.96896
-3.00889
-2.14549
-0.410115
-3.0367
-1.75912
-3.83807
-3.6362
-1.84608
-2.60531
-1.92707
0.00588266
-2.30555
-2.75122
-1.11176
-1.62168
-2.13183
-3.92467
-2.46759
-1.38566
-2.71662
-4.0354
0
-2.58619
-3.70581
-0.601199
-2.1612
-2.31051
-0.473929
-1.97658
-1.63375
-1.69503
-1.92223
-0.310563
-0.552542
-2.7239
-0.0806104
-1.32743
-3.17966
-4.5739
-3.61088
-2.71359
-2.83011
-0.763701
-2.48917
-3.11064
-0.71273
-3.82938
-1.22409
-2.58619
0
-0.885697
-2.51102
-2.34027
-3.40533
-1.49417
-2.66102
-3.6828
-2.21731
-1.73346
-3.63033
-2.07797
-0.0383524
-2.2794
-1.49371
-1.39323
-1.85979
-1.04693
-1.7493
-1.47405
-1.24695
-1.31169
-2.00905
-2.19515
-0.274991
-1.95374
-3.70581
-0.885697
0
