0
-2.98664
-1.90129
-2.83586
-2.31291
-2.39458
-1.47672
-2.23645
-1.70087
-3.00716
-0.205261
-1.67394
-1.6769
-1.85577
-2.8889
-1.98049
-2.20775
-4.23208
-3.30018
-0.603648
-1.68201
-2.57868
-2.43488
-1.63612
-1.12649
-1.83668
-2.9869
-2.98664
0
-1.96887
-2.76761
-2.62642
-1.7768
-1.03496
-1.22185
-0.0630916
-3.31993
-2.63211
-1.84292
-1.47461
-3.18917
-3.62223
-1.18402
-3.09364
-2.03884
-2.98457
-0.508877
-2.13679
-1.84526
-2.36659
-2.83213
-2.14872
-1.52924
-0.967844
-1.90129
-1.96887
0
-2.76053
-1.55977
-1.6671
-1.35744
-1.56215
-1.49277
-2.22251
-2.48163
-1.24562
-2.96739
-1.26509
-2.32663
0.475628
-0.985595
-2.18342
-2.35384
-0.763041
-0.413197
-0.902204
-3.07216
-1.47754
-2.82496
-3.65928
-1.17511
-2.83586
-2.76761
-2.76053
0
-2.37236
-0.949687
-1.17987
-1.1177
-1.21678
-3.50638
-0.622162
-1.98358
-2.43438
-1.293
-0.597305
-1.64452
-0.281679
-1.44285
-1.36389
-1.89995
-3.868
-1.64085
-1.42999
-1.43639
-0.471158
-0.918191
-2.54112
-2.31291
-2.62642
-1.55977
-2.37236
0
-1.65124
-1.13567
-1.09421
-1.54391
-2.74058
-1.97714
-1.70733
-0.964779
-2.47111
-1.9601
-3.09605
-1.79354
-1.18432
-2.60114
-2.85827
-2.99178
-3.22955
-2.54559
-1.59591
-0.0866969
-1.35407
-1.77263
-2.39458
-1.7768
-1.6671
-0.949687
-1.65124
0
-0.420115
0.709
-3.92469
-3.24866
-2.24329
-0.494057
-2.82735
-1.77125
-2.7382
-1.06678
-1.0726
-1.76253
-2.23259
-2.94497
-2.77531
-1.38363
-2.38906
-2.27373
-0.767953
-1.30766
-1.35735
-1.47672
-1.03496
-1.35744
-1.17987
-1.13567
-0.420115
0
-1.8329
-0.782537
-0.743867
-0.910728
-1.64949
-2.33512
-1.2775
-1.93651
-3.54741
-2.76873
-2.05607
-1.93311
-3.37666
-1.43155
-1.94871
-2.30375
-2.26395
-2.7133
-0.809277
-2.39342
-2.23645
-1.22185
-1.56215
-1.1177
-1.09421
0.709
-1.8329
0
-2.23729
-1.47181
-1.64339
-3.07756
-2.18273
-1.72613
-0.919536
-1.62434
-1.57767
-1.22258
-2.54617
-1.79711
-1.55613
-1.54222
-0.368032
-3.93714
-2.66691
-2.29088
-1.75975
-1.70087
-0.0630916
-1.49277
-1.21678
-1.54391
-3.92469
-0.782537
-2.23729
0
-2.27947
-1.7936
-2.70391
-2.24731
-2.72239
-1.05389
-2.50293
0.130849
-1.78196
-1.34962
-2.73898
-3.51356
-1.49595
-0.899564
-2.83403
-4.12679
-1.83238
-2.30096
-3.00716
-3.31993
-2.22251
-3.50638
-2.74058
-3.24866
-0.743867
-1.47181
-2.27947
0
-2.07028
-0.481871
-1.32095
-1.69839
-1.23172
-3.05021
-0.92273
-2.12978
-2.41269
-0.557483
-1.2606
-2.33296
-2.09231
-0.847085
-0.724998
-1.90944
0.188278
-0.205261
-2.63211
-2.48163
-0.622162
-1.97714
-2.24329
-0.910728
-1.64339
-1.7936
-2.07028
0
-1.51548
-3.20113
-1.89363
-2.18786
-0.81857
-0.949933
-1.36507
-2.44488
-3.49025
-1.52282
-2.07513
-3.32767
-0.98264
-3.54169
-2.72883
-2.28019
-1.67394
-1.84292
-1.24562
-1.98358
-1.70733
-0.494057
-1.64949
-3.07756
-2.70391
-0.481871
-1.51548
0
-3.99273
-0.121766
-3.29315
-1.97566
-2.32659
-1.10532
-2.42148
-0.891874
-1.81855
-1.94359
-2.52225
-3.12435
-2.14444
-2.92526
-1.56957
-1.6769
-1.47461
-2.96739
-2.43438
-0.964779
-2.82735
-2.33512
-2.18273
-2.24731
-1.32095
-3.20113
-3.99273
0
-3.31081
0.213965
-0.420216
-1.72021
-1.52295
-1.50982
-1.19208
-1.39742
-2.95418
-4.84366
-1.57758
-1.48032
-2.12009
-2.36318
-1.85577
-3.18917
-1.26509
-1.293
-2.47111
-1.77125
-1.2775
-1.72613
-2.72239
-1.69839
-1.89363
-0.121766
-3.31081
0
-2.38239
-2.10761
-3.39029
-2.39158
-1.96937
-2.20875
-2.07154
-2.00275
-0.908843
-1.60418
-1.90565
-0.368869
-2.06184
-2.8889
-3.62223
-2.32663
-0.597305
-1.9601
-2.7382
-1.93651
-0.919536
-1.05389
-1.23172
-2.18786
-3.29315
0.213965
-2.38239
0
-3.22524
-1.449
-1.51083
-1.96353
-1.22952
-2.64131
-0.88296
-2.01545
-3.62687
-1.95157
-3.39956
-1.66727
-1.98049
-1.18402
0.475628
-1.64452
-3.09605
-1.06678
-3.54741
-1.62434
-2.50293
-3.05021
-0.81857
-1.97566
-0.420216
-2.10761
-3.22524
0
-2.96696
-3.45656
-0.831955
-1.56299
-2.08616
-2.06907
-2.16726
-0.438368
-0.732875
-4.23922
0.504952
-2.20775
-3.09364
-0.985595
-0.281679
-1.79354
-1.0726
-2.76873
-1.57767
0.130849
-0.92273
-0.949933
-2.32659
-1.72021
-3.39029
-1.449
-2.96696
0
-2.41676
-3.28627
-3.30373
-2.56077
-1.27301
-1.61172
-1.94469
-1.52762
-1.62993
-1.31021
-4.23208
-2.03884
-2.18342
-1.44285
-1.18432
-1.76253
-2.05607
-1.22258
-1.78196
-2.12978
-1.36507
-1.10532
-1.52295
-2.39158
-1.51083
-3.45656
-2.41676
0
-2.19946
-2.95002
-2.59212
-1.84145
-2.56026
-2.66616
-1.3895
-1.82548
-0.620058
-3.30018
-2.98457
-2.35384
-1.36389
-2.60114
-2.23259
-1.93311
-2.54617
-1.34962
-2.41269
-2.44488
-2.42148
-1.50982
-1.96937
-1.96353
-0.831955
-3.28627
-2.19946
0
-2.60142
-2.65135
-3.5331
-1.66814
-1.62074
-3.25728
-2.34358
-1.75153
-0.603648
-0.508877
-0.763041
-1.89995
-2.85827
-2.94497
-3.37666
-1.79711
-2.73898
-0.557483
-3.49025
-0.891874
-1.19208
-2.20875
-1.22952
-1.56299
-3.30373
-2.95002
-2.60142
0
-0.906123
-3.26213
-3.73372
-2.14941
-0.791626
-0.426052
-1.18801
-1.68201
-2.13679
-0.413197
-3.868
-2.99178
-2.77531
-1.43155
-1.55613
-3.51356
-1.2606
-1.52282
-1.81855
-1.39742
-2.07154
-2.64131
-2.08616
-2.56077
-2.59212
-2.65135
-0.906123
0
-2.7832
-3.4597
-1.79896
-2.46839
-0.918701
-2.38568
-2.57868
-1.84526
-0.902204
-1.64085
-3.22955
-1.38363
-1.94871
-1.54222
-1.49595
-2.33296
-2.07513
-1.94359
-2.95418
-2.00275
-0.88296
-2.06907
-1.27301
-1.84145
-3.5331
-3.26213
-2.7832
0
-2.52317
-2.39386
-2.7255
-1.58215
-0.983737
-2.43488
-2.36659
-3.07216
-1.42999
-2.54559
-2.38906
-2.30375
-0.368032
-0.899564
-2.09231
-3.32767
-2.52225
-4.84366
-0.908843
-2.01545
-2.16726
-1.61172
-2.56026
-1.66814
-3.73372
-3.4597
-2.52317
0
-1.4548
-3.01506
-2.7209
-1.92657
-1.63612
-2.83213
-1.47754
-1.43639
-1.59591
-2.27373
-2.26395
-3.93714
-2.83403
-0.847085
-0.98264
-3.12435
-1.57758
-1.60418
-3.62687
-0.438368
-1.94469
-2.66616
-1.62074
-2.14941
-1.79896
-2.39386
-1.4548
0
-2.60159
-0.896403
-0.723162
-1.12649
-2.14872
-2.82496
-0.471158
-0.0866969
-0.767953
-2.7133
-2.66691
-4.12679
-0.724998
-3.54169
-2.14444
-1.48032
-1.90565
-1.95157
-0.732875
-1.52762
-1.3895
-3.25728
-0.791626
-2.46839
-2.7255
-3.01506
-2.60159
0
-2.7632
-1.15991
-1.83668
-1.52924
-3.65928
-0.918191
-1.35407
-1.30766
-0.809277
-2.29088
-1.83238
-1.90944
-2.72883
-2.92526
-2.12009
-0.368869
-3.39956
-4.23922
-1.62993
-1.82548
-2.34358
-0.426052
-0.918701
-1.58215
-2.7209
-0.896403
-2.7632
0
-2.64686
-2.9869
-0.967844
-1.17511
-2.54112
-1.77263
-1.35735
-2.39342
-1.75975
-2.30096
0.188278
-2.28019
-1.56957
-2.36318
-2.06184
-1.66727
0.504952
-1.31021
-0.620058
-1.75153
-1.18801
-2.38568
-0.983737
-1.92657
-0.723162
-1.15991
-2.64686
0
