0
-3.38651
-3.0808
-1.6559
-1.06756
-1.94984
0.365209
-3.21692
-4.13611
-1.92999
-1.60131
-0.829163
-1.13814
-2.03169
-0.165194
0.291658
-1.6167
-2.0907
-3.66468
0.221235
-1.39154
-2.24016
-1.37249
0.0364815
-1.82766
-2.98894
-1.91045
-3.38651
0
-1.75582
-0.652959
-1.82602
-1.34153
-2.68912
-1.71781
-2.1737
-1.70729
-1.66517
-2.2477
-3.55834
-3.22538
-0.36847
-0.41492
-1.80307
-2.11415
-1.60738
-2.39879
-2.42882
-1.2315
-1.44956
-1.24473
-1.88115
-2.57621
-3.6204
-3.0808
-1.75582
0
-3.01957
-0.521934
-2.54234
-3.18584
-0.548029
-3.49584
-1.11111
-1.71985
-3.20172
-0.3052
-3.29668
-1.6267
-2.1724
-1.26082
-4.22528
-0.798496
-2.41315
-1.17736
-2.9276
-2.13223
-2.13204
-2.09191
-1.79042
-2.52034
-1.6559
-0.652959
-3.01957
0
-3.2899
-3.15866
-1.37489
-1.81712
-2.10166
-0.729885
-3.82178
-2.09421
-0.872219
-3.10409
-2.37337
-2.89802
-2.25845
-1.00301
-2.04778
-4.59204
-1.19622
-4.2028
-1.26974
-1.53739
-2.39692
-2.06738
-2.31029
-1.06756
-1.82602
-0.521934
-3.2899
0
-1.45089
-2.44697
-3.33755
0.092352
-3.54812
-1.07828
-1.55843
-2.61418
-3.69398
-2.2393
-2.33406
-2.8434
-1.57193
-1.65743
-1.20203
-1.83514
-1.35956
-2.08741
-2.35624
-2.92132
-1.22834
-2.79686
-1.94984
-1.34153
-2.54234
-3.15866
-1.45089
0
-2.45987
-1.16672
-2.23034
-0.124466
-2.08884
-3.0817
-2.85638
-1.09685
-1.0677
-2.57605
-1.09369
-1.2223
-1.95854
-0.316617
-3.96472
-3.60997
-1.53202
-2.61465
-2.44014
-3.6042
-2.01542
0.365209
-2.68912
-3.18584
-1.37489
-2.44697
-2.45987
0
-3.26728
-2.62715
-2.32592
-0.537322
-3.54249
-0.10734
-3.09841
-0.732864
-3.32779
-2.93003
-1.04351
-2.93393
-2.728
-2.98739
-2.24702
-1.42945
-3.74898
-2.5498
-0.798973
-1.27682
-3.21692
-1.71781
-0.548029
-1.81712
-3.33755
-1.16672
-3.26728
0
-2.4675
-3.51787
-1.38049
-3.17677
-2.10801
-1.67514
-3.70369
-3.34763
-1.99881
-0.894877
-0.891864
-2.53191
-2.10263
-1.47723
-2.63154
-1.87876
-2.48597
-0.98174
-1.45095
-4.13611
-2.1737
-3.49584
-2.10166
0.092352
-2.23034
-2.62715
-2.4675
0
-2.6957
-1.24948
-2.33436
-0.88179
-2.52484
-1.12131
-2.52735
-2.0146
-1.03307
-1.52238
-1.87083
-1.898
-1.42888
-2.02417
-2.12755
-0.401266
-3.62422
-1.39954
-1.92999
-1.70729
-1.11111
-0.729885
-3.54812
-0.124466
-2.32592
-3.51787
-2.6957
0
-1.60981
-2.79235
-0.994617
-1.71472
-1.72382
-1.3963
-1.25968
-0.653911
-2.5322
-1.81212
-2.06827
-1.79162
-1.84983
-0.709176
-2.57927
-0.87159
-2.15586
-1.60131
-1.66517
-1.71985
-3.82178
-1.07828
-2.08884
-0.537322
-1.38049
-1.24948
-1.60981
0
-2.5105
-1.87187
-3.38878
-1.7252
-2.10004
-3.32415
-2.08965
-3.24524
-1.73846
-0.896948
-3.05014
-2.22758
-1.21931
-1.84353
-1.53587
-3.01448
-0.829163
-2.2477
-3.20172
-2.09421
-1.55843
-3.0817
-3.54249
-3.17677
-2.33436
-2.79235
-2.5105
0
-1.58655
-2.60563
-0.0329345
-2.28729
-3.06236
-0.753987
-1.62658
-0.192437
-0.776774
-2.13086
-2.21247
-1.28247
-0.312337
-2.07871
-2.37862
-1.13814
-3.55834
-0.3052
-0.872219
-2.61418
-2.85638
-0.10734
-2.10801
-0.88179
-0.994617
-1.87187
-1.58655
0
-2.96505
-0.533884
-2.42405
-0.472331
-1.99814
-1.558
-1.78255
-2.00865
-3.40835
1.51828
-1.48318
-3.37441
-3.11887
-1.80928
-2.03169
-3.22538
-3.29668
-3.10409
-3.69398
-1.09685
-3.09841
-1.67514
-2.52484
-1.71472
-3.38878
-2.60563
-2.96505
0
-2.55778
-2.89038
-2.58631
-2.1597
-0.998964
-3.29385
-1.91382
-0.36861
-2.87894
0.0904266
-2.38125
-2.01926
-2.50245
-0.165194
-0.36847
-1.6267
-2.37337
-2.2393
-1.0677
-0.732864
-3.70369
-1.12131
-1.72382
-1.7252
-0.0329345
-0.533884
-2.55778
0
-1.13258
-1.9826
-2.98222
-1.41516
-1.33301
-2.42538
-1.53
-2.05276
-4.48424
-2.52066
-3.45874
-2.61233
0.291658
-0.41492
-2.1724
-2.89802
-2.33406
-2.57605
-3.32779
-3.34763
-2.52735
-1.3963
-2.10004
-2.28729
-2.42405
-2.89038
-1.13258
0
-0.738306
-3.67284
-3.98415
-3.68414
-3.30984
-2.98515
-3.56704
-2.58837
-2.30193
-0.437988
-1.8477
-1.6167
-1.80307
-1.26082
-2.25845
-2.8434
-1.09369
-2.93003
-1.99881
-2.0146
-1.25968
-3.32415
-3.06236
-0.472331
-2.58631
-1.9826
-0.738306
0
-2.16873
-1.93797
-0.878297
-0.876838
-1.29494
-1.73132
0.784681
-2.49104
-0.0861568
-1.38743
-2.0907
-2.11415
-4.22528
-1.00301
-1.57193
-1.2223
-1.04351
-0.894877
-1.03307
-0.653911
-2.08965
-0.753987
-1.99814
-2.1597
-2.98222
-3.67284
-2.16873
0
-1.91847
-3.36204
-2.61868
-1.38659
-4.5739
-2.1844
-1.68178
-0.749383
-1.28672
-3.66468
-1.60738
-0.798496
-2.04778
-1.65743
-1.95854
-2.93393
-0.891864
-1.52238
-2.5322
-3.24524
-1.62658
-1.558
-0.998964
-1.41516
-3.98415
-1.93797
-1.91847
0
-2.38939
-2.61663
-2.5318
-2.08393
-1.6756
-3.88947
-3.41741
-2.95791
0.221235
-2.39879
-2.41315
-4.59204
-1.20203
-0.316617
-2.728
-2.53191
-1.87083
-1.81212
-1.73846
-0.192437
-1.78255
-3.29385
-1.33301
-3.68414
-0.878297
-3.36204
-2.38939
0
-1.25671
-2.09685
-0.921363
-1.27277
-0.935322
-2.86236
-4.00719
-1.39154
-2.42882
-1.17736
-1.19622
-1.83514
-3.96472
-2.98739
-2.10263
-1.898
-2.06827
-0.896948
-0.776774
-2.00865
-1.91382
-2.42538
-3.30984
-0.876838
-2.61868
-2.61663
-1.25671
0
-1.171
-1.73008
0.0184966
-0.417982
-2.32914
-1.6742
-2.24016
-1.2315
-2.9276
-4.2028
-1.35956
-3.60997
-2.24702
-1.47723
-1.42888
-1.79162
-3.05014
-2.13086
-3.40835
-0.36861
-1.53
-2.98515
-1.29494
-1.38659
-2.5318
-2.09685
-1.171
0
-1.04166
-1.21201
-3.8922
-3.04796
-3.51472
-1.37249
-1.44956
-2.13223
-1.26974
-2.08741
-1.53202
-1.42945
-2.63154
-2.02417
-1.84983
-2.22758
-2.21247
1.51828
-2.87894
-2.05276
-3.56704
-1.73132
-4.5739
-2.08393
-0.921363
-1.73008
-1.04166
0
-1.87784
-2.35013
-0.751886
-4.57542
0.0364815
-1.24473
-2.13204
-1.53739
-2.35624
-2.61465
-3.74898
-1.87876
-2.12755
-0.709176
-1.21931
-1.28247
-1.48318
0.0904266
-4.48424
-2.58837
0.784681
-2.1844
-1.6756
-1.27277
0.0184966
-1.21201
-1.87784
0
-3.19665
-3.04604
-1.47852
-1.82766
-1.88115
-2.09191
-2.39692
-2.92132
-2.44014
-2.5498
-2.48597
-0.401266
-2.57927
-1.84353
-0.312337
-3.37441
-2.38125
-2.52066
-2.30193
-2.49104
-1.68178
-3.88947
-0.935322
-0.417982
-3.8922
-2.35013
-3.19665
0
-3.56447
-2.75193
-2.98894
-2.57621
-1.79042
-2.06738
-1.22834
-3.6042
-0.798973
-0.98174
-3.62422
-0.87159
-1.53587
-2.07871
-3.11887
-2.01926
-3.45874
-0.437988
-0.0861568
-0.749383
-3.41741
-2.86236
-2.32914
-3.04796
-0.751886
-3.04604
-3.56447
0
-0.847141
-1.91045
-3.6204
-2.52034
-2.31029
-2.79686
-2.01542
-1.27682
-1.45095
-1.39954
-2.15586
-3.01448
-2.37862
-1.80928
-2.50245
-2.61233
-1.8477
-1.38743
-1.28672
-2.95791
-4.00719
-1.6742
-3.51472
-4.57542
-1.47852
-2.75193
-0.847141
0
