0
-3.44293
0.926935
-3.12059
-2.49228
-3.19902
-1.54496
-2.3231
-4.39534
-0.405089
-1.89019
-1.68314
-2.50743
-1.06364
-0.420997
-1.25628
-0.361914
-1.69112
-1.95065
-3.53937
-2.72097
-1.35499
-2.29
-2.62837
-1.94689
-2.57642
-2.22257
-3.44293
0
-3.57693
-2.29668
-2.11283
-2.65553
-3.13853
-1.95227
-1.89443
-1.43499
-1.28943
0.371988
-2.62265
-2.52802
-3.29439
-1.13409
-2.97009
-2.08624
-0.83229
-2.13795
-2.17949
-2.60762
-3.34999
-1.64375
-2.32814
-0.812255
-1.01526
0.926935
-3.57693
0
-3.0943
-0.858059
-1.11715
-2.84118
-1.69183
-2.90223
-1.74891
-3.57389
-1.12079
-0.990666
-2.71508
-2.25216
-2.61792
-2.31797
-2.75508
-2.09169
-2.04127
-1.63807
-0.834933
-3.91836
-1.87101
-1.30023
-2.27804
-3.50617
-3.12059
-2.29668
-3.0943
0
-2.7182
-0.504401
-2.85177
-1.12594
-1.24077
-1.08888
-3.47237
-1.82725
-3.46018
-0.779403
-2.04946
-1.45423
-1.51745
-2.49017
-2.71875
-1.96928
-1.3942
-0.700595
-2.40703
-2.53693
-2.72816
-1.06205
-1.05345
-2.49228
-2.11283
-0.858059
-2.7182
0
-1.95321
-4.54551
-0.973134
-1.85683
-1.04501
-1.38433
-2.18086
-0.96824
-2.75385
-1.59696
-1.77305
-0.663308
-1.89852
-1.99497
-2.51504
-1.83887
-1.59853
-0.0415009
-2.0629
-2.84944
-1.10685
-2.37763
-3.19902
-2.65553
-1.11715
-0.504401
-1.95321
0
-1.24336
-1.34972
-2.64406
-0.801109
-0.508271
-2.32259
-3.52371
-3.16322
-1.99003
-2.15547
-1.47599
-2.50777
-1.09455
-0.720504
-2.41755
-2.16134
-3.15818
-1.90653
-1.56918
-1.32505
-2.40317
-1.54496
-3.13853
-2.84118
-2.85177
-4.54551
-1.24336
0
-1.33317
-2.09453
-1.01078
-2.90557
-1.49353
-1.52524
-3.27966
-2.39557
-1.15202
-2.19201
-2.38653
-2.35385
-0.927244
-1.83274
-1.6564
-4.01525
-2.00412
-2.99857
-2.28638
-2.45771
-2.3231
-1.95227
-1.69183
-1.12594
-0.973134
-1.34972
-1.33317
0
-3.25376
-1.46952
-2.94875
-2.71181
-1.6946
-1.55998
-1.56079
-1.42742
-1.68497
-0.995367
-2.87789
-2.60985
-1.7396
-1.82403
-3.01231
-1.98153
-1.09195
-1.5194
-1.02544
-4.39534
-1.89443
-2.90223
-1.24077
-1.85683
-2.64406
-2.09453
-3.25376
0
-2.14871
-1.52782
-1.90403
0.137636
-1.79788
-1.73517
-2.44559
-1.44818
-1.86638
-2.82041
-2.18485
-0.345696
-0.100557
-1.60546
-0.960407
-1.75005
-1.42626
-1.56552
-0.405089
-1.43499
-1.74891
-1.08888
-1.04501
-0.801109
-1.01078
-1.46952
-2.14871
0
-3.48239
-1.58729
-0.298067
-2.70865
-2.34651
-1.7354
-2.25245
-1.5214
-0.41948
-3.60504
-1.78474
-2.67992
0.0340079
-3.01606
-2.23804
-2.89768
-2.96285
-1.89019
-1.28943
-3.57389
-3.47237
-1.38433
-0.508271
-2.90557
-2.94875
-1.52782
-3.48239
0
-2.21952
-0.710554
-1.8282
-2.0815
-2.23791
-2.18574
-0.933113
-1.08648
-2.66138
-0.212877
-2.22477
-1.37866
-1.23402
-1.04425
-1.3176
-2.32621
-1.68314
0.371988
-1.12079
-1.82725
-2.18086
-2.32259
-1.49353
-2.71181
-1.90403
-1.58729
-2.21952
0
-3.12981
-1.25696
-2.91232
0.263579
-1.47008
-4.48907
-1.95494
-1.79747
-2.52059
-1.1586
-2.37028
-0.616915
-2.15268
-0.444901
-1.76975
-2.50743
-2.62265
-0.990666
-3.46018
-0.96824
-3.52371
-1.52524
-1.6946
0.137636
-0.298067
-0.710554
-3.12981
0
-3.59715
-1.70926
-0.394947
-1.17277
-0.38489
-4.12328
-1.46198
-1.73593
-2.76448
-0.915894
-2.67753
-2.57061
-2.01533
-2.76133
-1.06364
-2.52802
-2.71508
-0.779403
-2.75385
-3.16322
-3.27966
-1.55998
-1.79788
-2.70865
-1.8282
-1.25696
-3.59715
0
-2.26344
-4.24419
-3.41007
-2.30586
-1.90278
-2.44438
-0.545511
-1.18161
-1.33799
-3.05639
-2.1132
-1.39634
-1.97929
-0.420997
-3.29439
-2.25216
-2.04946
-1.59696
-1.99003
-2.39557
-1.56079
-1.73517
-2.34651
-2.0815
-2.91232
-1.70926
-2.26344
0
-0.385363
-1.75736
-1.27063
-1.23646
-3.26394
-1.61478
-1.15213
-1.24044
-2.38737
-1.34862
-2.53812
-0.94153
-1.25628
-1.13409
-2.61792
-1.45423
-1.77305
-2.15547
-1.15202
-1.42742
-2.44559
-1.7354
-2.23791
0.263579
-0.394947
-4.24419
-0.385363
0
-1.37056
-1.74216
-2.09726
-2.06517
-2.80747
0.00862369
-1.58985
-0.731485
-3.11309
-0.482177
-0.907578
-0.361914
-2.97009
-2.31797
-1.51745
-0.663308
-1.47599
-2.19201
-1.68497
-1.44818
-2.25245
-2.18574
-1.47008
-1.17277
-3.41007
-1.75736
-1.37056
0
-2.8228
-2.62198
-0.262096
-2.15831
-3.10409
-3.3866
-3.82
-1.56486
-1.77284
-0.970457
-1.69112
-2.08624
-2.75508
-2.49017
-1.89852
-2.50777
-2.38653
-0.995367
-1.86638
-1.5214
-0.933113
-4.48907
-0.38489
-2.30586
-1.27063
-1.74216
-2.8228
0
-2.37652
-1.72465
-2.40534
-2.5509
-0.990327
-2.34092
-2.05554
-2.50001
-0.782863
-1.95065
-0.83229
-2.09169
-2.71875
-1.99497
-1.09455
-2.35385
-2.87789
-2.82041
-0.41948
-1.08648
-1.95494
-4.12328
-1.90278
-1.23646
-2.09726
-2.62198
-2.37652
0
-1.75633
-1.82069
-1.28514
-2.31949
-1.49685
-1.48759
-0.7811
-2.09983
-3.53937
-2.13795
-2.04127
-1.96928
-2.51504
-0.720504
-0.927244
-2.60985
-2.18485
-3.60504
-2.66138
-1.79747
-1.46198
-2.44438
-3.26394
-2.06517
-0.262096
-1.72465
-1.75633
0
-2.49586
-3.4097
-2.00503
-2.12361
-1.30509
-2.31147
-2.86561
-2.72097
-2.17949
-1.63807
-1.3942
-1.83887
-2.41755
-1.83274
-1.7396
-0.345696
-1.78474
-0.212877
-2.52059
-1.73593
-0.545511
-1.61478
-2.80747
-2.15831
-2.40534
-1.82069
-2.49586
0
-0.821081
-1.52342
-2.66368
-1.84225
-2.60279
-3.14687
-1.35499
-2.60762
-0.834933
-0.700595
-1.59853
-2.16134
-1.6564
-1.82403
-0.100557
-2.67992
-2.22477
-1.1586
-2.76448
-1.18161
-1.15213
0.00862369
-3.10409
-2.5509
-1.28514
-3.4097
-0.821081
0
-1.41644
-1.49028
-0.398531
-4.29633
-1.2874
-2.29
-3.34999
-3.91836
-2.40703
-0.0415009
-3.15818
-4.01525
-3.01231
-1.60546
0.0340079
-1.37866
-2.37028
-0.915894
-1.33799
-1.24044
-1.58985
-3.3866
-0.990327
-2.31949
-2.00503
-1.52342
-1.41644
0
-2.17603
-1.37572
-0.949503
-2.27578
-2.62837
-1.64375
-1.87101
-2.53693
-2.0629
-1.90653
-2.00412
-1.98153
-0.960407
-3.01606
-1.23402
-0.616915
-2.67753
-3.05639
-2.38737
-0.731485
-3.82
-2.34092
-1.49685
-2.12361
-2.66368
-1.49028
-2.17603
0
-0.635158
-0.917577
-1.74769
-1.94689
-2.32814
-1.30023
-2.72816
-2.84944
-1.56918
-2.99857
-1.09195
-1.75005
-2.23804
-1.04425
-2.15268
-2.57061
-2.1132
-1.34862
-3.11309
-1.56486
-2.05554
-1.48759
-1.30509
-1.84225
-0.398531
-1.37572
-0.635158
0
-3.19461
-3.49799
-2.57642
-0.812255
-2.27804
-1.06205
-1.10685
-1.32505
-2.28638
-1.5194
-1.42626
-2.89768
-1.3176
-0.444901
-2.01533
-1.39634
-2.53812
-0.482177
-1.77284
-2.50001
-0.7811
-2.31147
-2.60279
-4.29633
-0.949503
-0.917577
-3.19461
0
-1.05461
-2.22257
-1.01526
-3.50617
-1.05345
-2.37763
-2.40317
-2.45771
-1.02544
-1.56552
-2.96285
-2.32621
-1.76975
-2.76133
-1.97929
-0.94153
-0.907578
-0.970457
-0.782863
-2.09983
-2.86561
-3.14687
-1.2874
-2.27578
-1.74769
-3.49799
-1.05461
0
