0
-1.40718
-2.547
-3.34855
-1.80979
-3.10612
-2.20187
-2.89628
0.975073
-2.37261
-1.87071
-2.5715
-2.45816
-2.0205
-2.67852
-1.29665
-2.72583
-1.81548
-1.82163
-1.27662
-1.44748
-0.135703
-2.70057
-1.11051
-2.39385
-3.56603
-0.765945
-1.40718
0
-2.57796
-1.93971
-2.64023
-2.17626
-1.39223
-0.6002
-2.53982
-1.97378
-1.07986
-1.46246
-1.61646
-2.93159
-1.08796
-2.57727
-2.0969
-0.411901
-1.53921
-3.23072
-0.578997
-2.33037
-3.09766
-2.13956
0.0575089
-1.60105
-1.98637
-2.547
-2.57796
0
-3.55383
-2.52064
-1.83737
-2.87974
-1.5795
-1.07849
-1.64492
-0.911205
-1.05126
-2.09698
-0.537561
-1.4764
-1.75451
-2.63576
-2.0431
-1.86188
-0.775474
-2.58346
-2.21315
-1.93101
-1.80698
0.455787
-2.34262
-2.79896
-3.34855
-1.93971
-3.55383
0
-1.08436
-1.3569
-1.8086
-1.30942
-1.52344
-2.70976
-2.89408
-1.09104
-2.75789
-1.1228
-1.12814
-1.93742
-3.04135
-1.75261
-1.85606
-2.59182
-2.73481
-1.54054
0.924898
-1.99787
-3.15506
-0.608881
-3.08501
-1.80979
-2.64023
-2.52064
-1.08436
0
-1.55345
-3.40492
-1.07254
-1.94427
-3.70926
-3.67069
-0.296541
-0.388103
-1.04284
-3.71533
-1.89224
-0.851852
-4.33539
0.185673
-3.89911
-0.664065
-2.04752
-2.00971
-1.19223
-1.55951
-1.95562
-3.03586
-3.10612
-2.17626
-1.83737
-1.3569
-1.55345
0
-3.81372
-1.7216
-0.655632
-2.76434
-2.60009
-0.415731
-2.28397
-1.87902
-3.80558
-2.31642
-1.27186
-2.65026
-2.69821
-1.42672
-0.944676
-1.92059
-1.49423
-1.31924
-2.68715
-2.24045
-2.65527
-2.20187
-1.39223
-2.87974
-1.8086
-3.40492
-3.81372
0
-2.14597
-1.13153
-1.31828
-1.60148
-3.52549
-1.42069
-1.65695
-0.696936
-1.44782
-2.19606
-1.79738
-2.88292
-5.8095
-1.59731
-1.39747
-1.77456
-0.912661
-1.11873
-1.88618
-0.660296
-2.89628
-0.6002
-1.5795
-1.30942
-1.07254
-1.7216
-2.14597
0
-2.79307
-2.1917
-1.55464
-2.17121
-1.7396
-3.2605
-1.45381
-1.26795
0.0129316
-2.68214
-2.85679
-1.60646
-2.81883
-2.22954
-0.954326
-1.41611
-2.18258
-2.08582
-2.77498
0.975073
-2.53982
-1.07849
-1.52344
-1.94427
-0.655632
-1.13153
-2.79307
0
-0.747647
-1.73234
-1.87667
-2.51224
-2.58973
-2.27069
-3.27477
-2.86201
-3.74916
-0.385661
-2.96263
-1.83424
0.115335
-0.127884
-2.524
-3.82743
-2.20814
-2.88903
-2.37261
-1.97378
-1.64492
-2.70976
-3.70926
-2.76434
-1.31828
-2.1917
-0.747647
0
-3.04626
-2.06688
-1.6614
-3.40749
-1.03124
-1.8224
-2.5899
-2.89822
-2.21691
-3.06571
-0.0905771
-2.23698
-0.542037
-2.50371
-2.63432
-1.9426
-0.417093
-1.87071
-1.07986
-0.911205
-2.89408
-3.67069
-2.60009
-1.60148
-1.55464
-1.73234
-3.04626
0
-2.74198
-0.69978
-1.19286
-0.851677
-2.60467
-2.3021
-2.511
-0.753083
0.0307041
-3.08218
-1.46574
-2.37904
-1.68137
-2.34623
-1.47199
-2.0775
-2.5715
-1.46246
-1.05126
-1.09104
-0.296541
-0.415731
-3.52549
-2.17121
-1.87667
-2.06688
-2.74198
0
-0.580381
-1.37165
-0.216973
-2.60484
-2.85122
-0.887266
-1.43211
-1.67393
-0.542068
-3.14118
-1.23857
-1.14825
-1.61271
-1.85941
-1.16256
-2.45816
-1.61646
-2.09698
-2.75789
-0.388103
-2.28397
-1.42069
-1.7396
-2.51224
-1.6614
-0.69978
-0.580381
0
-0.342159
-1.71799
-2.7638
-3.4545
-2.88853
-1.67519
-3.17892
-1.61914
-2.98125
-1.74932
-3.05661
-2.14687
-0.815706
-2.44678
-2.0205
-2.93159
-0.537561
-1.1228
-1.04284
-1.87902
-1.65695
-3.2605
-2.58973
-3.40749
-1.19286
-1.37165
-0.342159
0
-1.86574
-4.51402
-1.86197
-1.93166
-2.49113
-1.5072
-2.18469
-1.62502
-1.76697
-3.25851
-1.51648
-1.0448
-2.20311
-2.67852
-1.08796
-1.4764
-1.12814
-3.71533
-3.80558
-0.696936
-1.45381
-2.27069
-1.03124
-0.851677
-0.216973
-1.71799
-1.86574
0
-1.83849
-1.91737
-3.51914
-3.95452
-2.10479
-0.796196
0.00192705
-2.54097
-4.61418
-1.35682
-2.99515
-1.68938
-1.29665
-2.57727
-1.75451
-1.93742
-1.89224
-2.31642
-1.44782
-1.26795
-3.27477
-1.8224
-2.60467
-2.60484
-2.7638
-4.51402
-1.83849
0
-2.18598
-1.45152
-1.67542
-1.76797
-2.45303
-2.31503
-0.473107
-2.10578
-2.18234
-2.39315
-1.28601
-2.72583
-2.0969
-2.63576
-3.04135
-0.851852
-1.27186
-2.19606
0.0129316
-2.86201
-2.5899
-2.3021
-2.85122
-3.4545
-1.86197
-1.91737
-2.18598
0
-2.74232
0.391218
-2.23083
-2.57284
-0.958377
-1.38538
-1.53538
-1.40546
-1.9894
-1.93243
-1.81548
-0.411901
-2.0431
-1.75261
-4.33539
-2.65026
-1.79738
-2.68214
-3.74916
-2.89822
-2.511
-0.887266
-2.88853
-1.93166
-3.51914
-1.45152
-2.74232
0
-0.677031
-2.39662
-1.43474
-1.26835
-2.58728
-1.76671
-1.38679
-0.395084
-2.39865
-1.82163
-1.53921
-1.86188
-1.85606
0.185673
-2.69821
-2.88292
-2.85679
-0.385661
-2.21691
-0.753083
-1.43211
-1.67519
-2.49113
-3.95452
-1.67542
0.391218
-0.677031
0
-2.18901
-3.25551
-2.7185
-2.72692
-2.11943
-1.93903
-2.11475
-3.42821
-1.27662
-3.23072
-0.775474
-2.59182
-3.89911
-1.42672
-5.8095
-1.60646
-2.96263
-3.06571
0.0307041
-1.67393
-3.17892
-1.5072
-2.10479
-1.76797
-2.23083
-2.39662
-2.18901
0
-0.482545
-2.21996
-1.77392
-0.709673
-2.32722
-3.29612
-1.47703
-1.44748
-0.578997
-2.58346
-2.73481
-0.664065
-0.944676
-1.59731
-2.81883
-1.83424
-0.0905771
-3.08218
-0.542068
-1.61914
-2.18469
-0.796196
-2.45303
-2.57284
-1.43474
-3.25551
-0.482545
0
-2.59448
-0.991196
-1.8216
-1.98994
-1.13377
-1.28753
-0.135703
-2.33037
-2.21315
-1.54054
-2.04752
-1.92059
-1.39747
-2.22954
0.115335
-2.23698
-1.46574
-3.14118
-2.98125
-1.62502
0.00192705
-2.31503
-0.958377
-1.26835
-2.7185
-2.21996
-2.59448
0
-2.3005
-1.9524
-1.5869
-1.76253
-4.43469
-2.70057
-3.09766
-1.93101
0.924898
-2.00971
-1.49423
-1.77456
-0.954326
-0.127884
-0.542037
-2.37904
-1.23857
-1.74932
-1.76697
-2.54097
-0.473107
-1.38538
-2.58728
-2.72692
-1.77392
-0.991196
-2.3005
0
-2.2849
-2.7047
-0.165947
0.636023
-1.11051
-2.13956
-1.80698
-1.99787
-1.19223
-1.31924
-0.912661
-1.41611
-2.524
-2.50371
-1.68137
-1.14825
-3.05661
-3.25851
-4.61418
-2.10578
-1.53538
-1.76671
-2.11943
-0.709673
-1.8216
-1.9524
-2.2849
0
-2.48551
-2.09298
-1.19514
-2.39385
0.0575089
0.455787
-3.15506
-1.55951
-2.68715
-1.11873
-2.18258
-3.82743
-2.63432
-2.34623
-1.61271
-2.14687
-1.51648
-1.35682
-2.18234
-1.40546
-1.38679
-1.93903
-2.32722
-1.98994
-1.5869
-2.7047
-2.48551
0
-0.386218
-3.4153
-3.56603
-1.60105
-2.34262
-0.608881
-1.95562
-2.24045
-1.88618
-2.08582
-2.20814
-1.9426
-1.47199
-1.85941
-0.815706
-1.0448
-2.99515
-2.39315
-1.9894
-0.395084
-2.11475
-3.29612
-1.13377
-1.76253
-0.165947
-2.09298
-0.386218
0
-1.77963
-0.765945
-1.98637
-2.79896
-3.08501
-3.03586
-2.65527
-0.660296
-2.77498
-2.88903
-0.417093
-2.0775
-1.16256
-2.44678
-2.20311
-1.68938
-1.28601
-1.93243
-2.39865
-3.42821
-1.47703
-1.28753
-4.43469
0.636023
-1.19514
-3.4153
-1.77963
0
