0
-3.71851
-0.447235
-1.31655
-1.33755
-2.54572
-0.203046
-1.19532
-1.77166
-2.51871
-2.17817
-2.66139
-3.21279
-1.99298
-1.15856
-1.53773
-2.82799
-1.90786
-1.34215
-2.79198
-0.468543
-2.34329
-2.22588
-2.65448
-3.98168
-2.41361
-2.27124
-3.71851
0
-1.79927
-2.33649
-1.39591
-1.44422
-3.48903
-4.07699
-2.96437
-1.97762
-2.3207
-1.51587
-0.819
-3.5036
-2.7233
-1.96472
-3.00919
-2.2085
-0.127677
-3.23169
-1.25673
-1.66878
-2.32033
-0.748398
-0.959815
-2.51167
-2.77719
-0.447235
-1.79927
0
-1.35089
-1.2284
-1.65875
-2.63941
-1.97489
-2.5511
-2.12869
-1.96023
-1.6131
-2.57465
-0.543007
-2.93595
-3.07045
-2.17619
-2.81313
-3.94855
-2.72428
-0.55922
-1.27323
-2.76482
-2.02239
-2.30528
-1.20695
-3.43489
-1.31655
-2.33649
-1.35089
0
-1.80277
-2.99096
-1.48485
-2.3454
-2.95196
-1.80711
-2.86705
-0.305514
-0.671431
-1.31691
-3.05424
-2.14869
-0.588873
-2.35792
-3.02139
-3.09873
-5.02631
-1.92324
-1.0761
-2.60927
-0.474691
-1.61068
-3.33962
-1.33755
-1.39591
-1.2284
-1.80277
0
-3.60787
-1.88316
-1.54798
-2.40903
-2.40395
-1.23082
-1.36371
-1.41941
-2.47304
-3.34135
-0.0225167
-1.77171
-2.81744
-1.81403
-0.26181
-0.980356
-2.87879
-2.01284
-3.29827
-0.227645
-0.214025
-3.50755
-2.54572
-1.44422
-1.65875
-2.99096
-3.60787
0
-1.05636
-1.84735
-2.17826
-3.09445
-1.2122
-3.06212
-1.15323
-0.159888
-4.15643
-0.88075
-1.84124
0.361692
-2.24301
-1.82227
-2.45347
-2.12332
-1.87715
-1.959
-2.12516
-0.367887
-1.93442
-0.203046
-3.48903
-2.63941
-1.48485
-1.88316
-1.05636
0
-0.592779
-1.7983
-4.71395
-0.74229
-0.431408
-2.71238
-4.28086
-2.48832
-1.04207
-1.61264
-1.9745
-3.08518
-2.59435
-1.87722
-2.6249
-1.20865
-3.08659
-4.30379
-0.833764
-2.64791
-1.19532
-4.07699
-1.97489
-2.3454
-1.54798
-1.84735
-0.592779
0
-3.3899
-0.89506
-3.56594
-1.26668
-2.1248
-1.99281
-2.6785
-1.87674
-0.507752
-0.823779
-2.65747
-3.587
-1.6137
-2.0361
-3.17112
-3.20751
-1.4552
-1.54888
-1.0665
-1.77166
-2.96437
-2.5511
-2.95196
-2.40903
-2.17826
-1.7983
-3.3899
0
0.163251
-0.612846
-1.16632
-2.81623
-1.63247
-0.399301
-2.82478
-3.00182
-1.1051
-3.19068
-2.38173
-2.0615
-2.60604
0.0973616
-1.43193
-1.0362
-2.04253
-1.69609
-2.51871
-1.97762
-2.12869
-1.80711
-2.40395
-3.09445
-4.71395
-0.89506
0.163251
0
-1.7516
-2.82859
-1.76901
-1.53381
-1.52198
-3.07401
-3.78433
-1.26247
-3.16192
-4.44707
-1.16754
-1.87992
-1.76783
-1.44472
-2.58991
-2.68474
-2.42639
-2.17817
-2.3207
-1.96023
-2.86705
-1.23082
-1.2122
-0.74229
-3.56594
-0.612846
-1.7516
0
-1.05006
-1.93277
-1.93754
-3.50418
-2.48539
-1.4795
-2.333
-2.76836
0.0676436
-2.26104
-1.75606
-2.36401
-2.39795
-1.38667
-3.30646
-1.11411
-2.66139
-1.51587
-1.6131
-0.305514
-1.36371
-3.06212
-0.431408
-1.26668
-1.16632
-2.82859
-1.05006
0
-0.797374
-1.30983
-0.603527
-1.40408
-2.3339
-1.27356
-0.982914
-1.11566
-2.53568
-1.53883
-3.15652
-2.7629
-3.2604
-1.29594
-2.32134
-3.21279
-0.819
-2.57465
-0.671431
-1.41941
-1.15323
-2.71238
-2.1248
-2.81623
-1.76901
-1.93277
-0.797374
0
-2.50299
-2.04393
-3.14749
-2.33273
-1.68267
-0.623345
-3.13144
-0.0472608
-1.03151
-1.1956
-2.20265
-2.426
-2.53386
-1.9513
-1.99298
-3.5036
-0.543007
-1.31691
-2.47304
-0.159888
-4.28086
-1.99281
-1.63247
-1.53381
-1.93754
-1.30983
-2.50299
0
-2.9217
-2.45653
-0.40819
-1.22589
-3.56833
-2.84372
-1.37539
-1.2048
-1.04924
-2.58177
-1.89173
-1.49863
-2.10572
-1.15856
-2.7233
-2.93595
-3.05424
-3.34135
-4.15643
-2.48832
-2.6785
-0.399301
-1.52198
-3.50418
-0.603527
-2.04393
-2.9217
0
-3.19182
-0.546833
-2.77638
-2.31802
-2.49589
-2.4097
-1.53501
-2.47522
-1.87372
-3.87817
-0.610729
-1.81591
-1.53773
-1.96472
-3.07045
-2.14869
-0.0225167
-0.88075
-1.04207
-1.87674
-2.82478
-3.07401
-2.48539
-1.40408
-3.14749
-2.45653
-3.19182
0
-0.945131
-0.926312
-3.36048
-2.21563
-2.26226
-1.57564
-3.767
-2.75997
-0.247307
-1.57022
-2.13877
-2.82799
-3.00919
-2.17619
-0.588873
-1.77171
-1.84124
-1.61264
-0.507752
-3.00182
-3.78433
-1.4795
-2.3339
-2.33273
-0.40819
-0.546833
-0.945131
0
-1.66577
-2.61723
-1.97573
-2.0884
-2.81153
-2.07304
-2.29407
-2.9459
-1.76267
-1.27628
-1.90786
-2.2085
-2.81313
-2.35792
-2.81744
0.361692
-1.9745
-0.823779
-1.1051
-1.26247
-2.333
-1.27356
-1.68267
-1.22589
-2.77638
-0.926312
-1.66577
0
-0.849801
0.0774242
-3.028
-2.99779
-0.930722
-4.98918
-0.405881
-2.28815
-2.60747
-1.34215
-0.127677
-3.94855
-3.02139
-1.81403
-2.24301
-3.08518
-2.65747
-3.19068
-3.16192
-2.76836
-0.982914
-0.623345
-3.56833
-2.31802
-3.36048
-2.61723
-0.849801
0
-1.06299
-0.987319
-1.54931
-4.06732
-1.2045
-1.0014
-0.513595
-1.39607
-2.79198
-3.23169
-2.72428
-3.09873
-0.26181
-1.82227
-2.59435
-3.587
-2.38173
-4.44707
0.0676436
-1.11566
-3.13144
-2.84372
-2.49589
-2.21563
-1.97573
0.0774242
-1.06299
0
-2.45655
-1.54118
-2.55283
-1.27726
-0.658947
-1.14004
-3.66001
-0.468543
-1.25673
-0.55922
-5.02631
-0.980356
-2.45347
-1.87722
-1.6137
-2.0615
-1.16754
-2.26104
-2.53568
-0.0472608
-1.37539
-2.4097
-2.26226
-2.0884
-3.028
-0.987319
-2.45655
0
-1.10244
-2.74388
-1.19071
-0.142925
-1.41568
-0.846703
-2.34329
-1.66878
-1.27323
-1.92324
-2.87879
-2.12332
-2.6249
-2.0361
-2.60604
-1.87992
-1.75606
-1.53883
-1.03151
-1.2048
-1.53501
-1.57564
-2.81153
-2.99779
-1.54931
-1.54118
-1.10244
0
-1.94994
-1.74001
-1.76435
-1.60397
-3.15787
-2.22588
-2.32033
-2.76482
-1.0761
-2.01284
-1.87715
-1.20865
-3.17112
0.0973616
-1.76783
-2.36401
-3.15652
-1.1956
-1.04924
-2.47522
-3.767
-2.07304
-0.930722
-4.06732
-2.55283
-2.74388
-1.94994
0
-2.41951
-1.45132
-2.33605
-0.654088
-2.65448
-0.748398
-2.02239
-2.60927
-3.29827
-1.959
-3.08659
-3.20751
-1.43193
-1.44472
-2.39795
-2.7629
-2.20265
-2.58177
-1.87372
-2.75997
-2.29407
-4.98918
-1.2045
-1.27726
-1.19071
-1.74001
-2.41951
0
-0.413448
-3.07364
-2.33343
-3.98168
-0.959815
-2.30528
-0.474691
-0.227645
-2.12516
-4.30379
-1.4552
-1.0362
-2.58991
-1.38667
-3.2604
-2.426
-1.89173
-3.87817
-0.247307
-2.9459
-0.405881
-1.0014
-0.658947
-0.142925
-1.76435
-1.45132
-0.413448
0
-3.41925
-2.18819
-2.41361
-2.51167
-1.20695
-1.61068
-0.214025
-0.367887
-0.833764
-1.54888
-2.04253
-2.68474
-3.30646
-1.29594
-2.53386
-1.49863
-0.610729
-1.57022
-1.76267
-2.28815
-0.513595
-1.14004
-1.41568
-1.60397
-2.33605
-3.07364
-3.41925
0
-2.40118
-2.27124
-2.77719
-3.43489
-3.33962
-3.50755
-1.93442
-2.64791
-1.0665
-1.69609
-2.42639
-1.11411
-2.32134
-1.9513
-2.10572
-1.81591
-2.13877
-1.27628
-2.60747
-1.39607
-3.66001
-0.846703
-3.15787
-0.654088
-2.33343
-2.18819
-2.40118
0
