0
-3.36682
-3.0058
-3.4501
-1.63131
-3.22051
-1.78589
-1.11977
-2.80259
-0.676942
-3.56348
-1.09946
-1.66834
-2.03506
-2.6451
-1.67474
-2.9925
-1.68045
-0.24163
-1.33386
-2.10985
-0.459217
-1.16411
-2.76628
-1.71246
-0.446044
-1.99356
-3.36682
0
-1.53396
-1.66493
-1.23549
-3.32323
-2.36739
-1.93455
-3.43766
-1.58689
-3.02432
-3.14048
-1.49821
-1.04755
-2.17514
-2.58374
-1.20012
-3.04008
-2.06882
-1.59814
-0.954709
-2.76248
-1.03901
-3.29756
-1.54766
-2.81683
-1.86177
-3.0058
-1.53396
0
-3.83388
-1.82916
-3.95459
0.0164675
-1.78897
-3.13956
-2.42977
-1.44981
-1.86011
-0.591816
-1.45425
-2.38207
-1.73585
-2.73518
-3.56448
0.300314
-1.68712
-0.355815
-3.07417
-3.72772
-1.53519
-0.720816
-2.48251
-3.50148
-3.4501
-1.66493
-3.83388
0
-2.12146
-1.18606
-2.04663
0.752281
-2.33219
-1.15323
-1.9102
-0.863751
-0.961299
-3.17773
-3.69728
-2.70372
-2.19087
-1.94197
-3.33026
-3.51096
-3.04216
-3.78458
-0.722925
-1.89262
-1.4881
-0.823708
-1.08381
-1.63131
-1.23549
-1.82916
-2.12146
0
-0.640022
-3.11025
-2.23211
-0.386929
-2.2012
-1.63295
-1.13115
-1.96586
-3.06531
-3.33168
-1.80909
-2.41148
-2.00261
-4.42002
-2.71133
-4.40227
-2.16083
-3.24958
-3.78543
0.780205
-2.96414
-2.68805
-3.22051
-3.32323
-3.95459
-1.18606
-0.640022
0
-0.199633
-1.88676
-0.751232
-2.94291
-1.24923
-3.32439
-1.0282
0.494487
-2.53094
-1.69079
-1.63893
-2.67208
-2.36371
-1.66338
-2.53513
-3.17267
-2.36889
-1.34417
-3.62351
-2.39856
-1.51975
-1.78589
-2.36739
0.0164675
-2.04663
-3.11025
-0.199633
0
-2.58453
-1.57777
-2.96255
-2.80792
-2.67106
-2.75647
-2.44617
-2.31525
-1.75069
-2.53527
-0.653932
-0.628715
-2.19924
-1.31933
-2.02757
-3.06181
-2.55615
-1.35488
-3.11726
-1.43956
-1.11977
-1.93455
-1.78897
0.752281
-2.23211
-1.88676
-2.58453
0
-4.21212
-1.30886
-2.93335
-2.52567
-0.299757
-3.58704
-2.05768
-1.06444
-1.77968
-1.53929
-0.93994
-1.03904
-3.47645
-2.29869
-3.75878
-1.90678
-2.17927
-1.8681
-2.37991
-2.80259
-3.43766
-3.13956
-2.33219
-0.386929
-0.751232
-1.57777
-4.21212
0
-1.40458
-2.30644
-2.66917
-0.838766
-1.48658
-2.2278
-0.781335
-1.22074
-1.62292
-2.09317
-2.37334
0.302294
-2.12576
-1.60837
-0.641015
-1.55792
-1.25108
-3.24065
-0.676942
-1.58689
-2.42977
-1.15323
-2.2012
-2.94291
-2.96255
-1.30886
-1.40458
0
0.136438
-2.22204
-2.7193
-2.01877
-1.91264
-4.8277
-2.04883
-1.56339
-0.646361
-1.26997
-2.06041
-1.74338
-2.19398
-1.29766
-0.449975
-0.236129
-0.609017
-3.56348
-3.02432
-1.44981
-1.9102
-1.63295
-1.24923
-2.80792
-2.93335
-2.30644
0.136438
0
-2.29685
-2.1557
-2.04201
-2.59917
-1.80639
-2.47564
-2.62064
-2.14714
-2.32979
-1.85603
-2.95152
-3.09159
-1.91401
-3.01331
-2.61872
-1.0485
-1.09946
-3.14048
-1.86011
-0.863751
-1.13115
-3.32439
-2.67106
-2.52567
-2.66917
-2.22204
-2.29685
0
-2.30218
-1.4678
-1.82045
-2.09743
-1.99861
-1.68458
-0.666432
-0.755891
-0.747374
-1.65592
-0.944316
-2.72568
-2.72477
-0.592269
-4.06821
-1.66834
-1.49821
-0.591816
-0.961299
-1.96586
-1.0282
-2.75647
-0.299757
-0.838766
-2.7193
-2.1557
-2.30218
0
-0.829334
-1.22887
-2.00749
-2.45646
-4.22332
-0.0767811
-1.0452
-0.897205
-0.0410644
-3.03414
-2.52388
-1.77441
-1.39409
-0.157764
-2.03506
-1.04755
-1.45425
-3.17773
-3.06531
0.494487
-2.44617
-3.58704
-1.48658
-2.01877
-2.04201
-1.4678
-0.829334
0
-1.55199
-1.36519
-2.76446
-4.36124
-3.17263
-0.201315
-0.860643
-3.70658
-1.72424
-3.70347
-3.7694
-1.44525
-4.18843
-2.6451
-2.17514
-2.38207
-3.69728
-3.33168
-2.53094
-2.31525
-2.05768
-2.2278
-1.91264
-2.59917
-1.82045
-1.22887
-1.55199
0
-1.09083
-2.38553
-1.9111
-1.28217
-3.4722
-0.676912
-2.86738
-1.47601
-1.06822
0.473251
-1.08553
-1.3169
-1.67474
-2.58374
-1.73585
-2.70372
-1.80909
-1.69079
-1.75069
-1.06444
-0.781335
-4.8277
-1.80639
-2.09743
-2.00749
-1.36519
-1.09083
0
-3.67912
-2.29895
-1.935
-2.64597
-1.38814
-2.20759
-2.81291
-2.10093
-3.23298
-1.12676
-2.02314
-2.9925
-1.20012
-2.73518
-2.19087
-2.41148
-1.63893
-2.53527
-1.77968
-1.22074
-2.04883
-2.47564
-1.99861
-2.45646
-2.76446
-2.38553
-3.67912
0
-3.33824
-1.25309
-3.74418
-1.4399
-2.62597
-3.75951
-1.09686
-2.34408
-4.16915
-3.38868
-1.68045
-3.04008
-3.56448
-1.94197
-2.00261
-2.67208
-0.653932
-1.53929
-1.62292
-1.56339
-2.62064
-1.68458
-4.22332
-4.36124
-1.9111
-2.29895
-3.33824
0
-1.81317
-3.209
-3.0907
-2.70439
-3.47562
-0.98498
-1.48782
-1.75239
-2.11837
-0.24163
-2.06882
0.300314
-3.33026
-4.42002
-2.36371
-0.628715
-0.93994
-2.09317
-0.646361
-2.14714
-0.666432
-0.0767811
-3.17263
-1.28217
-1.935
-1.25309
-1.81317
0
-1.23303
-2.83092
-0.957448
-1.30634
-0.107219
-0.0750128
-1.30598
-2.50898
-1.33386
-1.59814
-1.68712
-3.51096
-2.71133
-1.66338
-2.19924
-1.03904
-2.37334
-1.26997
-2.32979
-0.755891
-1.0452
-0.201315
-3.4722
-2.64597
-3.74418
-3.209
-1.23303
0
-0.327436
-0.135344
-1.99133
-2.07358
-1.75586
-1.8107
-1.1474
-2.10985
-0.954709
-0.355815
-3.04216
-4.40227
-2.53513
-1.31933
-3.47645
0.302294
-2.06041
-1.85603
-0.747374
-0.897205
-0.860643
-0.676912
-1.38814
-1.4399
-3.0907
-2.83092
-0.327436
0
-1.43524
-0.675977
-1.73254
-0.720797
-0.903237
-2.74659
-0.459217
-2.76248
-3.07417
-3.78458
-2.16083
-3.17267
-2.02757
-2.29869
-2.12576
-1.74338
-2.95152
-1.65592
-0.0410644
-3.70658
-2.86738
-2.20759
-2.62597
-2.70439
-0.957448
-0.135344
-1.43524
0
-0.204847
-2.25577
-1.67206
-2.09594
-1.99145
-1.16411
-1.03901
-3.72772
-0.722925
-3.24958
-2.36889
-3.06181
-3.75878
-1.60837
-2.19398
-3.09159
-0.944316
-3.03414
-1.72424
-1.47601
-2.81291
-3.75951
-3.47562
-1.30634
-1.99133
-0.675977
-0.204847
0
-2.13256
-1.63994
-1.737
-2.57193
-2.76628
-3.29756
-1.53519
-1.89262
-3.78543
-1.34417
-2.55615
-1.90678
-0.641015
-1.29766
-1.91401
-2.72568
-2.52388
-3.70347
-1.06822
-2.10093
-1.09686
-0.98498
-0.107219
-2.07358
-1.73254
-2.25577
-2.13256
0
-2.42725
-1.69625
-0.571999
-1.71246
-1.54766
-0.720816
-1.4881
0.780205
-3.62351
-1.35488
-2.17927
-1.55792
-0.449975
-3.01331
-2.72477
-1.77441
-3.7694
0.473251
-3.23298
-2.34408
-1.48782
-0.0750128
-1.75586
-0.720797
-1.67206
-1.63994
-2.42725
0
-1.67705
-2.07764
-0.446044
-2.81683
-2.48251
-0.823708
-2.96414
-2.39856
-3.11726
-1.8681
-1.25108
-0.236129
-2.61872
-0.592269
-1.39409
-1.44525
-1.08553
-1.12676
-4.16915
-1.75239
-1.30598
-1.8107
-0.903237
-2.09594
-1.737
-1.69625
-1.67705
0
-1.70385
-1.99356
-1.86177
-3.50148
-1.08381
-2.68805
-1.51975
-1.43956
-2.37991
-3.24065
-0.609017
-1.0485
-4.06821
-0.157764
-4.18843
-1.3169
-2.02314
-3.38868
-2.11837
-2.50898
-1.1474
-2.74659
-1.99145
-2.57193
-0.571999
-2.07764
-1.70385
0
