0
-0.992205
-2.65701
-1.36165
-1.87952
-0.973993
-2.55622
-0.519304
-1.27043
-1.58311
-2.14069
-2.20555
-2.06158
-1.39685
-2.559
-4.74855
-2.15573
-0.987113
-3.61743
-1.23576
-0.348692
-2.2459
-1.90957
-1.8964
-2.4601
-1.88815
-2.93309
-0.992205
0
-1.85877
-1.96211
-2.61752
-1.73832
-3.04018
-2.05088
-3.55897
-0.440647
0.372405
-1.06891
-0.85936
-1.40588
-1.07727
-1.75028
-2.14452
-2.4549
-2.29288
-2.56344
-2.95757
-1.81572
-1.6295
-1.59619
-1.24686
-1.54135
-0.673396
-2.65701
-1.85877
0
-3.31046
-1.76808
-0.956791
0.26108
-3.07191
-2.31122
-2.54771
-3.35642
-0.174751
-1.17805
-3.60239
-2.25615
-2.22081
-3.0146
-0.954896
-2.34317
-2.34215
-0.740116
-1.93388
-0.947889
-3.65294
-1.10441
-2.71212
-2.04657
-1.36165
-1.96211
-3.31046
0
-4.44781
-2.381
-3.0954
-1.21913
-1.1612
-2.64527
-3.01219
-0.277991
-1.19436
-2.65648
0.140217
-0.11903
-1.30956
-1.06501
-2.05689
-1.93623
-2.50029
-1.35905
-1.82414
-3.22972
-0.417628
-1.74555
-2.61306
-1.87952
-2.61752
-1.76808
-4.44781
0
-3.26594
-1.66496
-1.66823
-2.7019
-3.1241
-2.38811
-1.7015
-1.46101
-1.34142
-1.46501
-2.44022
-1.20752
-3.86718
-2.20486
-1.84814
-1.20991
-2.95196
-3.45151
-2.70387
-0.899993
-1.85556
-3.41904
-0.973993
-1.73832
-0.956791
-2.381
-3.26594
0
-0.431661
-0.316685
-1.60826
-2.52175
-2.27769
-4.0418
-2.31001
-1.85345
-0.840345
-1.85204
-1.35683
-1.19913
-0.488976
-0.836753
-0.892203
-1.53986
-3.38001
-0.761956
-1.55619
-3.85705
-2.34419
-2.55622
-3.04018
0.26108
-3.0954
-1.66496
-0.431661
0
-2.07124
-2.63114
-3.94204
-2.47855
-2.71397
-2.99438
-2.10035
0.162678
-3.45465
-2.02987
-2.20757
-2.33411
-2.53394
-2.75768
-0.436852
-2.11528
-3.89198
-1.74773
-2.36467
-2.60182
-0.519304
-2.05088
-3.07191
-1.21913
-1.66823
-0.316685
-2.07124
0
-2.47292
-1.54271
-1.39727
-1.21381
-1.27189
-1.61247
-2.72569
-2.01881
-1.16658
-2.43126
-2.71419
-0.587613
-1.02746
-0.714593
-0.363792
0.404254
-1.6887
0.0113246
-2.54935
-1.27043
-3.55897
-2.31122
-1.1612
-2.7019
-1.60826
-2.63114
-2.47292
0
-1.9308
-3.9455
-3.01934
-1.56871
-1.76153
-1.13026
-4.09455
-2.93654
-1.40626
-1.58665
-1.81732
-3.85219
-0.356441
-0.154654
-0.357586
-2.94493
-2.14381
-2.89819
-1.58311
-0.440647
-2.54771
-2.64527
-3.1241
-2.52175
-3.94204
-1.54271
-1.9308
0
-3.05022
-0.815076
-2.7306
-1.18362
-2.48193
-1.83622
-1.03093
-0.869142
-4.37358
0.208074
-0.7596
-2.3211
-1.52311
-2.35429
-4.32228
-2.37287
-1.3934
-2.14069
0.372405
-3.35642
-3.01219
-2.38811
-2.27769
-2.47855
-1.39727
-3.9455
-3.05022
0
-0.668236
-2.64258
-1.74034
-1.76363
-1.90201
-2.47896
-1.94439
-1.54964
0.523193
-0.120054
-3.32076
-3.20331
-1.68269
-1.77609
-2.71857
-4.25152
-2.20555
-1.06891
-0.174751
-0.277991
-1.7015
-4.0418
-2.71397
-1.21381
-3.01934
-0.815076
-0.668236
0
-0.988765
-1.52206
-3.51145
0.154311
-3.21513
-1.58018
-2.40599
-2.63142
-2.24597
-1.39122
-2.75162
-3.39629
-2.21678
-1.35574
-2.85073
-2.06158
-0.85936
-1.17805
-1.19436
-1.46101
-2.31001
-2.99438
-1.27189
-1.56871
-2.7306
-2.64258
-0.988765
0
-1.61378
-3.1714
-1.33359
-2.62841
-1.98144
-4.30077
-1.13893
-4.4175
-2.94851
-1.32739
-3.16468
-0.947872
-1.33303
-3.13853
-1.39685
-1.40588
-3.60239
-2.65648
-1.34142
-1.85345
-2.10035
-1.61247
-1.76153
-1.18362
-1.74034
-1.52206
-1.61378
0
-2.75088
-2.51945
-2.39815
-1.9657
-1.22223
-3.65293
-3.37678
-1.32123
-2.18243
-1.25344
-2.04045
-2.46956
-3.76931
-2.559
-1.07727
-2.25615
0.140217
-1.46501
-0.840345
0.162678
-2.72569
-1.13026
-2.48193
-1.76363
-3.51145
-3.1714
-2.75088
0
-2.42501
-2.5434
-2.63417
-0.257461
-2.7469
-1.90128
-2.62186
-1.54168
-1.4278
-1.18622
-2.86023
-2.68887
-4.74855
-1.75028
-2.22081
-0.11903
-2.44022
-1.85204
-3.45465
-2.01881
-4.09455
-1.83622
-1.90201
0.154311
-1.33359
-2.51945
-2.42501
0
-3.39619
-1.33357
-3.3474
-2.35905
-1.99698
-1.11169
-0.94115
-2.31667
-2.66542
-2.85125
-2.03954
-2.15573
-2.14452
-3.0146
-1.30956
-1.20752
-1.35683
-2.02987
-1.16658
-2.93654
-1.03093
-2.47896
-3.21513
-2.62841
-2.39815
-2.5434
-3.39619
0
-0.802194
-2.23395
-3.04931
-1.35209
-2.52373
-2.3301
-1.26626
-1.75428
-1.21433
-1.96101
-0.987113
-2.4549
-0.954896
-1.06501
-3.86718
-1.19913
-2.20757
-2.43126
-1.40626
-0.869142
-1.94439
-1.58018
-1.98144
-1.9657
-2.63417
-1.33357
-0.802194
0
-0.319643
-2.69066
-2.81116
-1.87749
-0.854081
-1.6454
-2.8591
-2.28903
-1.50001
-3.61743
-2.29288
-2.34317
-2.05689
-2.20486
-0.488976
-2.33411
-2.71419
-1.58665
-4.37358
-1.54964
-2.40599
-4.30077
-1.22223
-0.257461
-3.3474
-2.23395
-0.319643
0
-2.63965
-0.555564
-2.12853
-1.03785
-0.746321
-3.24677
-0.669971
-0.162229
-1.23576
-2.56344
-2.34215
-1.93623
-1.84814
-0.836753
-2.53394
-0.587613
-1.81732
0.208074
0.523193
-2.63142
-1.13893
-3.65293
-2.7469
-2.35905
-3.04931
-2.69066
-2.63965
0
-0.607098
-3.79634
-2.68246
-1.77365
-4.20265
-4.05199
-2.78768
-0.348692
-2.95757
-0.740116
-2.50029
-1.20991
-0.892203
-2.75768
-1.02746
-3.85219
-0.7596
-0.120054
-2.24597
-4.4175
-3.37678
-1.90128
-1.99698
-1.35209
-2.81116
-0.555564
-0.607098
0
-1.35177
-0.504625
-2.09864
-3.05638
-0.829832
-1.0038
-2.2459
-1.81572
-1.93388
-1.35905
-2.95196
-1.53986
-0.436852
-0.714593
-0.356441
-2.3211
-3.32076
-1.39122
-2.94851
-1.32123
-2.62186
-1.11169
-2.52373
-1.87749
-2.12853
-3.79634
-1.35177
0
-3.36104
-2.47271
-2.15383
-2.48977
-2.92913
-1.90957
-1.6295
-0.947889
-1.82414
-3.45151
-3.38001
-2.11528
-0.363792
-0.154654
-1.52311
-3.20331
-2.75162
-1.32739
-2.18243
-1.54168
-0.94115
-2.3301
-0.854081
-1.03785
-2.68246
-0.504625
-3.36104
0
-2.8007
-3.75829
-2.37891
-2.94623
-1.8964
-1.59619
-3.65294
-3.22972
-2.70387
-0.761956
-3.89198
0.404254
-0.357586
-2.35429
-1.68269
-3.39629
-3.16468
-1.25344
-1.4278
-2.31667
-1.26626
-1.6454
-0.746321
-1.77365
-2.09864
-2.47271
-2.8007
0
-1.71471
-0.29042
-3.01451
-2.4601
-1.24686
-1.10441
-0.417628
-0.899993
-1.55619
-1.74773
-1.6887
-2.94493
-4.32228
-1.77609
-2.21678
-0.947872
-2.04045
-1.18622
-2.66542
-1.75428
-2.8591
-3.24677
-4.20265
-3.05638
-2.15383
-3.75829
-1.71471
0
-2.31992
-2.98518
-1.88815
-1.54135
-2.71212
-1.74555
-1.85556
-3.85705
-2.36467
0.0113246
-2.14381
-2.37287
-2.71857
-1.35574
-1.33303
-2.46956
-2.86023
-2.85125
-1.21433
-2.28903
-0.669971
-4.05199
-0.829832
-2.48977
-2.37891
-0.29042
-2.31992
0
-2.27547
-2.93309
-0.673396
-2.04657
-2.61306
-3.41904
-2.34419
-2.60182
-2.54935
-2.89819
-1.3934
-4.25152
-2.85073
-3.13853
-3.76931
-2.68887
-2.03954
-1.96101
-1.50001
-0.162229
-2.78768
-1.0038
-2.92913
-2.94623
-3.01451
-2.98518
-2.27547
0
