0
-3.62763
-1.87851
-2.16566
-2.25244
-3.86624
-1.87685
-3.61546
-2.16171
-2.68957
-3.73071
-1.99098
-2.99828
0.300673
-2.02053
-2.97187
-3.06451
-2.92633
-3.04768
-1.18225
-2.31737
-1.81228
-1.70726
-2.08205
-2.60064
-1.73723
-0.433318
-3.62763
0
-1.61014
-3.71178
-1.18544
-2.4764
-2.49383
-3.28369
-2.007
-2.4824
-2.57249
-1.87922
-1.68305
-1.18609
-1.54669
-4.49576
-2.99819
-1.5513
-2.68526
-2.86424
-3.06122
-1.9344
-1.41142
-1.69461
-2.29835
-2.67443
0.346648
-1.87851
-1.61014
0
-2.42403
-1.39645
-2.80847
-1.23278
-2.14292
-2.36427
-2.33633
-0.269547
-2.67743
-1.40911
-1.36523
-1.82555
-2.46122
-0.730399
-1.016
-3.58317
-1.34443
-2.36727
-1.88348
-2.21687
-1.13753
-2.49662
-0.722045
-2.58016
-2.16566
-3.71178
-2.42403
0
-2.67643
-2.12015
-1.7496
-3.55801
-1.33847
-1.73838
-1.52074
-0.860084
-0.353709
-2.5018
-0.800645
-2.34172
-4.26891
-2.32816
-2.2419
-1.70059
-0.575334
-0.936105
-2.17622
-1.55982
-2.69889
-1.30164
-1.37593
-2.25244
-1.18544
-1.39645
-2.67643
0
-2.14701
-2.97715
-1.30724
-2.57373
-3.28302
-1.12942
0.530782
-1.91989
-2.8474
-2.6509
-0.956772
-0.205731
-3.29571
-3.37367
-2.76098
-2.04536
-1.64536
-2.35402
-1.16023
-2.16988
-1.64444
-3.21359
-3.86624
-2.4764
-2.80847
-2.12015
-2.14701
0
-1.7633
-1.67141
-1.24551
-2.53363
-1.91824
-1.70127
-3.63957
-1.28309
-3.46132
-1.64988
-2.74067
-1.12274
-1.73956
-1.47252
-3.5634
-1.7093
-2.38254
-1.14572
-1.3647
-0.820177
-1.23935
-1.87685
-2.49383
-1.23278
-1.7496
-2.97715
-1.7633
0
-2.96633
-2.22705
-2.07881
-2.769
-2.05786
-2.54496
-2.54593
-4.21906
-1.38163
-3.41041
-2.91373
-1.492
-1.57128
-1.64679
-1.78843
-1.38482
-1.33461
-2.88445
-2.10544
-5.43849
-3.61546
-3.28369
-2.14292
-3.55801
-1.30724
-1.67141
-2.96633
0
-1.01949
-0.325922
-2.35001
-1.05373
-2.3024
-2.8601
-0.492142
-3.05482
-2.08384
-1.15265
-1.1417
-0.9504
-2.08268
-2.64688
-2.15662
-2.23777
-1.52393
-2.14139
-1.1376
-2.16171
-2.007
-2.36427
-1.33847
-2.57373
-1.24551
-2.22705
-1.01949
0
-0.69169
-3.07587
-2.3594
-2.14254
-1.69672
-2.18625
-3.40666
-3.17852
-2.15257
-3.10585
-0.211953
-2.85483
-1.58259
-0.947055
-1.62774
-2.37808
-0.230948
-2.67305
-2.68957
-2.4824
-2.33633
-1.73838
-3.28302
-2.53363
-2.07881
-0.325922
-0.69169
0
-2.50275
-1.98462
-3.35676
-1.06942
-3.13177
-3.2793
-1.10786
-1.07016
-1.23962
-2.40274
-0.666762
-2.25458
-3.46625
-1.47819
-2.7887
-2.84581
-4.16435
-3.73071
-2.57249
-0.269547
-1.52074
-1.12942
-1.91824
-2.769
-2.35001
-3.07587
-2.50275
0
-2.12692
-3.31238
-1.00652
-0.50399
-1.5465
-2.76505
-2.67103
-4.44795
-1.95793
-3.35014
-0.930731
-1.12819
-2.52782
-0.576592
-1.83731
-2.67787
-1.99098
-1.87922
-2.67743
-0.860084
0.530782
-1.70127
-2.05786
-1.05373
-2.3594
-1.98462
-2.12692
0
-0.812797
-3.95866
0.0833271
-3.92586
-1.99278
-1.81733
-1.42276
-1.62094
-1.46336
-1.88817
-1.22375
-2.14141
-1.67828
-2.72524
-1.54689
-2.99828
-1.68305
-1.40911
-0.353709
-1.91989
-3.63957
-2.54496
-2.3024
-2.14254
-3.35676
-3.31238
-0.812797
0
-1.11483
-3.43329
-1.79578
-1.83813
-1.69939
-2.032
-1.76138
-2.07742
-1.5572
-2.14611
0.0838982
-1.37973
-3.07227
-2.18597
0.300673
-1.18609
-1.36523
-2.5018
-2.8474
-1.28309
-2.54593
-2.8601
-1.69672
-1.06942
-1.00652
-3.95866
-1.11483
0
-2.43821
-1.80268
-2.67285
-2.76676
-0.994733
-2.88357
-2.23863
-1.38034
-1.72829
-0.932291
-1.64333
-1.09527
-1.27358
-2.02053
-1.54669
-1.82555
-0.800645
-2.6509
-3.46132
-4.21906
-0.492142
-2.18625
-3.13177
-0.50399
0.0833271
-3.43329
-2.43821
0
-3.31498
-4.20554
-3.44439
-1.78672
-2.23926
-2.81357
-0.809435
-4.1557
-0.37169
-1.41255
-0.170822
-2.21519
-2.97187
-4.49576
-2.46122
-2.34172
-0.956772
-1.64988
-1.38163
-3.05482
-3.40666
-3.2793
-1.5465
-3.92586
-1.79578
-1.80268
-3.31498
0
-2.82733
-2.42229
-1.37432
-4.0759
-1.93721
-3.27617
-3.78017
-0.0114921
-1.51273
-2.47804
-1.37427
-3.06451
-2.99819
-0.730399
-4.26891
-0.205731
-2.74067
-3.41041
-2.08384
-3.17852
-1.10786
-2.76505
-1.99278
-1.83813
-2.67285
-4.20554
-2.82733
0
-3.15033
-0.974896
-2.97991
-0.50307
-0.980305
-1.34711
-3.65257
-3.16038
-3.9844
-2.7104
-2.92633
-1.5513
-1.016
-2.32816
-3.29571
-1.12274
-2.91373
-1.15265
-2.15257
-1.07016
-2.67103
-1.81733
-1.69939
-2.76676
-3.44439
-2.42229
-3.15033
0
-2.24457
-2.58028
-3.58526
-1.56128
-0.613704
-3.45505
-1.19753
-2.30582
-0.85437
-3.04768
-2.68526
-3.58317
-2.2419
-3.37367
-1.73956
-1.492
-1.1417
-3.10585
-1.23962
-4.44795
-1.42276
-2.032
-0.994733
-1.78672
-1.37432
-0.974896
-2.24457
0
-0.48548
-1.06655
-2.05769
-0.655772
-1.41323
-1.57961
-3.42569
-0.615539
-1.18225
-2.86424
-1.34443
-1.70059
-2.76098
-1.47252
-1.57128
-0.9504
-0.211953
-2.40274
-1.95793
-1.62094
-1.76138
-2.88357
-2.23926
-4.0759
-2.97991
-2.58028
-0.48548
0
-4.48054
-0.96246
-3.05797
-2.74621
-1.51307
-2.5688
-3.38468
-2.31737
-3.06122
-2.36727
-0.575334
-2.04536
-3.5634
-1.64679
-2.08268
-2.85483
-0.666762
-3.35014
-1.46336
-2.07742
-2.23863
-2.81357
-1.93721
-0.50307
-3.58526
-1.06655
-4.48054
0
-2.02568
-2.50727
-3.20839
-2.28293
-1.44611
-1.52729
-1.81228
-1.9344
-1.88348
-0.936105
-1.64536
-1.7093
-1.78843
-2.64688
-1.58259
-2.25458
-0.930731
-1.88817
-1.5572
-1.38034
-0.809435
-3.27617
-0.980305
-1.56128
-2.05769
-0.96246
-2.02568
0
-2.17358
-1.55984
-1.6015
-3.07708
0.0379736
-1.70726
-1.41142
-2.21687
-2.17622
-2.35402
-2.38254
-1.38482
-2.15662
-0.947055
-3.46625
-1.12819
-1.22375
-2.14611
-1.72829
-4.1557
-3.78017
-1.34711
-0.613704
-0.655772
-3.05797
-2.50727
-2.17358
0
-2.59943
-2.39323
-1.94067
-2.77811
-2.08205
-1.69461
-1.13753
-1.55982
-1.16023
-1.14572
-1.33461
-2.23777
-1.62774
-1.47819
-2.52782
-2.14141
0.0838982
-0.932291
-0.37169
-0.0114921
-3.65257
-3.45505
-1.41323
-2.74621
-3.20839
-1.55984
-2.59943
0
-3.05538
-2.30325
-2.2509
-2.60064
-2.29835
-2.49662
-2.69889
-2.16988
-1.3647
-2.88445
-1.52393
-2.37808
-2.7887
-0.576592
-1.67828
-1.37973
-1.64333
-1.41255
-1.51273
-3.16038
-1.19753
-1.57961
-1.51307
-2.28293
-1.6015
-2.39323
-3.05538
0
-1.90375
-2.90752
-1.73723
-2.67443
-0.722045
-1.30164
-1.64444
-0.820177
-2.10544
-2.14139
-0.230948
-2.84581
-1.83731
-2.72524
-3.07227
-1.09527
-0.170822
-2.47804
-3.9844
-2.30582
-3.42569
-2.5688
-1.44611
-3.07708
-1.94067
-2.30325
-1.90375
0
-4.47614
-0.433318
0.346648
-2.58016
-1.37593
-3.21359
-1.23935
-5.43849
-1.1376
-2.67305
-4.16435
-2.67787
-1.54689
-2.18597
-1.27358
-2.21519
-1.37427
-2.7104
-0.85437
-0.615539
-3.38468
-1.52729
0.0379736
-2.77811
-2.2509
-2.90752
-4.47614
0
