0
-1.63217
-3.0826
-2.67247
-2.14458
-1.40588
-1.69578
0.195693
-0.70159
-2.59227
-2.0617
-1.45369
-1.30308
-3.11337
-3.9918
-1.48433
-0.95036
-2.48164
-3.00762
-2.18599
-1.88519
-3.0895
-1.26779
-1.8174
-1.88032
-1.46376
-2.08589
-1.63217
0
-2.66321
-2.79479
-0.792188
-2.10388
-3.0273
-1.1729
-0.951946
-1.18497
-2.3901
-0.811954
-4.84804
-1.92184
-3.92027
-2.37159
-3.02762
-1.66513
-2.17806
-1.99057
-0.27959
-2.00004
-0.401782
-1.38048
-0.366621
-0.293487
-2.66271
-3.0826
-2.66321
0
-1.95823
-1.53555
-0.660507
-1.58616
-1.41746
-3.1236
-2.18713
-3.41933
0.997646
-2.01838
0.835266
-1.42903
-0.214334
-1.68919
0.669038
-2.35334
-2.81998
-3.67348
-2.00611
-1.1605
-1.92336
-2.38457
-3.3805
-2.39005
-2.67247
-2.79479
-1.95823
0
-1.58989
-1.74435
-2.63465
-2.35773
-2.11052
-2.11995
-1.53973
-0.542866
-0.805093
-1.89347
-1.81348
-1.66711
-2.32285
-1.93429
-1.64387
-1.83344
-2.31079
-1.50315
-2.09269
-2.81335
-3.53204
-3.83351
-1.90461
-2.14458
-0.792188
-1.53555
-1.58989
0
-1.3616
-1.95735
-1.66688
-1.9109
-2.16201
-3.22198
-1.74083
-2.5977
-3.04612
-2.3112
-1.18911
-0.876235
-1.77859
-2.02094
-2.82579
-0.826658
-2.16227
-2.2838
-3.4166
-2.18369
-0.979856
-3.76534
-1.40588
-2.10388
-0.660507
-1.74435
-1.3616
0
-1.75346
-2.81247
-3.0184
-2.24039
-0.469404
-3.60723
-2.46483
-2.46451
-1.78747
-4.59244
-1.27011
-2.3959
-3.4783
-1.73171
-1.71251
-2.93769
-2.18986
-1.45079
-3.76787
-1.64028
-2.26964
-1.69578
-3.0273
-1.58616
-2.63465
-1.95735
-1.75346
0
-0.0808143
-0.653439
-2.97136
-1.64422
-2.25812
-3.29572
-1.14788
-1.49057
-3.6573
-3.01198
-0.719858
-3.76598
-1.25872
-2.03983
-0.205857
-1.23763
-1.90925
-0.652265
-0.937451
-1.97685
0.195693
-1.1729
-1.41746
-2.35773
-1.66688
-2.81247
-0.0808143
0
-2.46674
-2.31108
-0.714875
-1.32815
-1.41602
-1.24184
-3.16142
-1.91562
-1.80986
-2.45432
-2.51728
-1.15026
-0.831058
-2.85004
-0.673161
-1.31156
-1.09194
-0.44993
-2.35464
-0.70159
-0.951946
-3.1236
-2.11052
-1.9109
-3.0184
-0.653439
-2.46674
0
-1.58704
-2.62844
0.879539
-3.99805
-2.73214
-3.09104
-3.26407
-1.13602
-1.54442
-1.55121
-2.70845
-1.31374
-2.20692
-3.69899
-1.91757
-2.51252
-1.80976
0.265547
-2.59227
-1.18497
-2.18713
-2.11995
-2.16201
-2.24039
-2.97136
-2.31108
-1.58704
0
-2.33895
-2.66898
-1.30795
-2.29434
0.35524
-2.17422
-0.974717
-3.35183
-2.70186
-1.75969
-0.232728
-2.05793
-1.22264
-3.40093
-2.27395
-1.65335
-2.82524
-2.0617
-2.3901
-3.41933
-1.53973
-3.22198
-0.469404
-1.64422
-0.714875
-2.62844
-2.33895
0
-2.75953
-1.97126
-3.27729
-1.88958
-1.13993
-2.53616
-1.55412
-1.93266
-0.343284
-1.00339
-2.62085
-3.1556
-0.238054
-0.440299
-0.911658
-1.44726
-1.45369
-0.811954
0.997646
-0.542866
-1.74083
-3.60723
-2.25812
-1.32815
0.879539
-2.66898
-2.75953
0
-1.14469
-0.477903
-4.54772
-2.60651
-2.6886
-2.67915
-2.62374
-1.61534
-1.27883
-1.10786
-1.13542
-0.479703
-2.09283
-3.98459
-2.60988
-1.30308
-4.84804
-2.01838
-0.805093
-2.5977
-2.46483
-3.29572
-1.41602
-3.99805
-1.30795
-1.97126
-1.14469
0
-2.59363
-2.18225
-3.07524
-2.82344
-3.17281
-3.47408
-2.50408
-1.39034
-2.05839
-1.6529
-2.89886
-1.41508
-2.33512
-1.47057
-3.11337
-1.92184
0.835266
-1.89347
-3.04612
-2.46451
-1.14788
-1.24184
-2.73214
-2.29434
-3.27729
-0.477903
-2.59363
0
-3.09908
-2.18907
-2.53005
-3.11617
-2.07762
-1.38881
-2.72971
-2.33928
-3.45719
-1.77875
-2.11077
-2.69666
-2.60153
-3.9918
-3.92027
-1.42903
-1.81348
-2.3112
-1.78747
-1.49057
-3.16142
-3.09104
0.35524
-1.88958
-4.54772
-2.18225
-3.09908
0
-2.86847
-1.57694
-2.15554
-3.9186
-1.69154
-2.42053
-2.12856
-2.44097
-2.23694
-1.41818
-1.90233
-3.47607
-1.48433
-2.37159
-0.214334
-1.66711
-1.18911
-4.59244
-3.6573
-1.91562
-3.26407
-2.17422
-1.13993
-2.60651
-3.07524
-2.18907
-2.86847
0
-2.56227
-2.20534
-2.03902
-3.50083
-1.58042
-2.59844
-1.06056
-1.38088
-1.24007
-3.04619
-1.35851
-0.95036
-3.02762
-1.68919
-2.32285
-0.876235
-1.27011
-3.01198
-1.80986
-1.13602
-0.974717
-2.53616
-2.6886
-2.82344
-2.53005
-1.57694
-2.56227
0
-2.65996
-2.47011
-2.88927
-1.68142
-2.32138
-2.84167
-1.56855
-3.0014
-0.94638
-1.9522
-2.48164
-1.66513
0.669038
-1.93429
-1.77859
-2.3959
-0.719858
-2.45432
-1.54442
-3.35183
-1.55412
-2.67915
-3.17281
-3.11617
-2.15554
-2.20534
-2.65996
0
-1.9701
-1.78673
-0.671563
-3.13727
-1.55865
-0.395841
-0.825484
-2.59448
-0.537615
-3.00762
-2.17806
-2.35334
-1.64387
-2.02094
-3.4783
-3.76598
-2.51728
-1.55121
-2.70186
-1.93266
-2.62374
-3.47408
-2.07762
-3.9186
-2.03902
-2.47011
-1.9701
0
-1.67399
-3.15419
-2.85108
0.55602
-2.06029
-1.71585
-2.26249
-1.84314
-2.18599
-1.99057
-2.81998
-1.83344
-2.82579
-1.73171
-1.25872
-1.15026
-2.70845
-1.75969
-0.343284
-1.61534
-2.50408
-1.38881
-1.69154
-3.50083
-2.88927
-1.78673
-1.67399
0
-2.70933
-2.40862
-1.36994
-2.02419
-2.56984
-2.35402
-0.775348
-1.88519
-0.27959
-3.67348
-2.31079
-0.826658
-1.71251
-2.03983
-0.831058
-1.31374
-0.232728
-1.00339
-1.27883
-1.39034
-2.72971
-2.42053
-1.58042
-1.68142
-0.671563
-3.15419
-2.70933
0
-1.16654
-1.68909
-1.14584
-1.24596
-0.543961
-3.10929
-3.0895
-2.00004
-2.00611
-1.50315
-2.16227
-2.93769
-0.205857
-2.85004
-2.20692
-2.05793
-2.62085
-1.10786
-2.05839
-2.33928
-2.12856
-2.59844
-2.32138
-3.13727
-2.85108
-2.40862
-1.16654
0
-4.36698
-0.952088
-2.67379
-2.87089
-0.0394481
-1.26779
-0.401782
-1.1605
-2.09269
-2.2838
-2.18986
-1.23763
-0.673161
-3.69899
-1.22264
-3.1556
-1.13542
-1.6529
-3.45719
-2.44097
-1.06056
-2.84167
-1.55865
0.55602
-1.36994
-1.68909
-4.36698
0
-1.8522
-1.80756
-2.45008
-1.43775
-1.8174
-1.38048
-1.92336
-2.81335
-3.4166
-1.45079
-1.90925
-1.31156
-1.91757
-3.40093
-0.238054
-0.479703
-2.89886
-1.77875
-2.23694
-1.38088
-1.56855
-0.395841
-2.06029
-2.02419
-1.14584
-0.952088
-1.8522
0
-1.58493
-2.38138
-3.32311
-1.88032
-0.366621
-2.38457
-3.53204
-2.18369
-3.76787
-0.652265
-1.09194
-2.51252
-2.27395
-0.440299
-2.09283
-1.41508
-2.11077
-1.41818
-1.24007
-3.0014
-0.825484
-1.71585
-2.56984
-1.24596
-2.67379
-1.80756
-1.58493
0
-1.8485
-1.91824
-1.46376
-0.293487
-3.3805
-3.83351
-0.979856
-1.64028
-0.937451
-0.44993
-1.80976
-1.65335
-0.911658
-3.98459
-2.33512
-2.69666
-1.90233
-3.04619
-0.94638
-2.59448
-2.26249
-2.35402
-0.543961
-2.87089
-2.45008
-2.38138
-1.8485
0
-0.948152
-2.08589
-2.66271
-2.39005
-1.90461
-3.76534
-2.26964
-1.97685
-2.35464
0.265547
-2.82524
-1.44726
-2.60988
-1.47057
-2.60153
-3.47607
-1.35851
-1.9522
-0.537615
-1.84314
-0.775348
-3.10929
-0.0394481
-1.43775
-3.32311
-1.91824
-0.948152
0
