0
-2.75798
-2.43224
-0.744987
-0.813836
-2.63905
-1.71729
-3.38242
-1.9797
-2.10038
-0.69344
-0.10083
-2.05918
-0.951567
-2.07562
-2.3605
-2.02154
-3.20131
-1.68093
-1.15946
-1.90888
-2.14207
-2.68456
-3.698
-1.73515
-2.06951
-1.46192
-2.75798
0
-2.36185
-0.0513874
-0.481178
-2.10773
-1.73322
-1.90467
-1.60231
-2.43574
0.641125
-1.60086
-2.33175
-1.0602
-2.78154
-1.3824
-1.43886
-2.23928
-1.3055
-0.0970803
-1.9208
-0.615489
-4.02242
-2.64047
-4.38582
-2.49595
-0.961141
-2.43224
-2.36185
0
-1.8046
-0.880295
-3.88955
-1.96696
-1.01313
-0.332847
-1.27805
-3.98801
-1.11837
-2.62543
-3.42833
-1.77778
-4.04058
-1.81322
-0.845338
-4.17618
-2.83663
-2.66518
-4.05714
-1.51512
-1.27525
-2.11556
-2.18039
-1.32341
-0.744987
-0.0513874
-1.8046
0
-1.10157
-1.24353
-1.65368
-1.80139
-2.08095
-2.88094
-2.44612
-0.892915
-3.35763
0.221493
-2.58294
-0.653066
-2.45922
-2.09743
-2.10834
-2.55819
-2.71295
-0.361878
-1.57429
-1.962
-0.493897
-1.77626
-2.56841
-0.813836
-0.481178
-0.880295
-1.10157
0
-1.77155
-1.29112
-4.94362
-2.05406
-1.96514
-2.42066
-0.913995
-0.934411
-1.5494
-3.22389
-2.80909
-1.98221
-1.66942
-1.94472
-1.7211
-2.24819
-2.76901
-0.377301
-1.36948
-3.77884
-2.33073
-1.93323
-2.63905
-2.10773
-3.88955
-1.24353
-1.77155
0
-3.42487
-2.65583
-0.141271
-3.31168
-2.44468
-1.7763
-1.35083
-2.30845
-0.262894
-3.19188
-3.66516
-1.84231
-3.01549
0.696639
-2.41582
-2.14448
-2.45232
-1.33602
-3.09994
-1.47536
-1.26042
-1.71729
-1.73322
-1.96696
-1.65368
-1.29112
-3.42487
0
-1.89631
-1.77186
-1.77259
-0.0406652
-0.709784
-0.557745
-0.992377
-0.43328
-2.04299
-3.76569
-1.73096
-2.61848
-0.816802
-3.05726
-1.48497
-3.3164
-1.59344
-3.04609
-2.57252
-1.8873
-3.38242
-1.90467
-1.01313
-1.80139
-4.94362
-2.65583
-1.89631
0
-3.55912
-2.20112
-1.99092
-1.37409
-1.15931
-1.8643
-3.46318
-1.35852
-2.0063
-1.59416
-2.8121
0.0898889
-0.644465
-2.76677
-3.70205
-2.47459
-3.34273
-1.90973
-0.668327
-1.9797
-1.60231
-0.332847
-2.08095
-2.05406
-0.141271
-1.77186
-3.55912
0
-2.47468
-1.62248
-3.89306
-3.43831
-3.2108
-2.50406
-1.17052
-1.39757
-1.59763
-3.50033
-2.77717
-1.46905
-3.26142
-2.87461
-3.99577
-3.26753
-3.4405
-0.343497
-2.10038
-2.43574
-1.27805
-2.88094
-1.96514
-3.31168
-1.77259
-2.20112
-2.47468
0
-0.865812
-1.48511
-2.48601
-1.29855
-1.52246
-2.48331
-1.34765
-4.26275
-1.83468
-2.61628
-2.97714
-1.5758
-2.78912
-2.43681
-2.24374
-2.01798
-2.32836
-0.69344
0.641125
-3.98801
-2.44612
-2.42066
-2.44468
-0.0406652
-1.99092
-1.62248
-0.865812
0
-3.1224
-1.62021
-2.38687
-2.71843
-2.47262
-1.23811
-3.34522
-1.82864
-0.878804
-3.39779
-1.94454
-2.20888
-2.54138
-3.12591
-1.37613
-0.239363
-0.10083
-1.60086
-1.11837
-0.892915
-0.913995
-1.7763
-0.709784
-1.37409
-3.89306
-1.48511
-3.1224
0
-1.76762
-1.95111
-2.36153
-3.29731
-2.6186
-0.90677
-2.65967
-2.41775
-2.39356
-0.720147
-1.66771
-3.10079
-0.959443
-3.45788
0.132262
-2.05918
-2.33175
-2.62543
-3.35763
-0.934411
-1.35083
-0.557745
-1.15931
-3.43831
-2.48601
-1.62021
-1.76762
0
-2.32287
-0.946081
-1.77948
-2.68838
-2.58442
-0.893953
-0.861283
-3.12199
-3.14714
-3.84319
-1.98753
-2.83941
-2.25775
-1.7322
-0.951567
-1.0602
-3.42833
0.221493
-1.5494
-2.30845
-0.992377
-1.8643
-3.2108
-1.29855
-2.38687
-1.95111
-2.32287
0
-2.12672
-0.781859
-1.84199
-0.777923
-1.60024
-1.98682
-3.20392
-4.00793
-2.62494
-2.15211
-0.353882
-3.08779
-2.8929
-2.07562
-2.78154
-1.77778
-2.58294
-3.22389
-0.262894
-0.43328
-3.46318
-2.50406
-1.52246
-2.71843
-2.36153
-0.946081
-2.12672
0
-2.72131
-3.134
-1.21917
-2.1626
-1.34147
-2.32173
-1.50564
-2.68359
-3.65724
-1.84523
-2.31176
-1.6339
-2.3605
-1.3824
-4.04058
-0.653066
-2.80909
-3.19188
-2.04299
-1.35852
-1.17052
-2.48331
-2.47262
-3.29731
-1.77948
-0.781859
-2.72131
0
-0.339148
-0.922599
-3.28871
-2.57105
-3.1201
-2.08643
-2.15186
-3.11805
-1.29548
-0.068289
-2.0107
-2.02154
-1.43886
-1.81322
-2.45922
-1.98221
-3.66516
-3.76569
-2.0063
-1.39757
-1.34765
-1.23811
-2.6186
-2.68838
-1.84199
-3.134
-0.339148
0
-2.60569
-3.48947
-2.65343
-1.78607
-2.37983
-2.00231
-1.47257
-2.49245
-4.56448
-2.8644
-3.20131
-2.23928
-0.845338
-2.09743
-1.66942
-1.84231
-1.73096
-1.59416
-1.59763
-4.26275
-3.34522
-0.90677
-2.58442
-0.777923
-1.21917
-0.922599
-2.60569
0
-2.69123
-1.24238
-3.04111
-3.22175
-2.74975
1.96386
-1.61117
-2.42803
-1.3501
-1.68093
-1.3055
-4.17618
-2.10834
-1.94472
-3.01549
-2.61848
-2.8121
-3.50033
-1.83468
-1.82864
-2.65967
-0.893953
-1.60024
-2.1626
-3.28871
-3.48947
-2.69123
0
-2.51106
-1.22754
-1.06799
-2.13501
-1.80348
-0.792521
-2.35069
-2.02141
-1.15946
-0.0970803
-2.83663
-2.55819
-1.7211
0.696639
-0.816802
0.0898889
-2.77717
-2.61628
-0.878804
-2.41775
-0.861283
-1.98682
-1.34147
-2.57105
-2.65343
-1.24238
-2.51106
0
-1.53522
-0.937266
-2.45888
-2.87593
-1.64627
-1.94312
-1.3857
-1.90888
-1.9208
-2.66518
-2.71295
-2.24819
-2.41582
-3.05726
-0.644465
-1.46905
-2.97714
-3.39779
-2.39356
-3.12199
-3.20392
-2.32173
-3.1201
-1.78607
-3.04111
-1.22754
-1.53522
0
-3.422
-1.4068
-2.38326
-1.99814
-3.1823
-4.4281
-2.14207
-0.615489
-4.05714
-0.361878
-2.76901
-2.14448
-1.48497
-2.76677
-3.26142
-1.5758
-1.94454
-0.720147
-3.14714
-4.00793
-1.50564
-2.08643
-2.37983
-3.22175
-1.06799
-0.937266
-3.422
0
-2.30723
-0.820075
-0.594012
-1.59589
-2.85314
-2.68456
-4.02242
-1.51512
-1.57429
-0.377301
-2.45232
-3.3164
-3.70205
-2.87461
-2.78912
-2.20888
-1.66771
-3.84319
-2.62494
-2.68359
-2.15186
-2.00231
-2.74975
-2.13501
-2.45888
-1.4068
-2.30723
0
-1.58748
-1.85823
-2.79347
-2.19925
-3.698
-2.64047
-1.27525
-1.962
-1.36948
-1.33602
-1.59344
-2.47459
-3.99577
-2.43681
-2.54138
-3.10079
-1.98753
-2.15211
-3.65724
-3.11805
-1.47257
1.96386
-1.80348
-2.87593
-2.38326
-0.820075
-1.58748
0
-0.990113
-4.33025
-1.78089
-1.73515
-4.38582
-2.11556
-0.493897
-3.77884
-3.09994
-3.04609
-3.34273
-3.26753
-2.24374
-3.12591
-0.959443
-2.83941
-0.353882
-1.84523
-1.29548
-2.49245
-1.61117
-0.792521
-1.64627
-1.99814
-0.594012
-1.85823
-0.990113
0
-3.57297
-1.18243
-2.06951
-2.49595
-2.18039
-1.77626
-2.33073
-1.47536
-2.57252
-1.90973
-3.4405
-2.01798
-1.37613
-3.45788
-2.25775
-3.08779
-2.31176
-0.068289
-4.56448
-2.42803
-2.35069
-1.94312
-3.1823
-1.59589
-2.79347
-4.33025
-3.57297
0
-3.1992
-1.46192
-0.961141
-1.32341
-2.56841
-1.93323
-1.26042
-1.8873
-0.668327
-0.343497
-2.32836
-0.239363
0.132262
-1.7322
-2.8929
-1.6339
-2.0107
-2.8644
-1.3501
-2.02141
-1.3857
-4.4281
-2.85314
-2.19925
-1.78089
-1.18243
-3.1992
0
