0
-2.8487
-4.04278
-1.14468
-1.86696
-2.17979
-3.78549
-2.80195
-0.625182
-3.05071
-1.15465
0.0374822
-2.19215
-3.72323
-1.78683
-2.77423
-3.29746
-1.34891
-1.64117
-3.50679
-2.46438
-2.54108
0.503798
-1.73727
-1.67194
-3.48993
-3.10659
-2.8487
0
-1.31909
-1.49278
-2.47921
-1.72056
-1.85581
-3.36429
-2.6989
-1.86825
-2.54863
-3.54651
-4.20191
-1.92155
-3.66504
-0.0451783
-1.7299
-2.54738
-2.31652
-2.52749
-0.669931
-1.82364
-2.52414
-1.62288
-3.19943
-2.6783
-3.1333
-4.04278
-1.31909
0
-3.11256
-1.6052
-3.96604
-3.56411
-0.136591
-2.10068
-0.549067
-3.77542
-3.88592
-1.64873
-1.32806
-3.1378
-0.380974
-1.51582
-2.7605
-1.93483
-1.63396
-1.05724
-2.66251
-2.75531
-2.21305
-2.31284
-3.5222
-2.13634
-1.14468
-1.49278
-3.11256
0
-1.99122
-0.718336
-0.979306
-1.48943
-1.89599
-1.56393
-1.55594
-3.39025
-1.40877
-2.56288
-1.79358
-2.84787
-0.641577
-4.07157
-2.06987
-0.82885
-1.73009
-2.16379
-1.55975
-1.98186
-1.43841
-2.49461
-2.55081
-1.86696
-2.47921
-1.6052
-1.99122
0
-1.43225
-1.43264
-2.9621
-2.8621
-1.41499
-2.43025
-0.0475796
-1.02316
-0.871965
-2.33241
-0.442727
-1.23033
-2.157
-1.58975
-0.913417
0.0171835
-1.42046
-2.73916
0.475558
-0.284137
-0.074195
-1.49577
-2.17979
-1.72056
-3.96604
-0.718336
-1.43225
0
-2.70623
-0.591852
-2.79298
-3.34029
-1.11954
-1.41424
-2.77394
-2.55827
-1.68792
-2.7432
-1.71631
-1.78335
-2.79386
-3.39634
-1.52054
-1.40658
-2.16336
-3.38873
-2.36473
-1.56734
-1.87328
-3.78549
-1.85581
-3.56411
-0.979306
-1.43264
-2.70623
0
-3.42586
-1.18069
-1.72057
-0.2365
-0.507503
-1.84452
-2.33264
-1.54845
-3.15863
-1.76887
-3.17592
-0.79725
-1.61364
-3.98969
-2.57193
-1.75312
-0.354271
-1.10069
-3.99492
-2.12554
-2.80195
-3.36429
-0.136591
-1.48943
-2.9621
-0.591852
-3.42586
0
-1.67791
-2.27392
-2.3424
-1.56746
-2.14383
-2.50637
-3.17232
0.0611779
-1.71554
-1.6564
-0.720299
-1.76555
-2.17892
-2.93825
-1.97661
-3.54821
-0.638208
-1.62045
-1.54806
-0.625182
-2.6989
-2.10068
-1.89599
-2.8621
-2.79298
-1.18069
-1.67791
0
-1.36003
-3.8818
-2.23898
-3.92819
-1.81299
-1.65486
-1.01893
-3.35047
-3.26685
-2.68484
0.759725
-1.49674
-2.60347
-1.33151
-0.835356
0.0391837
-3.78962
-2.00363
-3.05071
-1.86825
-0.549067
-1.56393
-1.41499
-3.34029
-1.72057
-2.27392
-1.36003
0
-2.33849
-0.733773
-3.36057
-0.294106
0.123665
-1.87545
-0.429579
-0.747456
-1.53935
-3.61915
-2.15307
-2.9361
-1.3373
-2.98135
-2.42469
-1.61282
0.247097
-1.15465
-2.54863
-3.77542
-1.55594
-2.43025
-1.11954
-0.2365
-2.3424
-3.8818
-2.33849
0
-3.44827
-3.03543
-1.82387
-1.97708
-1.96745
-1.59646
-4.00759
-2.15022
-4.19733
-2.53324
-1.45605
-1.04002
-4.72978
-1.48441
-0.920932
-2.24833
0.0374822
-3.54651
-3.88592
-3.39025
-0.0475796
-1.41424
-0.507503
-1.56746
-2.23898
-0.733773
-3.44827
0
-1.6109
-1.0511
-2.10895
-1.94396
-1.59461
-2.85606
-1.40524
-1.42899
-3.10099
-1.4159
-0.629923
-2.31004
-4.35826
-4.18088
-2.46657
-2.19215
-4.20191
-1.64873
-1.40877
-1.02316
-2.77394
-1.84452
-2.14383
-3.92819
-3.36057
-3.03543
-1.6109
0
-3.25583
-3.29046
0.329911
-2.75472
-1.24578
-2.26449
-1.02926
-1.99656
-4.28284
-2.94591
-0.774754
-3.57286
-1.96365
-0.595548
-3.72323
-1.92155
-1.32806
-2.56288
-0.871965
-2.55827
-2.33264
-2.50637
-1.81299
-0.294106
-1.82387
-1.0511
-3.25583
0
-1.28869
-3.84961
-1.52151
-2.73729
-1.74245
-3.52966
-1.30027
-2.00354
-2.01455
-2.2529
-2.26743
-1.99002
-2.5529
-1.78683
-3.66504
-3.1378
-1.79358
-2.33241
-1.68792
-1.54845
-3.17232
-1.65486
0.123665
-1.97708
-2.10895
-3.29046
-1.28869
0
-3.6041
-2.51066
-3.17299
-2.41614
-2.13853
0.548301
-2.82362
-0.824141
-2.51018
-1.95932
-2.52961
-2.00376
-2.77423
-0.0451783
-0.380974
-2.84787
-0.442727
-2.7432
-3.15863
0.0611779
-1.01893
-1.87545
-1.96745
-1.94396
0.329911
-3.84961
-3.6041
0
-1.44823
-2.34226
-3.61754
-3.24788
-3.63173
-3.2088
-0.661255
-1.14441
-2.07157
-1.01829
0.0361764
-3.29746
-1.7299
-1.51582
-0.641577
-1.23033
-1.71631
-1.76887
-1.71554
-3.35047
-0.429579
-1.59646
-1.59461
-2.75472
-1.52151
-2.51066
-1.44823
0
-2.77341
-3.33224
-2.61221
-1.21483
-3.63667
-2.10658
-3.00876
-2.54223
-1.5452
-1.94422
-1.34891
-2.54738
-2.7605
-4.07157
-2.157
-1.78335
-3.17592
-1.6564
-3.26685
-0.747456
-4.00759
-2.85606
-1.24578
-2.73729
-3.17299
-2.34226
-2.77341
0
-2.02828
-2.41169
-2.46658
-1.35892
0.397321
-2.49214
-2.01806
-1.68173
-0.754215
-1.64117
-2.31652
-1.93483
-2.06987
-1.58975
-2.79386
-0.79725
-0.720299
-2.68484
-1.53935
-2.15022
-1.40524
-2.26449
-1.74245
-2.41614
-3.61754
-3.33224
-2.02828
0
-2.68261
-1.97005
-2.07249
-1.6093
-4.18479
-0.0773051
-3.34073
-3.45097
-3.50679
-2.52749
-1.63396
-0.82885
-0.913417
-3.39634
-1.61364
-1.76555
0.759725
-3.61915
-4.19733
-1.42899
-1.02926
-3.52966
-2.13853
-3.24788
-2.61221
-2.41169
-2.68261
0
-1.24206
-1.81863
-2.23224
-1.35708
-2.13062
-3.87323
-1.23264
-2.46438
-0.669931
-1.05724
-1.73009
0.0171835
-1.52054
-3.98969
-2.17892
-1.49674
-2.15307
-2.53324
-3.10099
-1.99656
-1.30027
0.548301
-3.63173
-1.21483
-2.46658
-1.97005
-1.24206
0
-2.22755
-2.95261
-2.24955
-2.36774
-1.81657
-2.27866
-2.54108
-1.82364
-2.66251
-2.16379
-1.42046
-1.40658
-2.57193
-2.93825
-2.60347
-2.9361
-1.45605
-1.4159
-4.28284
-2.00354
-2.82362
-3.2088
-3.63667
-1.35892
-2.07249
-1.81863
-2.22755
0
-1.7766
-2.8225
-1.85311
-2.31011
-0.59345
0.503798
-2.52414
-2.75531
-1.55975
-2.73916
-2.16336
-1.75312
-1.97661
-1.33151
-1.3373
-1.04002
-0.629923
-2.94591
-2.01455
-0.824141
-0.661255
-2.10658
0.397321
-1.6093
-2.23224
-2.95261
-1.7766
0
-1.90308
-2.21382
-3.78826
-1.36522
-1.73727
-1.62288
-2.21305
-1.98186
0.475558
-3.38873
-0.354271
-3.54821
-0.835356
-2.98135
-4.72978
-2.31004
-0.774754
-2.2529
-2.51018
-1.14441
-3.00876
-2.49214
-4.18479
-1.35708
-2.24955
-2.8225
-1.90308
0
-3.07577
-1.70401
-4.11657
-1.67194
-3.19943
-2.31284
-1.43841
-0.284137
-2.36473
-1.10069
-0.638208
0.0391837
-2.42469
-1.48441
-4.35826
-3.57286
-2.26743
-1.95932
-2.07157
-2.54223
-2.01806
-0.0773051
-2.13062
-2.36774
-1.85311
-2.21382
-3.07577
0
-0.639729
-1.66964
-3.48993
-2.6783
-3.5222
-2.49461
-0.074195
-1.56734
-3.99492
-1.62045
-3.78962
-1.61282
-0.920932
-4.18088
-1.96365
-1.99002
-2.52961
-1.01829
-1.5452
-1.68173
-3.34073
-3.87323
-1.81657
-2.31011
-3.78826
-1.70401
-0.639729
0
-0.789158
-3.10659
-3.1333
-2.13634
-2.55081
-1.49577
-1.87328
-2.12554
-1.54806
-2.00363
0.247097
-2.24833
-2.46657
-0.595548
-2.5529
-2.00376
0.0361764
-1.94422
-0.754215
-3.45097
-1.23264
-2.27866
-0.59345
-1.36522
-4.11657
-1.66964
-0.789158
0
