0
-0.390706
-2.63819
-1.02673
0.400152
-2.49884
-1.94061
-2.23323
-1.7062
-0.337626
-1.2712
-2.1112
-2.67438
-3.22965
-1.35614
-1.22338
-0.644311
-2.46004
-2.49617
-1.79699
-3.53198
-2.36662
-0.463318
-1.94059
-2.78035
-0.698696
-0.213422
-0.390706
0
-2.34875
-1.70578
-2.66723
-1.95749
-2.58278
-2.61465
-1.42181
-1.61275
-2.13922
-1.87266
-2.16913
-2.64508
-1.68799
-1.66158
-3.80779
-3.1799
-0.493665
-2.58542
-2.17381
-2.61739
-2.97637
-1.43859
-2.08121
-1.93158
-3.12459
-2.63819
-2.34875
0
-2.2194
-2.30999
-1.22793
-0.915662
-2.4186
-1.84926
-1.89444
-1.86292
-1.31858
-2.05167
-1.63328
-0.566893
0.498446
-2.26305
-3.5526
-1.58376
-2.35776
0.42294
-1.13428
-2.46305
-2.19257
-2.2348
-1.97902
-2.65252
-1.02673
-1.70578
-2.2194
0
-0.323699
-2.93244
-1.86191
-3.4171
-1.1677
-1.17804
-0.0941663
-1.64643
-1.60833
-2.19542
-2.22824
-3.72185
-1.32218
-1.20287
-1.62686
-4.13083
-1.57214
-3.00472
-3.50065
0.0223619
-2.40995
-0.322155
-1.62367
0.400152
-2.66723
-2.30999
-0.323699
0
-2.73337
-2.52687
-1.82276
-1.94132
-1.61982
-2.09267
-1.41479
-1.88362
-0.864678
-2.5189
-1.02564
-1.29258
-2.27036
-1.0947
-1.03859
-1.70343
-2.83067
-1.01003
-0.786206
-2.57008
-1.55288
-3.8685
-2.49884
-1.95749
-1.22793
-2.93244
-2.73337
0
-1.28711
-2.40578
-1.86325
-1.82845
-2.7215
-1.37469
-1.55009
-1.10568
-1.43388
-1.74226
-1.47157
-3.15159
-2.26077
-2.37435
-1.50633
-3.69808
-1.05502
-2.63214
-2.56791
-1.20315
-0.73741
-1.94061
-2.58278
-0.915662
-1.86191
-2.52687
-1.28711
0
-1.04982
0.362222
-2.76872
-2.14994
-1.86436
-1.00982
-1.16872
-2.83701
-2.10944
-2.31644
-1.88153
-0.530159
-0.739024
-3.091
-2.2609
-3.41938
-2.98101
-2.39601
-1.06533
-1.06103
-2.23323
-2.61465
-2.4186
-3.4171
-1.82276
-2.40578
-1.04982
0
-3.03258
-2.41281
-2.8146
-2.49303
-2.04679
-0.886907
-2.21702
-2.38397
-1.89327
-2.72542
0.387754
0.0122406
-2.58906
-1.36527
-1.27329
-3.65673
-1.64669
-2.63924
-1.52944
-1.7062
-1.42181
-1.84926
-1.1677
-1.94132
-1.86325
0.362222
-3.03258
0
-3.17268
-1.24434
-3.3482
-0.467675
-1.69028
-3.17976
-3.66155
-1.67959
-2.55585
-3.04844
-0.830965
-1.98354
-2.10209
-1.4143
-2.6523
-0.647639
-2.55697
-3.35793
-0.337626
-1.61275
-1.89444
-1.17804
-1.61982
-1.82845
-2.76872
-2.41281
-3.17268
0
-3.15094
-0.122972
-2.19099
-3.24099
-0.911177
-1.20694
-2.90862
-0.677579
-0.510351
-3.18588
-3.23843
-2.08346
-1.07029
-2.03922
-0.521738
-2.40693
-2.08622
-1.2712
-2.13922
-1.86292
-0.0941663
-2.09267
-2.7215
-2.14994
-2.8146
-1.24434
-3.15094
0
-3.91724
-1.91047
-2.01909
-1.96117
-2.34887
-1.26313
-1.8747
-3.37356
-3.07361
-1.52804
-2.47857
-3.04621
-2.35013
-0.432138
-1.71435
-3.24772
-2.1112
-1.87266
-1.31858
-1.64643
-1.41479
-1.37469
-1.86436
-2.49303
-3.3482
-0.122972
-3.91724
0
0.718109
-2.66872
-1.75576
-1.39462
-1.85323
-2.49714
-3.00237
-2.65852
-0.660399
-3.21912
-2.81513
-1.61839
-1.55338
-1.88394
-3.25806
-2.67438
-2.16913
-2.05167
-1.60833
-1.88362
-1.55009
-1.00982
-2.04679
-0.467675
-2.19099
-1.91047
0.718109
0
-3.42765
-1.6298
-0.822587
-2.5156
-1.38627
-2.4404
-1.52411
-1.24879
-2.21666
0.428511
-1.75454
-0.262964
-1.32458
-3.76184
-3.22965
-2.64508
-1.63328
-2.19542
-0.864678
-1.10568
-1.16872
-0.886907
-1.69028
-3.24099
-2.01909
-2.66872
-3.42765
0
-2.21025
-4.11554
-1.70434
-4.64724
-1.96526
-1.82708
-1.69473
-2.91775
-1.93019
-3.29852
-0.542751
-2.3756
-1.42713
-1.35614
-1.68799
-0.566893
-2.22824
-2.5189
-1.43388
-2.83701
-2.21702
-3.17976
-0.911177
-1.96117
-1.75576
-1.6298
-2.21025
0
-2.02963
-2.09777
-1.60464
-2.51901
-2.58556
-2.00198
-0.86511
-2.22275
-2.17864
-1.30493
-2.84913
-0.339288
-1.22338
-1.66158
0.498446
-3.72185
-1.02564
-1.74226
-2.10944
-2.38397
-3.66155
-1.20694
-2.34887
-1.39462
-0.822587
-4.11554
-2.02963
0
-2.42874
-2.31882
-3.38203
-1.00657
-3.13547
-1.40507
-2.11334
-2.538
-1.8139
-1.49819
-2.55673
-0.644311
-3.80779
-2.26305
-1.32218
-1.29258
-1.47157
-2.31644
-1.89327
-1.67959
-2.90862
-1.26313
-1.85323
-2.5156
-1.70434
-2.09777
-2.42874
0
-2.11854
0.130917
-1.59236
-1.92353
-0.688352
-2.073
-2.44388
-2.30145
-1.72991
-2.01635
-2.46004
-3.1799
-3.5526
-1.20287
-2.27036
-3.15159
-1.88153
-2.72542
-2.55585
-0.677579
-1.8747
-2.49714
-1.38627
-4.64724
-1.60464
-2.31882
-2.11854
0
-1.74536
-1.58056
-1.39935
-3.06367
-1.73836
0.614979
-2.43707
0.361036
-2.06353
-2.49617
-0.493665
-1.58376
-1.62686
-1.0947
-2.26077
-0.530159
0.387754
-3.04844
-0.510351
-3.37356
-3.00237
-2.4404
-1.96526
-2.51901
-3.38203
0.130917
-1.74536
0
-2.27679
-3.00358
-2.06541
-2.87092
-2.04931
-3.33209
-2.16203
-2.2304
-1.79699
-2.58542
-2.35776
-4.13083
-1.03859
-2.37435
-0.739024
0.0122406
-0.830965
-3.18588
-3.07361
-2.65852
-1.52411
-1.82708
-2.58556
-1.00657
-1.59236
-1.58056
-2.27679
0
-2.36099
-2.27681
-0.881384
-3.79663
-2.37411
-0.997897
-3.00206
-3.53198
-2.17381
0.42294
-1.57214
-1.70343
-1.50633
-3.091
-2.58906
-1.98354
-3.23843
-1.52804
-0.660399
-1.24879
-1.69473
-2.00198
-3.13547
-1.92353
-1.39935
-3.00358
-2.36099
0
0.16884
-1.64707
-2.53777
-0.94802
-2.87975
-2.37396
-2.36662
-2.61739
-1.13428
-3.00472
-2.83067
-3.69808
-2.2609
-1.36527
-2.10209
-2.08346
-2.47857
-3.21912
-2.21666
-2.91775
-0.86511
-1.40507
-0.688352
-3.06367
-2.06541
-2.27681
0.16884
0
-0.0526448
-2.91803
-1.74752
-0.624424
-1.99335
-0.463318
-2.97637
-2.46305
-3.50065
-1.01003
-1.05502
-3.41938
-1.27329
-1.4143
-1.07029
-3.04621
-2.81513
0.428511
-1.93019
-2.22275
-2.11334
-2.073
-1.73836
-2.87092
-0.881384
-1.64707
-0.0526448
0
-2.76987
-2.22377
-2.33393
-1.8714
-1.94059
-1.43859
-2.19257
0.0223619
-0.786206
-2.63214
-2.98101
-3.65673
-2.6523
-2.03922
-2.35013
-1.61839
-1.75454
-3.29852
-2.17864
-2.538
-2.44388
0.614979
-2.04931
-3.79663
-2.53777
-2.91803
-2.76987
0
-2.25538
-4.68294
-3.22381
-2.78035
-2.08121
-2.2348
-2.40995
-2.57008
-2.56791
-2.39601
-1.64669
-0.647639
-0.521738
-0.432138
-1.55338
-0.262964
-0.542751
-1.30493
-1.8139
-2.30145
-2.43707
-3.33209
-2.37411
-0.94802
-1.74752
-2.22377
-2.25538
0
-2.64423
-2.75632
-0.698696
-1.93158
-1.97902
-0.322155
-1.55288
-1.20315
-1.06533
-2.63924
-2.55697
-2.40693
-1.71435
-1.88394
-1.32458
-2.3756
-2.84913
-1.49819
-1.72991
0.361036
-2.16203
-0.997897
-2.87975
-0.624424
-2.33393
-4.68294
-2.64423
0
-1.47072
-0.213422
-3.12459
-2.65252
-1.62367
-3.8685
-0.73741
-1.06103
-1.52944
-3.35793
-2.08622
-3.24772
-3.25806
-3.76184
-1.42713
-0.339288
-2.55673
-2.01635
-2.06353
-2.2304
-3.00206
-2.37396
-1.99335
-1.8714
-3.22381
-2.75632
-1.47072
0
