0
-3.83023
-1.24956
-2.15058
-1.35455
-1.6283
-0.686048
-2.65899
-0.751402
-2.25199
-2.61027
-2.173
-2.38989
-2.70868
-1.41807
-2.86115
-2.94545
-2.16862
-1.25264
-1.42135
-1.47346
0.17663
-3.28071
-2.50026
-3.58399
-3.48345
-2.97022
-3.83023
0
-0.705658
-2.05217
-2.63113
-2.80016
1.04434
-1.34881
-1.81311
-1.0194
-1.03758
-1.18702
-1.09162
-3.39506
-1.30712
-0.631006
-2.11907
-1.93821
-0.848271
-1.68677
-3.72786
-2.65453
-0.175836
-1.9153
-1.16117
-1.41331
-3.04606
-1.24956
-0.705658
0
-1.83594
-2.05022
-1.58876
-1.57294
-3.23756
-2.17354
-3.19508
-1.91644
-0.994072
-2.00413
-1.82166
-2.28531
-2.37905
-0.433216
-1.52451
-3.27545
-1.30554
-2.68149
-2.91085
-2.4133
-3.91152
-0.558497
-2.21147
-2.74801
-2.15058
-2.05217
-1.83594
0
-0.0775245
-2.24927
-3.37421
-1.32177
-1.04566
-0.487128
-2.13151
-2.71159
-2.51248
0.0864643
-2.06885
-1.95635
-3.0159
-1.25721
-2.43755
-1.30601
-2.06845
-1.21491
-2.69537
-1.88954
-3.0151
-1.2939
-2.65263
-1.35455
-2.63113
-2.05022
-0.0775245
0
-0.351686
-1.65989
-1.64263
-2.66065
-2.27115
-2.45552
-2.94419
-1.50105
-1.68299
-3.98092
-1.36033
-2.91734
-1.16611
-1.72706
-1.84959
-1.91122
-1.03854
-0.0207729
-1.90221
-2.16012
-0.818385
-0.0447521
-1.6283
-2.80016
-1.58876
-2.24927
-0.351686
0
-2.61938
-2.07519
-0.906167
-1.71133
-1.41212
-1.34894
-0.653264
-1.93919
-2.87189
-3.41654
-0.469573
-1.59497
-2.02415
-3.03921
-1.23398
-2.02109
0.498662
-1.53471
-2.03159
-2.64973
-2.05735
-0.686048
1.04434
-1.57294
-3.37421
-1.65989
-2.61938
0
-2.2895
-3.13691
-4.28746
-2.94868
-2.16694
-1.70229
-0.960402
0.319795
-4.11866
-2.57119
-0.781043
-2.34622
-1.695
-1.73176
-1.46144
-1.82402
-0.546927
-2.18931
-3.8626
-3.29708
-2.65899
-1.34881
-3.23756
-1.32177
-1.64263
-2.07519
-2.2895
0
-2.61555
-3.40513
-2.29705
-1.55854
-0.334086
-1.24546
-2.09854
-1.56228
-0.970643
-2.05366
-2.38487
-3.30984
-2.42107
-2.50393
-3.27276
-2.26018
-2.45793
-2.53472
-3.34473
-0.751402
-1.81311
-2.17354
-1.04566
-2.66065
-0.906167
-3.13691
-2.61555
0
-1.50565
-1.28454
-1.33364
-0.967143
-2.74894
-0.963584
-1.40432
-3.03801
-2.25608
-1.87187
-3.17615
-3.92702
-1.06208
-1.46484
0.151275
-0.84925
-0.935072
-4.99408
-2.25199
-1.0194
-3.19508
-0.487128
-2.27115
-1.71133
-4.28746
-3.40513
-1.50565
0
-2.02105
-2.11791
-1.35477
-2.74776
-2.04364
-3.61776
-2.30084
-1.96829
-1.33695
-2.45817
-2.00403
-1.79797
-3.14239
-2.05276
-1.74251
-4.63159
-1.83103
-2.61027
-1.03758
-1.91644
-2.13151
-2.45552
-1.41212
-2.94868
-2.29705
-1.28454
-2.02105
0
-3.08806
-2.78949
-3.09482
-2.45307
-1.9009
-0.89948
-1.17378
-0.138285
-0.134465
-2.31206
0.023517
-2.19015
-1.93887
-1.34641
-1.96484
-1.99882
-2.173
-1.18702
-0.994072
-2.71159
-2.94419
-1.34894
-2.16694
-1.55854
-1.33364
-2.11791
-3.08806
0
-0.27667
-2.15103
-2.88373
-1.82314
-0.931971
-2.39267
-3.14298
-1.68212
-2.20122
-0.865084
0.239278
-1.27933
-1.73869
-2.63637
-2.40766
-2.38989
-1.09162
-2.00413
-2.51248
-1.50105
-0.653264
-1.70229
-0.334086
-0.967143
-1.35477
-2.78949
-0.27667
0
-2.27688
-2.61056
-2.75977
-2.80217
-1.08678
-0.983953
-1.14436
-1.14461
0.488373
-2.43293
-1.99696
-2.35223
-1.61662
-0.763261
-2.70868
-3.39506
-1.82166
0.0864643
-1.68299
-1.93919
-0.960402
-1.24546
-2.74894
-2.74776
-3.09482
-2.15103
-2.27688
0
-2.12003
-2.23441
-1.95107
-0.751464
-0.552346
-2.44242
-5.01643
-1.98298
-1.0079
-3.58761
-1.44248
-1.58796
-1.93968
-1.41807
-1.30712
-2.28531
-2.06885
-3.98092
-2.87189
0.319795
-2.09854
-0.963584
-2.04364
-2.45307
-2.88373
-2.61056
-2.12003
0
-1.87014
-1.88534
-2.62028
-1.91108
-2.04467
-2.36487
-0.954535
-1.55909
-1.74945
-2.26367
-1.02495
-3.26108
-2.86115
-0.631006
-2.37905
-1.95635
-1.36033
-3.41654
-4.11866
-1.56228
-1.40432
-3.61776
-1.9009
-1.82314
-2.75977
-2.23441
-1.87014
0
0.527409
-0.641351
-1.5457
-2.29439
-2.14086
-1.04706
-2.94881
-2.71852
-2.28211
-0.137767
-3.09888
-2.94545
-2.11907
-0.433216
-3.0159
-2.91734
-0.469573
-2.57119
-0.970643
-3.03801
-2.30084
-0.89948
-0.931971
-2.80217
-1.95107
-1.88534
0.527409
0
-2.39973
-2.16521
0.117579
-1.36862
-2.95626
-1.55106
-2.38432
-1.88667
-3.56166
-1.30734
-2.16862
-1.93821
-1.52451
-1.25721
-1.16611
-1.59497
-0.781043
-2.05366
-2.25608
-1.96829
-1.17378
-2.39267
-1.08678
-0.751464
-2.62028
-0.641351
-2.39973
0
-1.99044
-3.77164
-2.97446
-2.21273
-1.32277
-3.14391
-2.06195
-0.0410587
-2.84244
-1.25264
-0.848271
-3.27545
-2.43755
-1.72706
-2.02415
-2.34622
-2.38487
-1.87187
-1.33695
-0.138285
-3.14298
-0.983953
-0.552346
-1.91108
-1.5457
-2.16521
-1.99044
0
-2.76296
-1.67165
-0.713042
-1.66113
-2.21847
-2.9014
-0.890574
-0.314529
-1.42135
-1.68677
-1.30554
-1.30601
-1.84959
-3.03921
-1.695
-3.30984
-3.17615
-2.45817
-0.134465
-1.68212
-1.14436
-2.44242
-2.04467
-2.29439
0.117579
-3.77164
-2.76296
0
-2.73736
-1.96542
-3.27909
-2.31338
-0.996807
-1.3691
-1.32814
-1.47346
-3.72786
-2.68149
-2.06845
-1.91122
-1.23398
-1.73176
-2.42107
-3.92702
-2.00403
-2.31206
-2.20122
-1.14461
-5.01643
-2.36487
-2.14086
-1.36862
-2.97446
-1.67165
-2.73736
0
-1.5699
-2.44877
-2.31823
-3.38098
-0.544819
-3.61892
0.17663
-2.65453
-2.91085
-1.21491
-1.03854
-2.02109
-1.46144
-2.50393
-1.06208
-1.79797
0.023517
-0.865084
0.488373
-1.98298
-0.954535
-1.04706
-2.95626
-2.21273
-0.713042
-1.96542
-1.5699
0
-2.43549
-1.09941
-0.748252
-2.73426
-1.2663
-3.28071
-0.175836
-2.4133
-2.69537
-0.0207729
0.498662
-1.82402
-3.27276
-1.46484
-3.14239
-2.19015
0.239278
-2.43293
-1.0079
-1.55909
-2.94881
-1.55106
-1.32277
-1.66113
-3.27909
-2.44877
-2.43549
0
-0.616759
-1.07411
-1.89503
-2.65407
-2.50026
-1.9153
-3.91152
-1.88954
-1.90221
-1.53471
-0.546927
-2.26018
0.151275
-2.05276
-1.93887
-1.27933
-1.99696
-3.58761
-1.74945
-2.71852
-2.38432
-3.14391
-2.21847
-2.31338
-2.31823
-1.09941
-0.616759
0
-1.04173
-1.02792
-1.23199
-3.58399
-1.16117
-0.558497
-3.0151
-2.16012
-2.03159
-2.18931
-2.45793
-0.84925
-1.74251
-1.34641
-1.73869
-2.35223
-1.44248
-2.26367
-2.28211
-1.88667
-2.06195
-2.9014
-0.996807
-3.38098
-0.748252
-1.07411
-1.04173
0
-1.72782
-2.52194
-3.48345
-1.41331
-2.21147
-1.2939
-0.818385
-2.64973
-3.8626
-2.53472
-0.935072
-4.63159
-1.96484
-2.63637
-1.61662
-1.58796
-1.02495
-0.137767
-3.56166
-0.0410587
-0.890574
-1.3691
-0.544819
-2.73426
-1.89503
-1.02792
-1.72782
0
-0.877201
-2.97022
-3.04606
-2.74801
-2.65263
-0.0447521
-2.05735
-3.29708
-3.34473
-4.99408
-1.83103
-1.99882
-2.40766
-0.763261
-1.93968
-3.26108
-3.09888
-1.30734
-2.84244
-0.314529
-1.32814
-3.61892
-1.2663
-2.65407
-1.23199
-2.52194
-0.877201
0
