0
-2.045
-0.412039
-0.547169
-1.25037
-2.53236
-1.71146
-1.97754
-2.32092
-1.9601
-3.05156
-2.8833
-3.86656
-1.77543
0.119286
-2.40402
-1.58299
-4.38229
-2.24472
-0.810777
-0.951989
-3.13228
-2.9738
-2.37408
-0.921852
-0.532873
-2.84471
-2.045
0
-1.25133
-0.793322
-1.80919
-0.397116
-0.816892
-2.05103
-2.33457
-1.3084
-0.252908
-2.22838
-2.67194
-0.965005
-2.12143
-1.13376
-2.05703
-1.21714
-0.901051
-3.25958
-3.6282
-4.05041
-4.28976
-2.40061
-0.505251
-1.68025
-2.69233
-0.412039
-1.25133
0
-1.1627
-1.78588
-1.38893
-1.38642
-4.18792
-1.76002
-3.42637
-1.73424
-3.05172
-3.05427
-3.23316
-2.6959
-0.468461
-0.875689
-2.48715
-2.07785
-3.3514
-0.757494
-2.80594
-2.74805
-2.46062
-2.59556
-0.130552
-2.84494
-0.547169
-0.793322
-1.1627
0
0.267816
-2.59933
-2.44133
-0.947381
-1.15475
-1.19685
-1.34064
-2.33677
-1.66848
-0.927006
-0.3944
-2.03624
-2.75027
-2.04243
-1.7033
-2.52309
-1.52759
-3.1058
-0.0956442
-1.983
-1.1966
-3.28192
-1.83182
-1.25037
-1.80919
-1.78588
0.267816
0
-1.13221
-1.69521
-2.42395
-4.57632
-1.48571
-1.74776
-1.39321
-1.54693
-0.830357
-4.21302
-2.01597
-0.915054
-1.71787
-1.56792
-2.38829
-1.66035
-2.05728
-1.6994
-1.96587
-2.11028
-2.56722
-0.54231
-2.53236
-0.397116
-1.38893
-2.59933
-1.13221
0
-1.81871
-4.44669
-1.67312
-2.10906
-2.61269
-3.06553
-3.22815
-2.97105
-1.50175
-3.90683
-2.79988
-2.46477
-2.59626
-2.50424
-3.00006
-3.00742
-2.96706
-1.11187
-1.18611
1.10638
-2.39545
-1.71146
-0.816892
-1.38642
-2.44133
-1.69521
-1.81871
0
-1.7377
-2.22226
-1.4915
-0.144219
-2.99046
-2.98505
-0.656837
-1.66673
-0.0124414
-1.75453
-2.3685
-1.7508
-1.69104
-2.5584
-2.03634
-4.20524
-2.01234
-2.38293
-2.63596
-2.46776
-1.97754
-2.05103
-4.18792
-0.947381
-2.42395
-4.44669
-1.7377
0
-3.63641
-0.280919
-2.03806
-0.674785
-0.722055
-0.471035
-2.36829
-1.60312
-3.40505
-2.36094
-0.862387
-0.417113
-1.73517
-1.91971
-2.89121
-1.63235
-1.48362
-0.478699
-1.88393
-2.32092
-2.33457
-1.76002
-1.15475
-4.57632
-1.67312
-2.22226
-3.63641
0
-3.00414
-0.968195
-1.79707
-1.13024
-1.60366
-3.00732
-3.20657
-0.538145
-0.904104
-3.1876
-2.80002
-2.19965
0.192888
-2.02074
-1.28261
-1.48227
-1.35766
-2.61392
-1.9601
-1.3084
-3.42637
-1.19685
-1.48571
-2.10906
-1.4915
-0.280919
-3.00414
0
-0.700272
-0.979979
-1.84023
-1.04625
-1.24248
-1.45094
-2.14834
-1.95327
-0.0847325
-2.32192
-3.37925
-1.61846
-0.13363
-1.45144
-3.00272
-1.59291
-2.06782
-3.05156
-0.252908
-1.73424
-1.34064
-1.74776
-2.61269
-0.144219
-2.03806
-0.968195
-0.700272
0
-1.7553
-0.806272
-2.286
-0.674925
-0.010175
0.0489755
-1.30036
-0.769298
-1.06515
-2.05804
-2.07094
-2.53261
-1.08252
0.204811
-1.27478
-2.5856
-2.8833
-2.22838
-3.05172
-2.33677
-1.39321
-3.06553
-2.99046
-0.674785
-1.79707
-0.979979
-1.7553
0
-2.85792
-3.54883
-2.32771
-0.966065
-1.65683
-3.49802
-1.08279
-1.84783
-2.18795
-2.51849
-3.64889
-1.98573
-2.1672
-2.03669
-2.16194
-3.86656
-2.67194
-3.05427
-1.66848
-1.54693
-3.22815
-2.98505
-0.722055
-1.13024
-1.84023
-0.806272
-2.85792
0
-0.640873
-1.80509
-2.4756
-2.97123
-2.70911
-2.89025
-2.48842
-0.989038
-2.37049
-3.68457
-0.930056
-1.17615
-1.993
-1.2763
-1.77543
-0.965005
-3.23316
-0.927006
-0.830357
-2.97105
-0.656837
-0.471035
-1.60366
-1.04625
-2.286
-3.54883
-0.640873
0
-1.80612
-2.43969
-2.97517
-1.18087
-2.84434
-1.75155
-0.763666
-1.50374
-1.3846
-1.68321
-2.06904
-0.130986
-1.32898
0.119286
-2.12143
-2.6959
-0.3944
-4.21302
-1.50175
-1.66673
-2.36829
-3.00732
-1.24248
-0.674925
-2.32771
-1.80509
-1.80612
0
-0.288452
-0.593561
-1.19834
-2.12937
-3.23029
-1.82458
-3.43456
-2.6619
-1.25766
-3.00336
-2.11666
-2.75156
-2.40402
-1.13376
-0.468461
-2.03624
-2.01597
-3.90683
-0.0124414
-1.60312
-3.20657
-1.45094
-0.010175
-0.966065
-2.4756
-2.43969
-0.288452
0
-2.21847
-1.58635
-0.997024
-1.28141
-1.4779
-0.77161
0.163744
-0.491846
-0.699213
-0.458407
-2.81356
-1.58299
-2.05703
-0.875689
-2.75027
-0.915054
-2.79988
-1.75453
-3.40505
-0.538145
-2.14834
0.0489755
-1.65683
-2.97123
-2.97517
-0.593561
-2.21847
0
-1.98729
-2.80648
-2.68535
-0.77352
-1.43274
-1.91154
-1.46325
-3.21038
-0.593234
-2.15077
-4.38229
-1.21714
-2.48715
-2.04243
-1.71787
-2.46477
-2.3685
-2.36094
-0.904104
-1.95327
-1.30036
-3.49802
-2.70911
-1.18087
-1.19834
-1.58635
-1.98729
0
-2.2849
-2.72806
-0.610307
-1.76077
-1.54436
-3.73767
-2.37074
-2.31677
-0.233251
-2.24472
-0.901051
-2.07785
-1.7033
-1.56792
-2.59626
-1.7508
-0.862387
-3.1876
-0.0847325
-0.769298
-1.08279
-2.89025
-2.84434
-2.12937
-0.997024
-2.80648
-2.2849
0
-2.33956
-2.70838
-2.29649
-1.98632
0.551088
-2.25981
-1.96391
-3.00015
-0.810777
-3.25958
-3.3514
-2.52309
-2.38829
-2.50424
-1.69104
-0.417113
-2.80002
-2.32192
-1.06515
-1.84783
-2.48842
-1.75155
-3.23029
-1.28141
-2.68535
-2.72806
-2.33956
0
-2.09468
-3.15587
-3.49924
-1.57252
-0.470795
-1.41617
-0.028973
-0.951989
-3.6282
-0.757494
-1.52759
-1.66035
-3.00006
-2.5584
-1.73517
-2.19965
-3.37925
-2.05804
-2.18795
-0.989038
-0.763666
-1.82458
-1.4779
-0.77352
-0.610307
-2.70838
-2.09468
0
-0.779445
-3.33884
-2.83392
-4.29748
-1.05191
-0.542598
-3.13228
-4.05041
-2.80594
-3.1058
-2.05728
-3.00742
-2.03634
-1.91971
0.192888
-1.61846
-2.07094
-2.51849
-2.37049
-1.50374
-3.43456
-0.77161
-1.43274
-1.76077
-2.29649
-3.15587
-0.779445
0
-2.02228
-2.29107
-2.60459
-2.22631
-3.9773
-2.9738
-4.28976
-2.74805
-0.0956442
-1.6994
-2.96706
-4.20524
-2.89121
-2.02074
-0.13363
-2.53261
-3.64889
-3.68457
-1.3846
-2.6619
0.163744
-1.91154
-1.54436
-1.98632
-3.49924
-3.33884
-2.02228
0
-3.0999
-1.93821
-1.61471
-1.49882
-2.37408
-2.40061
-2.46062
-1.983
-1.96587
-1.11187
-2.01234
-1.63235
-1.28261
-1.45144
-1.08252
-1.98573
-0.930056
-1.68321
-1.25766
-0.491846
-1.46325
-3.73767
0.551088
-1.57252
-2.83392
-2.29107
-3.0999
0
-2.85155
-1.19488
-2.70711
-0.921852
-0.505251
-2.59556
-1.1966
-2.11028
-1.18611
-2.38293
-1.48362
-1.48227
-3.00272
0.204811
-2.1672
-1.17615
-2.06904
-3.00336
-0.699213
-3.21038
-2.37074
-2.25981
-0.470795
-4.29748
-2.60459
-1.93821
-2.85155
0
-0.74876
-1.12209
-0.532873
-1.68025
-0.130552
-3.28192
-2.56722
1.10638
-2.63596
-0.478699
-1.35766
-1.59291
-1.27478
-2.03669
-1.993
-0.130986
-2.11666
-0.458407
-0.593234
-2.31677
-1.96391
-1.41617
-1.05191
-2.22631
-1.61471
-1.19488
-0.74876
0
-1.60683
-2.84471
-2.69233
-2.84494
-1.83182
-0.54231
-2.39545
-2.46776
-1.88393
-2.61392
-2.06782
-2.5856
-2.16194
-1.2763
-1.32898
-2.75156
-2.81356
-2.15077
-0.233251
-3.00015
-0.028973
-0.542598
-3.9773
-1.49882
-2.70711
-1.12209
-1.60683
0
