0
-1.74373
-3.0542
-1.85688
-2.65678
-1.49771
-1.67341
-2.41484
-1.69615
-0.277044
-0.881478
-2.38237
-1.5184
-1.37263
-0.531756
-2.61911
-1.38554
-3.29114
-2.75886
-0.442036
-0.113688
-0.425641
-2.57049
-2.9735
-1.64829
-1.41059
-1.73136
-1.74373
0
-2.59864
-1.55442
-2.6518
-0.930218
-1.72274
-2.9133
-2.03154
-2.73629
-1.29818
-2.01943
-1.66249
-2.50081
-0.488537
-2.21956
-2.32239
-2.1431
-1.82249
-0.892171
-1.33492
-1.22532
-1.40626
-2.42362
-1.9659
-2.18625
-2.55061
-3.0542
-2.59864
0
-1.69488
-1.99984
-1.90723
-2.70159
-0.611055
-1.9012
-1.66383
-2.18223
-0.136852
-1.60644
-2.47434
-3.47316
-1.61941
-2.59493
-3.12013
-1.5836
-1.54181
-0.983143
-1.41933
-2.06385
-0.29169
-2.04628
-0.600128
-1.94391
-1.85688
-1.55442
-1.69488
0
-0.846607
-3.72674
-3.20127
-4.99873
-2.67612
-1.51418
-2.25454
-3.12366
-2.53002
-1.45304
-1.96498
-1.1853
-2.6057
-2.95543
-1.93716
-0.622657
-1.65415
-2.09053
-3.37456
-1.17126
-1.96448
-0.070115
-0.390339
-2.65678
-2.6518
-1.99984
-0.846607
0
-0.955362
-2.64898
-3.07193
-1.44154
-3.43842
-1.49176
-1.19036
-2.54679
-2.83675
-3.04587
-2.83624
-1.79782
-1.83664
-3.24831
-2.97984
-2.72592
-2.38262
-3.4738
-1.23281
-2.03769
-2.26486
-1.75881
-1.49771
-0.930218
-1.90723
-3.72674
-0.955362
0
-0.754958
-1.77427
-2.16766
-2.6525
-0.761623
0.189448
-1.62268
-0.454082
0.149158
-0.958286
-1.61341
-1.54951
-0.100107
-2.38244
-2.04957
-1.63175
-1.12133
-2.88584
-2.07243
-1.24835
-0.788853
-1.67341
-1.72274
-2.70159
-3.20127
-2.64898
-0.754958
0
-1.76437
-0.579267
-0.440666
-1.11224
-3.22523
-0.729686
-2.22047
-2.09318
-2.04911
-2.9597
-2.02864
-3.67403
-1.52437
-0.681075
-2.58853
-2.08478
-1.27275
-1.36511
-2.45674
-1.17804
-2.41484
-2.9133
-0.611055
-4.99873
-3.07193
-1.77427
-1.76437
0
-1.94022
-2.24648
-2.20721
-1.7028
-1.43724
-1.74038
-1.44396
-2.40823
-2.79292
-2.87992
-1.81834
-1.65875
-1.03274
-1.80899
-3.20605
-3.10703
-2.48735
0.181984
-2.45539
-1.69615
-2.03154
-1.9012
-2.67612
-1.44154
-2.16766
-0.579267
-1.94022
0
-3.40563
-1.62117
-2.16126
-2.21783
-0.185963
-1.53271
-1.94183
-0.589374
-2.21405
-2.69018
-1.92523
-2.82147
-4.05616
-2.54437
-1.2833
-2.32677
-3.83392
-2.02685
-0.277044
-2.73629
-1.66383
-1.51418
-3.43842
-2.6525
-0.440666
-2.24648
-3.40563
0
-3.65776
-1.54801
-2.02401
-2.17155
-2.59139
-2.86822
-2.58033
-0.788534
-2.11834
-2.43747
-3.89012
-1.51138
-1.15048
-2.97394
-1.66018
-2.62573
-2.14224
-0.881478
-1.29818
-2.18223
-2.25454
-1.49176
-0.761623
-1.11224
-2.20721
-1.62117
-3.65776
0
-0.621448
-1.39063
-1.21814
-2.01044
-2.09256
-2.13805
-2.49149
-1.71811
-0.739462
-0.757262
-3.97771
-1.35675
0.174143
-2.67288
-1.27363
0.435624
-2.38237
-2.01943
-0.136852
-3.12366
-1.19036
0.189448
-3.22523
-1.7028
-2.16126
-1.54801
-0.621448
0
-3.50475
-1.26749
-3.30537
-3.11308
-1.25671
-3.44289
-2.50263
-2.53585
-4.18901
-2.30828
-1.52152
-1.45454
-1.18468
-1.22937
-3.71797
-1.5184
-1.66249
-1.60644
-2.53002
-2.54679
-1.62268
-0.729686
-1.43724
-2.21783
-2.02401
-1.39063
-3.50475
0
-1.27457
-1.66742
-2.01668
-0.299757
-2.2585
-0.682259
-2.40728
-2.60798
-1.97331
-0.909649
-2.42024
-1.65383
-2.00018
-1.76462
-1.37263
-2.50081
-2.47434
-1.45304
-2.83675
-0.454082
-2.22047
-1.74038
-0.185963
-2.17155
-1.21814
-1.26749
-1.27457
0
-1.55626
-1.09709
-1.45038
-2.47899
-2.48235
-1.43523
-1.66056
-1.56592
-3.2163
-0.934537
-1.61186
-1.74206
-1.70411
-0.531756
-0.488537
-3.47316
-1.96498
-3.04587
0.149158
-2.09318
-1.44396
-1.53271
-2.59139
-2.01044
-3.30537
-1.66742
-1.55626
0
-2.03901
-3.65508
-0.977226
-0.384393
-3.42791
-2.95187
-2.33807
-1.32319
-1.91798
-4.37401
-1.99371
-0.487008
-2.61911
-2.21956
-1.61941
-1.1853
-2.83624
-0.958286
-2.04911
-2.40823
-1.94183
-2.86822
-2.09256
-3.11308
-2.01668
-1.09709
-2.03901
0
-2.17947
0.552082
-1.56472
-2.53755
-1.6054
-1.03758
-1.56083
-1.83189
-0.714897
-0.335407
-3.98269
-1.38554
-2.32239
-2.59493
-2.6057
-1.79782
-1.61341
-2.9597
-2.79292
-0.589374
-2.58033
-2.13805
-1.25671
-0.299757
-1.45038
-3.65508
-2.17947
0
-2.87542
0.143887
-1.01549
-1.60961
-3.08256
-2.8273
-1.81727
-2.53211
-2.93594
-2.67006
-3.29114
-2.1431
-3.12013
-2.95543
-1.83664
-1.54951
-2.02864
-2.87992
-2.21405
-0.788534
-2.49149
-3.44289
-2.2585
-2.47899
-0.977226
0.552082
-2.87542
0
-2.23599
-2.86092
-4.34123
-2.79251
-3.3871
-1.62631
-2.1185
-2.9603
-3.92676
-2.75886
-1.82249
-1.5836
-1.93716
-3.24831
-0.100107
-3.67403
-1.81834
-2.69018
-2.11834
-1.71811
-2.50263
-0.682259
-2.48235
-0.384393
-1.56472
0.143887
-2.23599
0
-3.13439
-1.16631
-2.2497
-1.96598
-2.14836
-3.3333
-1.17088
-4.29717
-0.442036
-0.892171
-1.54181
-0.622657
-2.97984
-2.38244
-1.52437
-1.65875
-1.92523
-2.43747
-0.739462
-2.53585
-2.40728
-1.43523
-3.42791
-2.53755
-1.01549
-2.86092
-3.13439
0
-1.14873
-1.59864
-2.14119
-2.9853
-0.987168
-1.33819
-2.58235
-0.113688
-1.33492
-0.983143
-1.65415
-2.72592
-2.04957
-0.681075
-1.03274
-2.82147
-3.89012
-0.757262
-4.18901
-2.60798
-1.66056
-2.95187
-1.6054
-1.60961
-4.34123
-1.16631
-1.14873
0
-0.65225
-0.96177
-1.23764
-1.37403
-2.50086
-2.54249
-0.425641
-1.22532
-1.41933
-2.09053
-2.38262
-1.63175
-2.58853
-1.80899
-4.05616
-1.51138
-3.97771
-2.30828
-1.97331
-1.56592
-2.33807
-1.03758
-3.08256
-2.79251
-2.2497
-1.59864
-0.65225
0
-1.76336
-1.47451
-1.92557
0.327151
-1.33276
-2.57049
-1.40626
-2.06385
-3.37456
-3.4738
-1.12133
-2.08478
-3.20605
-2.54437
-1.15048
-1.35675
-1.52152
-0.909649
-3.2163
-1.32319
-1.56083
-2.8273
-3.3871
-1.96598
-2.14119
-0.96177
-1.76336
0
-2.76898
-2.0802
-1.60749
-1.41412
-2.9735
-2.42362
-0.29169
-1.17126
-1.23281
-2.88584
-1.27275
-3.10703
-1.2833
-2.97394
0.174143
-1.45454
-2.42024
-0.934537
-1.91798
-1.83189
-1.81727
-1.62631
-2.14836
-2.9853
-1.23764
-1.47451
-2.76898
0
-1.59257
-2.28814
-3.34734
-1.64829
-1.9659
-2.04628
-1.96448
-2.03769
-2.07243
-1.36511
-2.48735
-2.32677
-1.66018
-2.67288
-1.18468
-1.65383
-1.61186
-4.37401
-0.714897
-2.53211
-2.1185
-3.3333
-0.987168
-1.37403
-1.92557
-2.0802
-1.59257
0
-0.968687
-2.98106
-1.41059
-2.18625
-0.600128
-0.070115
-2.26486
-1.24835
-2.45674
0.181984
-3.83392
-2.62573
-1.27363
-1.22937
-2.00018
-1.74206
-1.99371
-0.335407
-2.93594
-2.9603
-1.17088
-1.33819
-2.50086
0.327151
-1.60749
-2.28814
-0.968687
0
-1.53158
-1.73136
-2.55061
-1.94391
-0.390339
-1.75881
-0.788853
-1.17804
-2.45539
-2.02685
-2.14224
0.435624
-3.71797
-1.76462
-1.70411
-0.487008
-3.98269
-2.67006
-3.92676
-4.29717
-2.58235
-2.54249
-1.33276
-1.41412
-3.34734
-2.98106
-1.53158
0
