0
-2.26511
-1.65441
-1.75978
-1.98105
-1.13412
-1.56727
-2.76725
-2.51041
-2.15724
-1.95048
-2.42051
-1.41308
-1.67303
-0.904683
-1.89098
-3.21781
-1.52497
-0.496282
-2.28323
-1.73964
-3.50833
-1.90947
-1.21946
-0.655945
-1.07613
0.148655
-2.26511
0
-3.56477
-1.5679
-3.54871
-1.90984
-2.34273
-2.10678
-2.32772
-1.63123
-3.73394
-0.107313
-0.772134
-2.70725
-3.44507
-2.53369
-2.51664
-1.83189
-2.3436
-2.68335
-2.98767
-1.27885
-1.6758
-2.44277
-2.13758
-1.61759
-1.38888
-1.65441
-3.56477
0
-0.939017
-2.92738
-2.30283
-1.48126
-2.08534
-1.26363
-1.97873
-0.957844
-4.16831
-1.16282
-2.304
-2.26321
-0.944374
-0.428535
-2.49765
-1.83861
-3.28176
-1.50738
-2.66914
-2.11772
-1.73021
-0.305768
-1.32865
-2.16195
-1.75978
-1.5679
-0.939017
0
-1.74549
-3.0639
-2.21479
-3.56523
-2.11144
-1.74726
-1.91674
-1.45311
-3.52622
-3.9339
0.16569
-2.29688
-1.38184
-2.81309
-2.86752
-2.22354
-0.655671
-2.11248
-1.2091
-2.9812
-2.57986
-1.98762
-1.79509
-1.98105
-3.54871
-2.92738
-1.74549
0
-2.41461
-2.77004
-2.93149
-1.96902
-1.27353
-2.724
-2.00727
-1.65718
-2.59426
-0.329941
-1.70424
-1.9086
-2.68191
-2.38245
-2.31306
-0.719967
-3.32176
-0.792678
-0.0558902
-2.61605
-1.9782
-1.57916
-1.13412
-1.90984
-2.30283
-3.0639
-2.41461
0
-1.65533
-1.82292
-1.05748
-2.64212
-2.03481
-1.24329
-0.652357
-3.76038
-1.40341
-1.27701
-2.17934
-0.80673
-2.21185
-1.10533
-0.847633
-1.23376
-2.09545
-1.07301
-3.11496
-1.8272
-1.6545
-1.56727
-2.34273
-1.48126
-2.21479
-2.77004
-1.65533
0
-2.72105
-2.36942
-2.72518
-0.680161
-1.81395
-1.6098
-1.3935
-2.76848
-1.54545
-2.96828
-1.16365
-1.02453
-2.69112
-1.31529
-2.68264
-0.796667
-1.81576
-2.36467
-3.17123
-1.93169
-2.76725
-2.10678
-2.08534
-3.56523
-2.93149
-1.82292
-2.72105
0
-2.56152
-1.79177
-2.7187
-1.42617
-0.448536
-1.70013
-1.57217
-1.35742
-3.12483
-1.4975
-0.554565
-3.79333
-2.44735
-4.15145
-2.34063
0.500621
-1.49594
-1.84946
-0.950484
-2.51041
-2.32772
-1.26363
-2.11144
-1.96902
-1.05748
-2.36942
-2.56152
0
-0.0272094
-1.31608
-0.404509
-2.03502
-0.136315
-0.434439
-0.654308
-4.43824
-0.814247
-2.46983
-3.07389
-0.970263
-3.82766
-3.32806
-2.57445
-0.485956
-1.84225
-2.2926
-2.15724
-1.63123
-1.97873
-1.74726
-1.27353
-2.64212
-2.72518
-1.79177
-0.0272094
0
-2.32069
-2.02995
-2.88481
-1.71093
-3.42482
-3.4096
-2.25883
-1.58894
-2.28015
-3.45495
-2.29092
-3.07979
-1.2156
-0.841806
-2.59235
-2.71164
-3.51628
-1.95048
-3.73394
-0.957844
-1.91674
-2.724
-2.03481
-0.680161
-2.7187
-1.31608
-2.32069
0
-1.99098
-2.96175
-0.494
0.476792
-0.760103
-3.05648
-2.99716
-3.03797
-1.97919
-2.43253
-0.547799
-1.84736
-2.45568
-2.63631
-0.866644
-2.17337
-2.42051
-0.107313
-4.16831
-1.45311
-2.00727
-1.24329
-1.81395
-1.42617
-0.404509
-2.02995
-1.99098
0
-1.92009
-2.24272
-2.39421
-3.9814
-2.49384
-2.31147
-1.85146
-0.892647
-3.1005
-0.644434
-2.41483
-3.43007
-1.12691
-1.40312
-2.89821
-1.41308
-0.772134
-1.16282
-3.52622
-1.65718
-0.652357
-1.6098
-0.448536
-2.03502
-2.88481
-2.96175
-1.92009
0
-2.76052
-1.7019
-2.16605
-2.61669
-2.21298
-3.03842
-3.72635
-1.18828
-1.65151
-2.44615
-3.69252
-0.258099
-1.69894
-3.452
-1.67303
-2.70725
-2.304
-3.9339
-2.59426
-3.76038
-1.3935
-1.70013
-0.136315
-1.71093
-0.494
-2.24272
-2.76052
0
-3.40294
-0.00846962
-2.58776
-1.26277
-2.76284
-2.2
-1.66438
-0.708419
-2.16885
-2.26061
-2.67865
-1.59329
-2.90128
-0.904683
-3.44507
-2.26321
0.16569
-0.329941
-1.40341
-2.76848
-1.57217
-0.434439
-3.42482
0.476792
-2.39421
-1.7019
-3.40294
0
-1.52371
-2.65866
-3.13026
-2.24962
-3.21314
-0.433483
0.814849
-1.18944
-2.30637
-1.42231
-2.00319
-1.34866
-1.89098
-2.53369
-0.944374
-2.29688
-1.70424
-1.27701
-1.54545
-1.35742
-0.654308
-3.4096
-0.760103
-3.9814
-2.16605
-0.00846962
-1.52371
0
-0.588705
-3.11992
-1.88354
-2.25576
-2.34339
-1.13678
-2.8332
-1.76649
-2.36028
-2.66605
-2.00451
-3.21781
-2.51664
-0.428535
-1.38184
-1.9086
-2.17934
-2.96828
-3.12483
-4.43824
-2.25883
-3.05648
-2.49384
-2.61669
-2.58776
-2.65866
-0.588705
0
-1.50422
-2.95982
-1.40057
-2.13818
-2.13251
-2.32194
-3.97033
-0.72955
-2.7289
-1.40643
-1.52497
-1.83189
-2.49765
-2.81309
-2.68191
-0.80673
-1.16365
-1.4975
-0.814247
-1.58894
-2.99716
-2.31147
-2.21298
-1.26277
-3.13026
-3.11992
-1.50422
0
-3.05306
-2.28172
-2.3716
-2.77869
-1.63572
-2.45318
-2.81026
-2.08016
-2.46605
-0.496282
-2.3436
-1.83861
-2.86752
-2.38245
-2.21185
-1.02453
-0.554565
-2.46983
-2.28015
-3.03797
-1.85146
-3.03842
-2.76284
-2.24962
-1.88354
-2.95982
-3.05306
0
-1.12047
-2.95838
-1.1773
-2.42741
-2.0799
0.323772
-1.39945
-0.871844
-2.28323
-2.68335
-3.28176
-2.22354
-2.31306
-1.10533
-2.69112
-3.79333
-3.07389
-3.45495
-1.97919
-0.892647
-3.72635
-2.2
-3.21314
-2.25576
-1.40057
-2.28172
-1.12047
0
-0.682853
-1.88555
-1.68206
-3.51706
-2.31501
-3.49366
-2.45555
-1.73964
-2.98767
-1.50738
-0.655671
-0.719967
-0.847633
-1.31529
-2.44735
-0.970263
-2.29092
-2.43253
-3.1005
-1.18828
-1.66438
-0.433483
-2.34339
-2.13818
-2.3716
-2.95838
-0.682853
0
-1.17808
-2.57439
-2.02268
-1.16927
-1.25662
-2.98394
-3.50833
-1.27885
-2.66914
-2.11248
-3.32176
-1.23376
-2.68264
-4.15145
-3.82766
-3.07979
-0.547799
-0.644434
-1.65151
-0.708419
0.814849
-1.13678
-2.13251
-2.77869
-1.1773
-1.88555
-1.17808
0
-3.22959
-2.19336
-0.17694
-2.49845
-3.86251
-1.90947
-1.6758
-2.11772
-1.2091
-0.792678
-2.09545
-0.796667
-2.34063
-3.32806
-1.2156
-1.84736
-2.41483
-2.44615
-2.16885
-1.18944
-2.8332
-2.32194
-1.63572
-2.42741
-1.68206
-2.57439
-3.22959
0
-1.39012
-1.8994
-2.22496
-0.00416467
-1.21946
-2.44277
-1.73021
-2.9812
-0.0558902
-1.07301
-1.81576
0.500621
-2.57445
-0.841806
-2.45568
-3.43007
-3.69252
-2.26061
-2.30637
-1.76649
-3.97033
-2.45318
-2.0799
-3.51706
-2.02268
-2.19336
-1.39012
0
-4.01215
-1.41615
-3.40309
-0.655945
-2.13758
-0.305768
-2.57986
-2.61605
-3.11496
-2.36467
-1.49594
-0.485956
-2.59235
-2.63631
-1.12691
-0.258099
-2.67865
-1.42231
-2.36028
-0.72955
-2.81026
0.323772
-2.31501
-1.16927
-0.17694
-1.8994
-4.01215
0
-2.53169
-3.52264
-1.07613
-1.61759
-1.32865
-1.98762
-1.9782
-1.8272
-3.17123
-1.84946
-1.84225
-2.71164
-0.866644
-1.40312
-1.69894
-1.59329
-2.00319
-2.66605
-2.7289
-2.08016
-1.39945
-3.49366
-1.25662
-2.49845
-2.22496
-1.41615
-2.53169
0
-2.31446
0.148655
-1.38888
-2.16195
-1.79509
-1.57916
-1.6545
-1.93169
-0.950484
-2.2926
-3.51628
-2.17337
-2.89821
-3.452
-2.90128
-1.34866
-2.00451
-1.40643
-2.46605
-0.871844
-2.45555
-2.98394
-3.86251
-0.00416467
-3.40309
-3.52264
-2.31446
0
