0
-2.49445
-2.11081
-2.49309
-2.41939
-1.49893
-0.42521
-2.19465
-2.50157
-1.80006
0.72755
-0.522352
-1.86043
-2.89751
-4.80563
-1.8367
-2.51759
-3.14176
0.0548905
0.267517
-0.103709
-1.45002
-2.30864
-2.1855
-2.15858
-1.47486
-1.40042
-2.49445
0
-1.9373
-2.05673
-2.7959
-1.60618
-1.8803
-3.12898
-2.94765
-2.43239
-0.702792
-0.553293
-3.43582
-2.28152
-1.2421
-0.660249
-2.2911
-1.27093
-2.27249
-2.09758
-1.03476
-2.92503
-1.58506
-0.779706
-1.81043
-2.55253
-1.50436
-2.11081
-1.9373
0
-1.90047
-2.61223
-2.65985
-2.6232
-3.52855
-3.14063
-2.38232
-2.79346
-1.44818
-1.9541
-1.80626
-2.71554
-3.30966
-0.968725
-1.72851
-1.70525
-3.84231
-2.44982
-3.18281
-2.21005
-1.3292
-3.26166
-2.29341
-1.40644
-2.49309
-2.05673
-1.90047
0
-0.83403
-2.73107
-3.69521
-2.24718
-2.02783
-0.0611245
-1.57905
-1.69513
-2.94029
-2.34189
-1.56702
-1.76246
-4.45248
-3.2644
-2.58285
-0.641777
-1.21987
-2.31609
-2.77975
-2.37946
-2.60262
-1.17258
-0.690032
-2.41939
-2.7959
-2.61223
-0.83403
0
-1.65973
-1.98885
-1.2204
-1.89599
-1.21499
-1.77347
-0.883952
-1.32162
-2.20406
-2.40036
-2.33866
-2.56744
-2.34183
-2.39288
-1.99502
-3.7081
-0.818782
-1.16092
-1.35907
-1.24318
-1.51507
-1.38328
-1.49893
-1.60618
-2.65985
-2.73107
-1.65973
0
-2.43535
-2.22873
-1.64842
-2.30989
-3.01561
-3.62961
-2.16646
-1.06979
-1.78935
-1.93559
-0.754546
-3.25139
-2.77323
-1.54449
-1.25513
-2.19892
-3.11208
-1.16221
-0.909765
-4.49993
-1.44137
-0.42521
-1.8803
-2.6232
-3.69521
-1.98885
-2.43535
0
-3.18303
-1.50651
-1.64527
-0.706758
-1.5209
-1.55071
-2.11519
-0.702737
-2.20262
-2.66086
-3.34176
-1.88033
-3.25407
-3.24393
-2.97403
-1.71135
-1.74577
-0.828397
-1.87822
-0.862254
-2.19465
-3.12898
-3.52855
-2.24718
-1.2204
-2.22873
-3.18303
0
-1.4954
-2.8464
-2.33149
-2.33659
-1.78613
-2.24206
-1.9729
-2.38743
-3.33322
-1.37543
-2.05532
0.318639
-1.33183
-2.23948
-1.40008
-3.11349
-1.64519
-1.0707
-2.74785
-2.50157
-2.94765
-3.14063
-2.02783
-1.89599
-1.64842
-1.50651
-1.4954
0
-2.44528
-3.07983
-1.72025
-2.2729
-2.05712
-3.05136
-2.07355
-0.179178
-1.87619
-1.84019
-4.14141
-1.98829
-1.98512
-1.08388
-2.13813
-1.47236
-0.142674
-1.44022
-1.80006
-2.43239
-2.38232
-0.0611245
-1.21499
-2.30989
-1.64527
-2.8464
-2.44528
0
-1.36469
-1.4477
-1.97996
-1.39182
-1.80788
-3.01579
-1.60188
-0.759229
-3.00939
-2.23894
-2.90789
-2.79598
-1.56849
-2.37955
-3.55702
-1.45449
-3.02826
0.72755
-0.702792
-2.79346
-1.57905
-1.77347
-3.01561
-0.706758
-2.33149
-3.07983
-1.36469
0
-2.53002
-0.951656
-2.59939
-1.24148
-1.20794
-2.26238
-1.99403
-3.53451
-2.44852
-1.82134
-1.21863
-0.519979
-0.391695
-3.23492
-1.87796
-2.87854
-0.522352
-0.553293
-1.44818
-1.69513
-0.883952
-3.62961
-1.5209
-2.33659
-1.72025
-1.4477
-2.53002
0
-1.22081
-1.44838
-1.91289
-3.60339
-1.83977
-0.113226
-2.2668
-1.9812
-2.39711
-1.05618
-0.896349
-0.365429
-2.22743
-0.458171
-3.76043
-1.86043
-3.43582
-1.9541
-2.94029
-1.32162
-2.16646
-1.55071
-1.78613
-2.2729
-1.97996
-0.951656
-1.22081
0
-2.38442
-0.574348
-2.12501
-3.47045
-1.47973
-1.94062
-3.27498
-1.45039
-3.48768
-2.06412
-0.649257
-2.85547
-2.50615
-1.07494
-2.89751
-2.28152
-1.80626
-2.34189
-2.20406
-1.06979
-2.11519
-2.24206
-2.05712
-1.39182
-2.59939
-1.44838
-2.38442
0
-1.75744
-2.89485
-2.04957
-1.30832
-1.97252
-2.05249
-1.10458
-3.62805
-0.410306
-2.13622
-2.84823
-1.51717
-1.72271
-4.80563
-1.2421
-2.71554
-1.56702
-2.40036
-1.78935
-0.702737
-1.9729
-3.05136
-1.80788
-1.24148
-1.91289
-0.574348
-1.75744
0
-3.00664
-1.97016
-3.05881
-1.11418
-0.461084
-3.80619
-2.29636
-3.69783
-3.22944
-1.64012
-2.59695
-3.66921
-1.8367
-0.660249
-3.30966
-1.76246
-2.33866
-1.93559
-2.20262
-2.38743
-2.07355
-3.01579
-1.20794
-3.60339
-2.12501
-2.89485
-3.00664
0
-2.87494
-1.86225
-2.98029
-2.40053
-2.84678
-1.25596
-1.25545
-4.22711
-2.54049
-1.80403
-1.07898
-2.51759
-2.2911
-0.968725
-4.45248
-2.56744
-0.754546
-2.66086
-3.33322
-0.179178
-1.60188
-2.26238
-1.83977
-3.47045
-2.04957
-1.97016
-2.87494
0
-1.54254
-1.66231
-2.61018
-2.27423
-1.56223
-3.21104
-3.39407
-2.22203
-3.27544
-0.925783
-3.14176
-1.27093
-1.72851
-3.2644
-2.34183
-3.25139
-3.34176
-1.37543
-1.87619
-0.759229
-1.99403
-0.113226
-1.47973
-1.30832
-3.05881
-1.86225
-1.54254
0
-2.84287
-1.69226
-0.835809
-1.58385
-3.84838
-2.53597
-2.62503
-0.913979
-3.31502
0.0548905
-2.27249
-1.70525
-2.58285
-2.39288
-2.77323
-1.88033
-2.05532
-1.84019
-3.00939
-3.53451
-2.2668
-1.94062
-1.97252
-1.11418
-2.98029
-1.66231
-2.84287
0
-0.40881
-4.4832
-1.54757
-0.797034
-3.56532
-2.21414
-2.89046
-0.973219
0.267517
-2.09758
-3.84231
-0.641777
-1.99502
-1.54449
-3.25407
0.318639
-4.14141
-2.23894
-2.44852
-1.9812
-3.27498
-2.05249
-0.461084
-2.40053
-2.61018
-1.69226
-0.40881
0
-1.96704
-3.54586
-0.446649
-0.190786
0.845094
-0.20923
-1.85868
-0.103709
-1.03476
-2.44982
-1.21987
-3.7081
-1.25513
-3.24393
-1.33183
-1.98829
-2.90789
-1.82134
-2.39711
-1.45039
-1.10458
-3.80619
-2.84678
-2.27423
-0.835809
-4.4832
-1.96704
0
-4.48053
-0.70453
-2.11
-1.46842
-2.62188
-2.05196
-1.45002
-2.92503
-3.18281
-2.31609
-0.818782
-2.19892
-2.97403
-2.23948
-1.98512
-2.79598
-1.21863
-1.05618
-3.48768
-3.62805
-2.29636
-1.25596
-1.56223
-1.58385
-1.54757
-3.54586
-4.48053
0
-2.78727
-0.430494
-0.629768
-1.60483
-2.8699
-2.30864
-1.58506
-2.21005
-2.77975
-1.16092
-3.11208
-1.71135
-1.40008
-1.08388
-1.56849
-0.519979
-0.896349
-2.06412
-0.410306
-3.69783
-1.25545
-3.21104
-3.84838
-0.797034
-0.446649
-0.70453
-2.78727
0
-2.92996
-0.795719
-2.52383
-0.993568
-2.1855
-0.779706
-1.3292
-2.37946
-1.35907
-1.16221
-1.74577
-3.11349
-2.13813
-2.37955
-0.391695
-0.365429
-0.649257
-2.13622
-3.22944
-4.22711
-3.39407
-2.53597
-3.56532
-0.190786
-2.11
-0.430494
-2.92996
0
-0.346859
-1.35477
-0.274969
-2.15858
-1.81043
-3.26166
-2.60262
-1.24318
-0.909765
-0.828397
-1.64519
-1.47236
-3.55702
-3.23492
-2.22743
-2.85547
-2.84823
-1.64012
-2.54049
-2.22203
-2.62503
-2.21414
0.845094
-1.46842
-0.629768
-0.795719
-0.346859
0
-1.79434
-1.2621
-1.47486
-2.55253
-2.29341
-1.17258
-1.51507
-4.49993
-1.87822
-1.0707
-0.142674
-1.45449
-1.87796
-0.458171
-2.50615
-1.51717
-2.59695
-1.80403
-3.27544
-0.913979
-2.89046
-0.20923
-2.62188
-1.60483
-2.52383
-1.35477
-1.79434
0
-4.07174
-1.40042
-1.50436
-1.40644
-0.690032
-1.38328
-1.44137
-0.862254
-2.74785
-1.44022
-3.02826
-2.87854
-3.76043
-1.07494
-1.72271
-3.66921
-1.07898
-0.925783
-3.31502
-0.973219
-1.85868
-2.05196
-2.8699
-0.993568
-0.274969
-1.2621
-4.07174
0
