0
-2.69023
-3.43932
-1.59245
-0.160643
-0.48532
-1.23028
-1.11239
-1.30103
-3.81669
-2.85265
-2.09855
-2.49711
-2.6013
-1.72956
-2.7428
-1.91644
-0.0643155
-1.67349
-3.49934
-1.62082
-0.963283
-2.81301
-0.828934
-0.807889
-3.36599
-1.79311
-2.69023
0
-2.40816
-2.72794
-1.04213
-2.31825
-1.03852
-2.30032
-0.92978
-2.64889
-0.66901
-3.45058
-1.63796
-0.688742
-1.54039
-2.7312
-3.15446
-2.61453
-0.414937
-0.160397
-3.62149
-1.56917
-1.91686
-1.8391
-1.558
-2.65431
0.103331
-3.43932
-2.40816
0
-1.64995
-1.95956
-1.38618
-3.81868
-2.72541
-1.11056
-0.355004
-2.95637
-1.45416
0.105297
-2.50378
-3.00995
-2.39691
-1.94724
-1.19113
-2.49723
-2.2133
-3.89924
-1.76048
-3.25037
-1.57019
-2.30482
-1.318
-2.42944
-1.59245
-2.72794
-1.64995
0
-0.180335
-1.10759
-2.58476
-1.80189
-2.76776
-1.71572
-0.664695
-3.1553
-2.13906
-0.930568
-2.57173
-2.1986
-3.38475
-2.12165
-0.882797
-2.4036
-2.89358
-3.98413
-1.90662
-3.31372
-1.77397
-1.9322
-2.68485
-0.160643
-1.04213
-1.95956
-0.180335
0
-3.97382
-2.48825
-3.32386
-1.96172
-2.65919
-2.19622
-3.77323
-2.36296
-1.82794
-3.69662
-1.41832
-2.82081
-1.74627
0.338599
-2.2971
-0.289152
-2.7824
-2.11759
-1.51488
-1.20066
-3.98893
-0.809998
-0.48532
-2.31825
-1.38618
-1.10759
-3.97382
0
-2.40962
-1.90865
-1.45163
-3.72142
-0.651614
-2.04316
-2.25902
-1.51971
-3.36775
-2.58886
-2.0799
-4.00641
-2.26286
-2.2464
-2.87825
-0.723874
-0.91975
-2.2371
-2.3975
-3.03091
-2.5514
-1.23028
-1.03852
-3.81868
-2.58476
-2.48825
-2.40962
0
-3.10921
-2.99439
-2.12356
-3.66141
-2.18325
-3.31898
-0.625001
0.991835
-3.49242
-2.66359
-1.05686
-2.7923
-1.4813
-1.01225
-1.74686
-2.72801
-1.26735
0.186019
-3.25235
-1.46294
-1.11239
-2.30032
-2.72541
-1.80189
-3.32386
-1.90865
-3.10921
0
-2.16904
-3.47347
-1.75475
-2.77506
-1.96984
-0.95427
-2.19285
-1.36727
-3.3813
-2.3198
-2.16586
-2.95192
-3.41228
-3.65603
-2.84898
-2.57908
-1.59236
-1.20685
-1.20907
-1.30103
-0.92978
-1.11056
-2.76776
-1.96172
-1.45163
-2.99439
-2.16904
0
-2.87933
-1.04718
-1.75388
-1.659
-1.86112
1.24944
-2.70048
-1.18356
-2.30367
-2.01396
-2.31003
-2.25791
-2.97695
-0.592156
-0.675178
-3.16782
-0.0809969
-3.43254
-3.81669
-2.64889
-0.355004
-1.71572
-2.65919
-3.72142
-2.12356
-3.47347
-2.87933
0
-3.13044
-2.11921
-2.11321
-0.0717439
-3.69629
-0.08827
-1.03777
-2.75038
-4.2666
-3.04235
-0.562776
-2.47013
-1.50573
-3.13202
-2.32892
-1.74588
-2.35422
-2.85265
-0.66901
-2.95637
-0.664695
-2.19622
-0.651614
-3.66141
-1.75475
-1.04718
-3.13044
0
-1.80719
-1.03383
-2.81417
-1.38832
-1.29388
-3.67723
-0.902016
-4.30115
-3.36598
-3.23144
-3.885
-1.48917
-2.27771
-0.8027
-1.095
-2.10644
-2.09855
-3.45058
-1.45416
-3.1553
-3.77323
-2.04316
-2.18325
-2.77506
-1.75388
-2.11921
-1.80719
0
-1.40676
-2.07995
-1.89327
-1.97052
-3.42007
-0.466732
-1.09993
-1.69378
-3.35524
-3.38232
-2.65822
-2.08495
-2.42423
-1.32478
-0.656591
-2.49711
-1.63796
0.105297
-2.13906
-2.36296
-2.25902
-3.31898
-1.96984
-1.659
-2.11321
-1.03383
-1.40676
0
-2.23579
-3.65873
-0.258276
0.64237
-0.324653
-1.98527
-1.92365
-2.54215
-3.48972
-1.67019
0.641073
-1.59109
-3.04954
-3.97424
-2.6013
-0.688742
-2.50378
-0.930568
-1.82794
-1.51971
-0.625001
-0.95427
-1.86112
-0.0717439
-2.81417
-2.07995
-2.23579
0
-1.15256
-2.08301
-1.85711
-2.08362
-0.6902
-2.62883
-2.54688
-1.93406
-2.47314
-2.49293
-0.52185
-3.03091
-2.45563
-1.72956
-1.54039
-3.00995
-2.57173
-3.69662
-3.36775
0.991835
-2.19285
1.24944
-3.69629
-1.38832
-1.89327
-3.65873
-1.15256
0
-3.2251
-2.29577
-1.58504
-3.26047
-0.989152
-1.63404
-2.23295
-1.3491
-1.8235
-1.21113
-0.678189
-1.10162
-2.7428
-2.7312
-2.39691
-2.1986
-1.41832
-2.58886
-3.49242
-1.36727
-2.70048
-0.08827
-1.29388
-1.97052
-0.258276
-2.08301
-3.2251
0
-1.61916
-1.75074
-2.03646
-2.27606
-2.39139
-1.86833
-1.98031
0.019652
-1.51368
-1.15802
-3.76944
-1.91644
-3.15446
-1.94724
-3.38475
-2.82081
-2.0799
-2.66359
-3.3813
-1.18356
-1.03777
-3.67723
-3.42007
0.64237
-1.85711
-2.29577
-1.61916
0
-1.98105
-2.75046
-3.06628
-0.767142
0.529263
-0.822676
-1.58282
-1.89506
-3.5936
-0.640228
-0.0643155
-2.61453
-1.19113
-2.12165
-1.74627
-4.00641
-1.05686
-2.3198
-2.30367
-2.75038
-0.902016
-0.466732
-0.324653
-2.08362
-1.58504
-1.75074
-1.98105
0
-3.26964
-3.37586
-1.33509
-1.39485
-0.268894
-2.8684
-2.86484
-0.474343
0.438074
-1.67349
-0.414937
-2.49723
-0.882797
0.338599
-2.26286
-2.7923
-2.16586
-2.01396
-4.2666
-4.30115
-1.09993
-1.98527
-0.6902
-3.26047
-2.03646
-2.75046
-3.26964
0
-1.98123
-2.17725
-1.00112
-0.52275
-2.28457
-2.91467
-2.52453
-1.02386
-3.49934
-0.160397
-2.2133
-2.4036
-2.2971
-2.2464
-1.4813
-2.95192
-2.31003
-3.04235
-3.36598
-1.69378
-1.92365
-2.62883
-0.989152
-2.27606
-3.06628
-3.37586
-1.98123
0
-3.20609
-2.97823
-2.84774
-1.19185
-2.54821
-2.22161
-2.4072
-1.62082
-3.62149
-3.89924
-2.89358
-0.289152
-2.87825
-1.01225
-3.41228
-2.25791
-0.562776
-3.23144
-3.35524
-2.54215
-2.54688
-1.63404
-2.39139
-0.767142
-1.33509
-2.17725
-3.20609
0
-0.413415
-1.37129
-2.92168
0.28873
-1.37023
-2.0798
-0.963283
-1.56917
-1.76048
-3.98413
-2.7824
-0.723874
-1.74686
-3.65603
-2.97695
-2.47013
-3.885
-3.38232
-3.48972
-1.93406
-2.23295
-1.86833
0.529263
-1.39485
-1.00112
-2.97823
-0.413415
0
-1.66049
-2.27358
-1.79053
-0.888073
-1.37801
-2.81301
-1.91686
-3.25037
-1.90662
-2.11759
-0.91975
-2.72801
-2.84898
-0.592156
-1.50573
-1.48917
-2.65822
-1.67019
-2.47314
-1.3491
-1.98031
-0.822676
-0.268894
-0.52275
-2.84774
-1.37129
-1.66049
0
-1.86849
-1.74424
-0.809814
-3.51587
-0.828934
-1.8391
-1.57019
-3.31372
-1.51488
-2.2371
-1.26735
-2.57908
-0.675178
-3.13202
-2.27771
-2.08495
0.641073
-2.49293
-1.8235
0.019652
-1.58282
-2.8684
-2.28457
-1.19185
-2.92168
-2.27358
-1.86849
0
-2.04265
-2.25043
-0.344228
-0.807889
-1.558
-2.30482
-1.77397
-1.20066
-2.3975
0.186019
-1.59236
-3.16782
-2.32892
-0.8027
-2.42423
-1.59109
-0.52185
-1.21113
-1.51368
-1.89506
-2.86484
-2.91467
-2.54821
0.28873
-1.79053
-1.74424
-2.04265
0
-3.17203
-2.63637
-3.36599
-2.65431
-1.318
-1.9322
-3.98893
-3.03091
-3.25235
-1.20685
-0.0809969
-1.74588
-1.095
-1.32478
-3.04954
-3.03091
-0.678189
-1.15802
-3.5936
-0.474343
-2.52453
-2.22161
-1.37023
-0.888073
-0.809814
-2.25043
-3.17203
0
-1.45067
-1.79311
0.103331
-2.42944
-2.68485
-0.809998
-2.5514
-1.46294
-1.20907
-3.43254
-2.35422
-2.10644
-0.656591
-3.97424
-2.45563
-1.10162
-3.76944
-0.640228
0.438074
-1.02386
-2.4072
-2.0798
-1.37801
-3.51587
-0.344228
-2.63637
-1.45067
0
