0
-2.72331
-0.495106
-1.17412
-2.17102
-2.6545
-3.14086
-1.19476
-3.17498
-3.34441
-3.6281
-1.70076
-2.20031
-1.4771
0.768294
-3.14737
-2.12401
-1.80748
-0.152726
-2.10039
-2.9068
-1.68204
-2.99549
-3.12048
-0.89484
0.118323
-0.855995
-2.72331
0
-1.41041
-1.12182
-1.85625
-2.61825
-2.93028
-1.59295
-2.84016
-2.7969
-0.0610704
-2.33268
-5.06977
-2.19862
-2.64511
-1.13411
-1.90309
-1.09783
-1.79278
-2.25836
-3.93469
-2.68
-1.57442
-1.87823
-2.70653
-2.09866
-2.25587
-0.495106
-1.41041
0
-1.04688
-1.41716
-1.34552
-1.6122
-2.39114
-1.98271
-3.10399
-3.13376
-2.19096
-0.838567
-2.07482
-1.64713
-1.10413
-1.35896
-2.50116
-2.12395
-2.39902
-2.80685
-1.14366
-2.59932
-3.03489
-2.64579
-1.25804
-2.18065
-1.17412
-1.12182
-1.04688
0
-0.792894
-1.49259
-1.56467
-0.0624634
-2.84868
-2.42939
-3.07901
-1.53212
-2.26593
0.571345
0.53381
-2.33276
-1.71685
0.0505514
-1.29456
-2.49075
-1.48359
-3.34846
-2.97232
-1.73331
-2.89241
-1.91426
-0.24667
-2.17102
-1.85625
-1.41716
-0.792894
0
-2.72733
-2.01693
-3.62561
-1.69247
-2.71006
-2.7605
-2.35115
-2.30131
-2.48295
-1.41981
-1.52149
-1.97178
-0.907434
-1.44228
-2.27484
-2.75351
-3.28366
-1.48885
-2.53522
-1.50834
-2.70379
-1.56514
-2.6545
-2.61825
-1.34552
-1.49259
-2.72733
0
-0.915757
-2.51016
-1.70623
-1.09067
-1.53111
-0.95158
-3.55201
-2.86082
-1.37956
-1.87145
0.328534
-1.36245
-1.85538
-1.71709
-1.05362
-2.59769
-2.32112
-3.18839
-1.5878
-1.39347
-1.95958
-3.14086
-2.93028
-1.6122
-1.56467
-2.01693
-0.915757
0
-1.53411
-2.63561
-3.41595
-1.59485
-1.94232
-1.81401
-1.21196
-1.73719
-1.70808
-3.11665
-1.59605
-4.09447
-2.74197
-3.21222
-0.106032
-0.362373
-1.15476
-3.32292
-3.26946
-1.03223
-1.19476
-1.59295
-2.39114
-0.0624634
-3.62561
-2.51016
-1.53411
0
-2.40816
-0.515379
-2.86802
-2.66207
-2.63833
-2.25081
-3.1262
-3.27962
-1.1195
-4.35286
-3.21925
0.632478
-1.63167
-2.56299
-1.20385
-2.51038
-0.203222
-3.27484
-0.545257
-3.17498
-2.84016
-1.98271
-2.84868
-1.69247
-1.70623
-2.63561
-2.40816
0
-0.53925
-1.76556
-2.08323
-2.29224
-2.07354
-2.22927
-2.88854
-1.01284
-2.23089
-1.96616
-0.537744
-1.39027
-2.6388
-2.66751
0.0514544
-2.04952
-1.04484
-3.8882
-3.34441
-2.7969
-3.10399
-2.42939
-2.71006
-1.09067
-3.41595
-0.515379
-0.53925
0
-0.647677
-2.87186
0.0155152
-0.980535
-2.47722
-0.370112
-2.44738
-2.55133
-2.58091
-1.66691
-0.408112
-0.424726
-1.89583
-1.86935
-1.92104
-2.78031
-2.15098
-3.6281
-0.0610704
-3.13376
-3.07901
-2.7605
-1.53111
-1.59485
-2.86802
-1.76556
-0.647677
0
-2.0893
-2.99293
-2.24681
-0.888343
-2.51338
-1.41781
-1.59031
-2.7294
-3.15545
-1.50445
-1.74163
-3.73855
-3.39162
-4.09059
-1.6164
-1.74919
-1.70076
-2.33268
-2.19096
-1.53212
-2.35115
-0.95158
-1.94232
-2.66207
-2.08323
-2.87186
-2.0893
0
-2.24916
-2.89084
-1.01485
-0.939834
-0.821631
-0.917834
-1.78067
-1.18201
-2.8801
-0.849714
-0.963951
-2.28703
-1.3883
-1.3497
-1.78064
-2.20031
-5.06977
-0.838567
-2.26593
-2.30131
-3.55201
-1.81401
-2.63833
-2.29224
0.0155152
-2.99293
-2.24916
0
-1.64357
0.271833
-1.56009
-2.98591
-4.9274
-3.1557
1.0728
-1.54564
-1.44033
-2.15034
-1.19049
-1.13053
-2.6897
-1.42845
-1.4771
-2.19862
-2.07482
0.571345
-2.48295
-2.86082
-1.21196
-2.25081
-2.07354
-0.980535
-2.24681
-2.89084
-1.64357
0
-1.9046
-1.91979
-1.64475
-1.35129
-1.36294
-2.96416
-3.00158
-2.2579
-1.98127
-1.29712
-1.22576
-3.83349
-0.0954286
0.768294
-2.64511
-1.64713
0.53381
-1.41981
-1.37956
-1.73719
-3.1262
-2.22927
-2.47722
-0.888343
-1.01485
0.271833
-1.9046
0
-1.86035
-1.55547
-2.42092
-1.71588
-2.24697
-1.5108
-2.44428
-1.7901
-1.03157
-1.15272
-2.63446
-0.873641
-3.14737
-1.13411
-1.10413
-2.33276
-1.52149
-1.87145
-1.70808
-3.27962
-2.88854
-0.370112
-2.51338
-0.939834
-1.56009
-1.91979
-1.86035
0
-1.0901
-2.67784
-3.4766
-3.36073
-0.583761
-2.00255
-2.04672
-2.00546
-1.21153
-2.21858
-3.3474
-2.12401
-1.90309
-1.35896
-1.71685
-1.97178
0.328534
-3.11665
-1.1195
-1.01284
-2.44738
-1.41781
-0.821631
-2.98591
-1.64475
-1.55547
-1.0901
0
-2.5277
-0.218471
-0.736899
-2.10388
-1.97607
0.531849
-2.75535
-1.92193
-2.30456
-1.23991
-1.80748
-1.09783
-2.50116
0.0505514
-0.907434
-1.36245
-1.59605
-4.35286
-2.23089
-2.55133
-1.59031
-0.917834
-4.9274
-1.35129
-2.42092
-2.67784
-2.5277
0
-0.600088
-2.45712
-4.02569
-3.99888
-1.22315
-2.44271
-2.4816
-4.19126
-2.67002
-0.152726
-1.79278
-2.12395
-1.29456
-1.44228
-1.85538
-4.09447
-3.21925
-1.96616
-2.58091
-2.7294
-1.78067
-3.1557
-1.36294
-1.71588
-3.4766
-0.218471
-0.600088
0
-3.25217
-3.50361
-1.76357
-1.9004
-2.95911
-1.74086
-1.76819
-2.79062
-2.10039
-2.25836
-2.39902
-2.49075
-2.27484
-1.71709
-2.74197
0.632478
-0.537744
-1.66691
-3.15545
-1.18201
1.0728
-2.96416
-2.24697
-3.36073
-0.736899
-2.45712
-3.25217
0
-2.91321
-2.3727
-1.87362
-1.5746
-2.84003
-1.34035
-1.94845
-2.9068
-3.93469
-2.80685
-1.48359
-2.75351
-1.05362
-3.21222
-1.63167
-1.39027
-0.408112
-1.50445
-2.8801
-1.54564
-3.00158
-1.5108
-0.583761
-2.10388
-4.02569
-3.50361
-2.91321
0
-1.76931
-0.741708
-3.19613
-2.66202
-1.58217
-1.99212
-1.68204
-2.68
-1.14366
-3.34846
-3.28366
-2.59769
-0.106032
-2.56299
-2.6388
-0.424726
-1.74163
-0.849714
-1.44033
-2.2579
-2.44428
-2.00255
-1.97607
-3.99888
-1.76357
-2.3727
-1.76931
0
-1.85614
-0.866011
0.804709
-1.65544
0.0223293
-2.99549
-1.57442
-2.59932
-2.97232
-1.48885
-2.32112
-0.362373
-1.20385
-2.66751
-1.89583
-3.73855
-0.963951
-2.15034
-1.98127
-1.7901
-2.04672
0.531849
-1.22315
-1.9004
-1.87362
-0.741708
-1.85614
0
-2.46341
-0.0429398
0.149168
-0.965637
-3.12048
-1.87823
-3.03489
-1.73331
-2.53522
-3.18839
-1.15476
-2.51038
0.0514544
-1.86935
-3.39162
-2.28703
-1.19049
-1.29712
-1.03157
-2.00546
-2.75535
-2.44271
-2.95911
-1.5746
-3.19613
-0.866011
-2.46341
0
-0.868119
-2.3881
-1.50905
-0.89484
-2.70653
-2.64579
-2.89241
-1.50834
-1.5878
-3.32292
-0.203222
-2.04952
-1.92104
-4.09059
-1.3883
-1.13053
-1.22576
-1.15272
-1.21153
-1.92193
-2.4816
-1.74086
-2.84003
-2.66202
0.804709
-0.0429398
-0.868119
0
-1.30833
-3.37389
0.118323
-2.09866
-1.25804
-1.91426
-2.70379
-1.39347
-3.26946
-3.27484
-1.04484
-2.78031
-1.6164
-1.3497
-2.6897
-3.83349
-2.63446
-2.21858
-2.30456
-4.19126
-1.76819
-1.34035
-1.58217
-1.65544
0.149168
-2.3881
-1.30833
0
-4.15478
-0.855995
-2.25587
-2.18065
-0.24667
-1.56514
-1.95958
-1.03223
-0.545257
-3.8882
-2.15098
-1.74919
-1.78064
-1.42845
-0.0954286
-0.873641
-3.3474
-1.23991
-2.67002
-2.79062
-1.94845
-1.99212
0.0223293
-0.965637
-1.50905
-3.37389
-4.15478
0
