0
-1.83754
-1.24304
-1.17342
-0.640389
-3.12958
-1.8312
-3.42161
-1.90969
-1.09088
-2.79349
-2.94938
-1.44392
-3.3539
-1.48827
-2.16339
-2.88437
1.10878
-2.38678
-2.37013
-1.89792
-2.53372
-1.5921
-3.29127
-2.99136
-2.80172
-1.25327
-1.83754
0
-1.6163
-2.08685
-2.12543
-1.8682
-3.73065
-1.1922
-1.85074
-1.47456
-1.40333
-1.52447
-1.40755
-1.6829
-1.10691
-2.64953
-4.25819
-0.970646
-1.43153
-2.49775
-2.19541
-1.15429
-0.60042
-3.05125
-2.86844
-3.09986
-2.89392
-1.24304
-1.6163
0
-2.30268
-3.19275
-5.07019
-1.96874
-1.83335
-2.00111
-0.112199
0.806163
-1.18146
-1.39234
-3.37653
-1.72581
-2.03714
-1.24269
-3.98437
-0.934502
-4.95456
-2.539
-2.07855
-2.2063
-3.77404
-2.74201
-2.6345
-1.32996
-1.17342
-2.08685
-2.30268
0
-0.555946
-2.38696
-4.05138
-3.03863
-1.44123
-2.9219
-2.16971
0.690152
-2.61228
-2.58683
-2.60102
-1.42537
-3.10095
-1.31147
-2.84518
-3.33672
-1.06393
-2.40727
-1.06886
-2.43392
-1.73889
-2.87952
-1.23903
-0.640389
-2.12543
-3.19275
-0.555946
0
-2.07463
-2.89789
-3.55212
-0.462449
0.108599
-2.90473
-0.689246
-1.75046
-3.31739
-3.77824
-1.95489
-2.6796
-2.56379
-3.09968
-2.92321
-2.24025
-2.4002
-2.73161
-0.945256
-1.63639
-0.39805
-2.6962
-3.12958
-1.8682
-5.07019
-2.38696
-2.07463
0
-2.64296
-1.31956
-1.20194
-2.83157
-1.67241
-3.28499
-2.69
-1.54928
-1.69358
-2.37112
-0.61621
-0.590762
-0.982389
-2.18547
-0.846486
-2.52772
-1.90955
-2.43296
-2.07609
-0.946163
-2.29566
-1.8312
-3.73065
-1.96874
-4.05138
-2.89789
-2.64296
0
-2.68282
-0.681408
-3.62897
-2.05058
-2.76998
-1.89682
-0.947964
-2.04473
-2.0423
-1.06745
-2.94534
-1.51675
-3.2801
-1.91449
-0.973186
-2.56381
-2.22722
-1.13625
-1.92481
-2.50036
-3.42161
-1.1922
-1.83335
-3.03863
-3.55212
-1.31956
-2.68282
0
-3.91389
-2.40496
-2.68411
-1.74875
-1.72247
-1.77446
-3.50507
-2.93855
-1.21356
-2.34565
-1.01009
-2.73018
-2.28125
-1.24501
-2.42014
-3.56757
-2.26204
-1.6571
-3.41171
-1.90969
-1.85074
-2.00111
-1.44123
-0.462449
-1.20194
-0.681408
-3.91389
0
-2.4818
-3.58651
-3.17316
-1.07131
0.253282
-1.87416
-2.09112
-1.28412
-0.422741
-1.15102
-1.34418
-2.27562
-1.50773
-1.49808
-1.81035
-0.256863
-3.05912
-1.93403
-1.09088
-1.47456
-0.112199
-2.9219
0.108599
-2.83157
-3.62897
-2.40496
-2.4818
0
-1.43476
-2.44141
-4.36671
-0.826354
-3.51643
-1.36527
-2.25678
-3.28209
-2.8967
-1.68096
-1.41817
-1.34005
-2.01814
-1.89194
-2.5311
-2.32296
-2.41132
-2.79349
-1.40333
0.806163
-2.16971
-2.90473
-1.67241
-2.05058
-2.68411
-3.58651
-1.43476
0
-3.0489
-3.06064
-0.154069
-0.64814
-2.69037
-2.57342
-3.11658
-2.0774
-1.28835
-2.21143
-1.84142
-2.15006
-0.514965
-2.34867
-0.593466
-2.8021
-2.94938
-1.52447
-1.18146
0.690152
-0.689246
-3.28499
-2.76998
-1.74875
-3.17316
-2.44141
-3.0489
0
-2.50905
-4.52443
-1.16326
-1.40099
-2.06963
-0.585865
-1.84169
-0.792002
-3.32207
-3.42565
-0.993707
-3.01964
-2.55754
-2.27855
-1.815
-1.44392
-1.40755
-1.39234
-2.61228
-1.75046
-2.69
-1.89682
-1.72247
-1.07131
-4.36671
-3.06064
-2.50905
0
-1.17609
-0.113026
-1.83678
-2.20298
-1.22388
-0.893776
-2.15839
-1.62297
-2.2368
-1.39062
-0.830745
-2.06962
-2.44137
-3.00026
-3.3539
-1.6829
-3.37653
-2.58683
-3.31739
-1.54928
-0.947964
-1.77446
0.253282
-0.826354
-0.154069
-4.52443
-1.17609
0
-2.59219
-1.83903
-3.22548
-0.385167
-2.59269
-1.17564
-1.16981
-2.67869
-1.67054
-1.76578
-2.34814
-2.60818
-2.61216
-1.48827
-1.10691
-1.72581
-2.60102
-3.77824
-1.69358
-2.04473
-3.50507
-1.87416
-3.51643
-0.64814
-1.16326
-0.113026
-2.59219
0
-1.73805
-3.75978
-1.05988
-0.492792
-2.60654
-3.04935
-2.25615
-1.89285
-0.455737
-2.36153
-2.17024
-3.36827
-2.16339
-2.64953
-2.03714
-1.42537
-1.95489
-2.37112
-2.0423
-2.93855
-2.09112
-1.36527
-2.69037
-1.40099
-1.83678
-1.83903
-1.73805
0
-1.50439
-1.26169
-2.30064
-3.33287
-1.72382
-2.84963
-2.20094
-2.41457
-2.73606
-1.21808
-3.60168
-2.88437
-4.25819
-1.24269
-3.10095
-2.6796
-0.61621
-1.06745
-1.21356
-1.28412
-2.25678
-2.57342
-2.06963
-2.20298
-3.22548
-3.75978
-1.50439
0
-1.40953
-1.49882
-2.34914
-2.0015
-2.97386
-1.59527
-2.0857
-2.15528
-2.18821
-3.77988
1.10878
-0.970646
-3.98437
-1.31147
-2.56379
-0.590762
-2.94534
-2.34565
-0.422741
-3.28209
-3.11658
-0.585865
-1.22388
-0.385167
-1.05988
-1.26169
-1.40953
0
-2.6997
-1.25388
-2.63158
-0.506018
-1.78334
-3.57602
0.119259
-2.18002
-2.54951
-2.38678
-1.43153
-0.934502
-2.84518
-3.09968
-0.982389
-1.51675
-1.01009
-1.15102
-2.8967
-2.0774
-1.84169
-0.893776
-2.59269
-0.492792
-2.30064
-1.49882
-2.6997
0
-2.01594
-2.17419
-2.9697
-2.50125
-2.53132
-1.49772
-1.84516
-1.31163
-2.37013
-2.49775
-4.95456
-3.33672
-2.92321
-2.18547
-3.2801
-2.73018
-1.34418
-1.68096
-1.28835
-0.792002
-2.15839
-1.17564
-2.60654
-3.33287
-2.34914
-1.25388
-2.01594
0
-0.498831
-2.06664
-1.40289
-3.5993
-2.74239
-4.16247
-2.48105
-1.89792
-2.19541
-2.539
-1.06393
-2.24025
-0.846486
-1.91449
-2.28125
-2.27562
-1.41817
-2.21143
-3.32207
-1.62297
-1.16981
-3.04935
-1.72382
-2.0015
-2.63158
-2.17419
-0.498831
0
-1.53637
-2.72934
-2.34534
-1.40392
-2.34448
-4.73979
-2.53372
-1.15429
-2.07855
-2.40727
-2.4002
-2.52772
-0.973186
-1.24501
-1.50773
-1.34005
-1.84142
-3.42565
-2.2368
-2.67869
-2.25615
-2.84963
-2.97386
-0.506018
-2.9697
-2.06664
-1.53637
0
-2.06865
-0.67204
-1.38694
-1.63268
-2.76322
-1.5921
-0.60042
-2.2063
-1.06886
-2.73161
-1.90955
-2.56381
-2.42014
-1.49808
-2.01814
-2.15006
-0.993707
-1.39062
-1.67054
-1.89285
-2.20094
-1.59527
-1.78334
-2.50125
-1.40289
-2.72934
-2.06865
0
-2.20296
-3.30019
0.0533781
-2.64796
-3.29127
-3.05125
-3.77404
-2.43392
-0.945256
-2.43296
-2.22722
-3.56757
-1.81035
-1.89194
-0.514965
-3.01964
-0.830745
-1.76578
-0.455737
-2.41457
-2.0857
-3.57602
-2.53132
-3.5993
-2.34534
-0.67204
-2.20296
0
-1.11426
-2.04012
-1.15205
-2.99136
-2.86844
-2.74201
-1.73889
-1.63639
-2.07609
-1.13625
-2.26204
-0.256863
-2.5311
-2.34867
-2.55754
-2.06962
-2.34814
-2.36153
-2.73606
-2.15528
0.119259
-1.49772
-2.74239
-1.40392
-1.38694
-3.30019
-1.11426
0
-1.29839
-1.30604
-2.80172
-3.09986
-2.6345
-2.87952
-0.39805
-0.946163
-1.92481
-1.6571
-3.05912
-2.32296
-0.593466
-2.27855
-2.44137
-2.60818
-2.17024
-1.21808
-2.18821
-2.18002
-1.84516
-4.16247
-2.34448
-1.63268
0.0533781
-2.04012
-1.29839
0
-2.30274
-1.25327
-2.89392
-1.32996
-1.23903
-2.6962
-2.29566
-2.50036
-3.41171
-1.93403
-2.41132
-2.8021
-1.815
-3.00026
-2.61216
-3.36827
-3.60168
-3.77988
-2.54951
-1.31163
-2.48105
-4.73979
-2.76322
-2.64796
-1.15205
-1.30604
-2.30274
0
