0
-3.94356
-2.52365
-0.609908
-3.92653
-2.01796
-1.10986
-2.11218
-3.41328
-2.43765
-3.11072
-2.97321
-1.9447
-1.69497
-2.41913
-1.08445
-2.35318
-0.703782
-0.887909
-4.02377
-2.70401
-2.75585
-1.31968
-3.70721
-3.02537
-2.56157
-1.64596
-3.94356
0
-4.3618
-1.00202
-2.07287
-1.99722
-2.1619
-1.25853
-1.9789
-0.394211
0.744637
-0.678539
-2.41979
-2.50833
-1.80917
-1.42783
-2.14786
-0.527753
-1.04591
-0.0997123
-2.87782
-2.22579
-2.99719
-1.45909
-0.263467
-4.48321
-3.91178
-2.52365
-4.3618
0
-1.75878
-0.809361
-1.55281
-0.604507
-1.71935
-3.16918
-1.35584
-2.08139
-0.881644
-0.742211
-2.63819
-0.625249
-1.79587
-2.51397
-0.330313
-1.16157
-1.7479
-1.38405
-1.57753
-3.41118
-2.08144
-2.44487
-2.50631
-1.01617
-0.609908
-1.00202
-1.75878
0
-1.99447
-2.67474
-1.48043
-0.42744
-2.22126
-1.82689
-2.81204
-3.37984
-1.33904
-1.10555
-1.3173
-1.61462
-1.92042
-2.57248
-2.24894
-2.40803
-4.01654
-3.71711
-0.919621
-3.34407
-2.6599
-2.83221
-1.50297
-3.92653
-2.07287
-0.809361
-1.99447
0
-2.87123
-0.716833
-0.17328
-2.42107
-2.05957
-1.22187
-1.60144
0.515756
-2.47598
-2.62773
-0.377113
-1.91554
-3.00707
-2.68384
-2.38712
-2.9972
-1.67963
-1.11826
-2.52523
-0.858302
-0.880826
-2.57508
-2.01796
-1.99722
-1.55281
-2.67474
-2.87123
0
-2.28879
-2.27471
-1.00675
-3.46188
-0.0698318
-2.34626
-2.20737
-3.01683
-1.06027
-2.53134
-1.10492
-1.15056
-0.897426
-2.76886
-3.69047
-2.77232
-1.49071
-2.27973
-1.27011
-1.54566
-2.73241
-1.10986
-2.1619
-0.604507
-1.48043
-0.716833
-2.28879
0
-0.650516
-1.39218
-2.66839
-1.16032
-2.09049
-1.11164
-1.53521
-1.7397
-3.28772
-0.111816
-0.617769
-1.80638
-2.57488
-3.35087
-2.03691
-2.23673
-2.45481
-1.40419
-2.1121
-0.148146
-2.11218
-1.25853
-1.71935
-0.42744
-0.17328
-2.27471
-0.650516
0
-1.70722
-1.69058
-1.4545
-2.6685
-1.85034
-1.33944
-4.28294
-1.69616
-2.84139
-2.77239
-2.50766
-2.2479
-2.03015
-0.458925
-0.118193
-2.35588
-2.41561
-1.7233
-2.06983
-3.41328
-1.9789
-3.16918
-2.22126
-2.42107
-1.00675
-1.39218
-1.70722
0
-3.73697
-1.69187
-1.52837
-2.59223
-1.50947
-3.60189
-1.8312
-0.0288008
-3.25795
-0.90074
-1.88175
-2.24443
-1.34876
-1.71944
-3.75151
-2.04541
-2.19002
-2.2946
-2.43765
-0.394211
-1.35584
-1.82689
-2.05957
-3.46188
-2.66839
-1.69058
-3.73697
0
-3.96743
-2.06035
-1.71682
-0.53006
-2.66299
-0.769359
-3.19393
-3.30816
-1.87257
-3.7977
-0.446684
-1.42407
-2.46997
-4.50456
-0.543625
-1.83762
-1.76119
-3.11072
0.744637
-2.08139
-2.81204
-1.22187
-0.0698318
-1.16032
-1.4545
-1.69187
-3.96743
0
-2.63762
-0.932368
0.120642
-2.01448
-3.00837
-1.87925
-3.70099
-1.88111
-2.90845
-4.35112
-2.68924
-0.319003
-1.45904
-2.12904
-1.1579
-2.42602
-2.97321
-0.678539
-0.881644
-3.37984
-1.60144
-2.34626
-2.09049
-2.6685
-1.52837
-2.06035
-2.63762
0
-2.93655
-4.99886
-3.0873
-2.24903
0.0984868
-2.39971
-1.85248
-1.75194
-2.06594
-1.463
-0.140115
0.229075
-1.3736
-2.05017
-3.56493
-1.9447
-2.41979
-0.742211
-1.33904
0.515756
-2.20737
-1.11164
-1.85034
-2.59223
-1.71682
-0.932368
-2.93655
0
-1.29908
-2.49558
-1.308
-1.22679
-1.14659
-1.37464
-2.15204
-2.73617
-0.731092
-1.92894
-0.53742
-2.16975
-2.15163
0.208731
-1.69497
-2.50833
-2.63819
-1.10555
-2.47598
-3.01683
-1.53521
-1.33944
-1.50947
-0.53006
0.120642
-4.99886
-1.29908
0
-1.57558
-1.44018
-1.47259
-3.61264
-2.2995
-2.06282
-1.14082
-1.85237
-1.1944
-2.76378
-2.54042
-2.70501
-0.185899
-2.41913
-1.80917
-0.625249
-1.3173
-2.62773
-1.06027
-1.7397
-4.28294
-3.60189
-2.66299
-2.01448
-3.0873
-2.49558
-1.57558
0
-2.87434
-1.11631
-2.40594
-1.02863
-2.12567
-2.6616
-0.445537
-3.38303
-2.10467
-2.24721
-1.08338
-3.23355
-1.08445
-1.42783
-1.79587
-1.61462
-0.377113
-2.53134
-3.28772
-1.69616
-1.8312
-0.769359
-3.00837
-2.24903
-1.308
-1.44018
-2.87434
0
-2.01883
-1.59259
-2.68138
-1.90492
-2.38611
-0.973077
-3.4267
-1.28799
-1.90804
-0.980041
-0.835359
-2.35318
-2.14786
-2.51397
-1.92042
-1.91554
-1.10492
-0.111816
-2.84139
-0.0288008
-3.19393
-1.87925
0.0984868
-1.22679
-1.47259
-1.11631
-2.01883
0
-2.29213
-1.17104
0.225283
-1.00322
-1.41454
-0.174788
-1.44346
-3.6738
-1.62171
-2.2622
-0.703782
-0.527753
-0.330313
-2.57248
-3.00707
-1.15056
-0.617769
-2.77239
-3.25795
-3.30816
-3.70099
-2.39971
-1.14659
-3.61264
-2.40594
-1.59259
-2.29213
0
-1.81621
-2.99374
-3.25829
0.822914
-1.81249
-1.06135
-2.09472
-3.12071
-1.36325
-0.887909
-1.04591
-1.16157
-2.24894
-2.68384
-0.897426
-1.80638
-2.50766
-0.90074
-1.87257
-1.88111
-1.85248
-1.37464
-2.2995
-1.02863
-2.68138
-1.17104
-1.81621
0
-0.878659
-1.53639
-1.0678
-1.76731
-5.60925
-1.62832
-2.87926
-1.86637
-4.02377
-0.0997123
-1.7479
-2.40803
-2.38712
-2.76886
-2.57488
-2.2479
-1.88175
-3.7977
-2.90845
-1.75194
-2.15204
-2.06282
-2.12567
-1.90492
0.225283
-2.99374
-0.878659
0
-2.39587
-2.8501
-2.22657
-2.6572
-1.65147
-2.92143
-1.7095
-2.70401
-2.87782
-1.38405
-4.01654
-2.9972
-3.69047
-3.35087
-2.03015
-2.24443
-0.446684
-4.35112
-2.06594
-2.73617
-1.14082
-2.6616
-2.38611
-1.00322
-3.25829
-1.53639
-2.39587
0
-1.25888
-1.21359
-2.29531
-0.887024
-1.18687
-0.908946
-2.75585
-2.22579
-1.57753
-3.71711
-1.67963
-2.77232
-2.03691
-0.458925
-1.34876
-1.42407
-2.68924
-1.463
-0.731092
-1.85237
-0.445537
-0.973077
-1.41454
0.822914
-1.0678
-2.8501
-1.25888
0
-2.79472
-0.916907
-3.61037
-1.01963
-1.49396
-1.31968
-2.99719
-3.41118
-0.919621
-1.11826
-1.49071
-2.23673
-0.118193
-1.71944
-2.46997
-0.319003
-0.140115
-1.92894
-1.1944
-3.38303
-3.4267
-0.174788
-1.81249
-1.76731
-2.22657
-1.21359
-2.79472
0
-0.941356
-2.78388
-1.99612
-1.83209
-3.70721
-1.45909
-2.08144
-3.34407
-2.52523
-2.27973
-2.45481
-2.35588
-3.75151
-4.50456
-1.45904
0.229075
-0.53742
-2.76378
-2.10467
-1.28799
-1.44346
-1.06135
-5.60925
-2.6572
-2.29531
-0.916907
-0.941356
0
-1.42267
-2.02511
-1.30168
-3.02537
-0.263467
-2.44487
-2.6599
-0.858302
-1.27011
-1.40419
-2.41561
-2.04541
-0.543625
-2.12904
-1.3736
-2.16975
-2.54042
-2.24721
-1.90804
-3.6738
-2.09472
-1.62832
-1.65147
-0.887024
-3.61037
-2.78388
-1.42267
0
-2.56475
-1.08213
-2.56157
-4.48321
-2.50631
-2.83221
-0.880826
-1.54566
-2.1121
-1.7233
-2.19002
-1.83762
-1.1579
-2.05017
-2.15163
-2.70501
-1.08338
-0.980041
-1.62171
-3.12071
-2.87926
-2.92143
-1.18687
-1.01963
-1.99612
-2.02511
-2.56475
0
-0.526006
-1.64596
-3.91178
-1.01617
-1.50297
-2.57508
-2.73241
-0.148146
-2.06983
-2.2946
-1.76119
-2.42602
-3.56493
0.208731
-0.185899
-3.23355
-0.835359
-2.2622
-1.36325
-1.86637
-1.7095
-0.908946
-1.49396
-1.83209
-1.30168
-1.08213
-0.526006
0
