0
-1.43301
-3.01052
-2.52972
-2.48124
-0.308286
-0.893126
-2.45107
-1.62212
-0.502587
0.458984
-1.56657
-2.46377
-0.848444
-3.28779
-2.76264
-2.89452
-2.18406
-3.6329
-3.02917
-2.35558
-2.47304
-1.46602
-3.76488
-0.791653
-3.79556
-1.69665
-1.43301
0
-2.36759
-2.79095
-4.30793
-2.99948
-3.71238
-1.60607
-1.48435
-1.95059
-2.85254
-2.44886
-0.383042
-3.29246
-4.42691
-2.24254
-1.36634
-2.18048
-3.25609
-1.70974
-2.99626
-2.05419
-3.12996
-2.68358
-2.02172
-1.41267
-2.32982
-3.01052
-2.36759
0
-2.53235
-0.931657
-2.15058
-0.753051
-0.923344
-2.66229
-0.704989
-3.01346
-1.66875
-0.712422
-1.70873
-2.54653
-1.2378
-2.932
-1.38507
-3.60556
-0.64003
-1.45395
-2.138
-0.910035
-2.81246
-0.0229345
-3.60988
-2.34125
-2.52972
-2.79095
-2.53235
0
-3.78189
-3.74939
-4.58357
-2.74705
-2.31325
-2.31363
-4.06326
-0.00540345
-0.664866
-3.05433
-1.26462
-1.06222
-2.91597
-2.04414
-2.01966
0.0540899
-1.36354
-0.527727
-4.61744
-1.37893
-1.68138
-0.124927
-3.58276
-2.48124
-4.30793
-0.931657
-3.78189
0
-1.99619
-1.80524
-2.25927
-0.982706
-1.04404
-1.49963
-1.88902
-2.65509
-1.85345
-1.16902
-1.86296
-2.06672
-1.16713
-1.37663
-2.47159
-1.73353
-0.948822
-1.11489
-2.74737
-3.61439
-3.3793
-1.65412
-0.308286
-2.99948
-2.15058
-3.74939
-1.99619
0
-1.39774
-2.79328
-3.4268
-2.77648
-3.58042
-2.12881
-1.67425
-0.224507
-2.54079
-2.24764
-2.03912
-0.317551
-3.75035
-2.58586
-1.16937
-1.21619
-1.92002
-1.42535
-1.80012
-2.98777
0.300284
-0.893126
-3.71238
-0.753051
-4.58357
-1.80524
-1.39774
0
-3.40774
-1.37108
-2.23688
-1.45364
-1.19326
-1.64989
-2.09513
-0.0812606
-3.8192
-0.362866
-0.879491
-1.1338
-1.60004
-0.370389
-2.07297
-1.81628
-3.03387
-1.37327
-3.56052
-0.990864
-2.45107
-1.60607
-0.923344
-2.74705
-2.25927
-2.79328
-3.40774
0
-0.6295
-2.69056
-3.50108
-0.873572
-2.81334
-0.353566
-0.198859
-1.07915
-2.30569
-3.16199
-2.26969
-1.16601
-3.72942
-2.59619
-1.64506
-2.29106
-2.72373
-1.82287
-1.89497
-1.62212
-1.48435
-2.66229
-2.31325
-0.982706
-3.4268
-1.37108
-0.6295
0
-3.03225
-2.91465
-2.12485
-1.82226
-2.04172
-2.09654
-2.11626
-3.47012
-1.32014
-2.67439
-2.11218
-2.37504
-1.79519
-0.499604
-2.66105
-1.55935
-2.68156
-2.61835
-0.502587
-1.95059
-0.704989
-2.31363
-1.04404
-2.77648
-2.23688
-2.69056
-3.03225
0
-1.66277
-1.42207
-0.316602
-1.13751
-2.67187
-1.43457
-0.415605
-3.80351
-0.780426
-1.88563
-2.27944
-1.52283
-2.45804
-5.2813
-2.36795
-3.08271
-2.44204
0.458984
-2.85254
-3.01346
-4.06326
-1.49963
-3.58042
-1.45364
-3.50108
-2.91465
-1.66277
0
-1.68708
-3.00186
-1.5992
-2.4898
-1.01967
-1.72386
-2.09668
-2.35513
-2.04791
-1.96232
-2.9906
-2.48314
-1.56181
-4.17101
-1.9385
-3.11311
-1.56657
-2.44886
-1.66875
-0.00540345
-1.88902
-2.12881
-1.19326
-0.873572
-2.12485
-1.42207
-1.68708
0
-4.24121
-0.308736
-2.60626
-2.22414
-3.65045
-2.0774
-2.24514
-1.2559
-1.28661
-2.35087
-1.04474
-1.55274
-3.25395
-3.16851
-3.74501
-2.46377
-0.383042
-0.712422
-0.664866
-2.65509
-1.67425
-1.64989
-2.81334
-1.82226
-0.316602
-3.00186
-4.24121
0
-1.77075
-2.93625
-1.65494
-3.19617
-2.5066
-3.13853
-2.46544
-2.38924
-0.952843
-1.86377
-1.4501
-0.773285
-3.03865
-2.1335
-0.848444
-3.29246
-1.70873
-3.05433
-1.85345
-0.224507
-2.09513
-0.353566
-2.04172
-1.13751
-1.5992
-0.308736
-1.77075
0
-1.43516
-2.42455
-2.90134
-1.07357
-0.178656
-2.10726
-2.89947
-3.16062
-3.35781
-2.56707
-1.69669
-3.25259
-0.538252
-3.28779
-4.42691
-2.54653
-1.26462
-1.16902
-2.54079
-0.0812606
-0.198859
-2.09654
-2.67187
-2.4898
-2.60626
-2.93625
-1.43516
0
-2.9852
-1.97038
-1.26075
-4.07039
-3.14182
-1.85158
-2.52527
-0.638661
-3.32537
0.661568
-2.08927
-2.28875
-2.76264
-2.24254
-1.2378
-1.06222
-1.86296
-2.24764
-3.8192
-1.07915
-2.11626
-1.43457
-1.01967
-2.22414
-1.65494
-2.42455
-2.9852
0
-3.79341
-0.831903
-2.9817
-2.93026
-3.292
-2.00575
-2.12377
-1.92516
-2.28029
-1.53901
-0.422179
-2.89452
-1.36634
-2.932
-2.91597
-2.06672
-2.03912
-0.362866
-2.30569
-3.47012
-0.415605
-1.72386
-3.65045
-3.19617
-2.90134
-1.97038
-3.79341
0
-2.20214
-3.92162
-4.57545
-1.07345
-0.14239
-3.40331
-2.26067
-1.6152
-0.614993
-0.864657
-2.18406
-2.18048
-1.38507
-2.04414
-1.16713
-0.317551
-0.879491
-3.16199
-1.32014
-3.80351
-2.09668
-2.0774
-2.5066
-1.07357
-1.26075
-0.831903
-2.20214
0
-2.13218
-2.81563
-2.45344
-0.981656
-2.56005
-1.46425
-3.05779
-2.33637
-1.84696
-3.6329
-3.25609
-3.60556
-2.01966
-1.37663
-3.75035
-1.1338
-2.26969
-2.67439
-0.780426
-2.35513
-2.24514
-3.13853
-0.178656
-4.07039
-2.9817
-3.92162
-2.13218
0
-1.91325
-2.26512
-2.34339
-1.51593
-2.84931
-0.756711
-2.00058
-1.5461
-3.02917
-1.70974
-0.64003
0.0540899
-2.47159
-2.58586
-1.60004
-1.16601
-2.11218
-1.88563
-2.04791
-1.2559
-2.46544
-2.10726
-3.14182
-2.93026
-4.57545
-2.81563
-1.91325
0
-1.78727
-2.14489
-1.89931
0.377798
-2.33059
-2.90349
-1.05126
-2.35558
-2.99626
-1.45395
-1.36354
-1.73353
-1.16937
-0.370389
-3.72942
-2.37504
-2.27944
-1.96232
-1.28661
-2.38924
-2.89947
-1.85158
-3.292
-1.07345
-2.45344
-2.26512
-1.78727
0
-1.05426
-0.874503
-0.37998
-1.63992
-2.25166
-1.49731
-2.47304
-2.05419
-2.138
-0.527727
-0.948822
-1.21619
-2.07297
-2.59619
-1.79519
-1.52283
-2.9906
-2.35087
-0.952843
-3.16062
-2.52527
-2.00575
-0.14239
-0.981656
-2.34339
-2.14489
-1.05426
0
-2.19171
-1.96816
-3.44936
-3.09382
-1.76642
-1.46602
-3.12996
-0.910035
-4.61744
-1.11489
-1.92002
-1.81628
-1.64506
-0.499604
-2.45804
-2.48314
-1.04474
-1.86377
-3.35781
-0.638661
-2.12377
-3.40331
-2.56005
-1.51593
-1.89931
-0.874503
-2.19171
0
-0.210336
-1.36395
-2.6471
-2.22444
-3.76488
-2.68358
-2.81246
-1.37893
-2.74737
-1.42535
-3.03387
-2.29106
-2.66105
-5.2813
-1.56181
-1.55274
-1.4501
-2.56707
-3.32537
-1.92516
-2.26067
-1.46425
-2.84931
0.377798
-0.37998
-1.96816
-0.210336
0
-1.16924
-2.63635
-4.03566
-0.791653
-2.02172
-0.0229345
-1.68138
-3.61439
-1.80012
-1.37327
-2.72373
-1.55935
-2.36795
-4.17101
-3.25395
-0.773285
-1.69669
0.661568
-2.28029
-1.6152
-3.05779
-0.756711
-2.33059
-1.63992
-3.44936
-1.36395
-1.16924
0
-0.566988
-2.80425
-3.79556
-1.41267
-3.60988
-0.124927
-3.3793
-2.98777
-3.56052
-1.82287
-2.68156
-3.08271
-1.9385
-3.16851
-3.03865
-3.25259
-2.08927
-1.53901
-0.614993
-2.33637
-2.00058
-2.90349
-2.25166
-3.09382
-2.6471
-2.63635
-0.566988
0
-0.514084
-1.69665
-2.32982
-2.34125
-3.58276
-1.65412
0.300284
-0.990864
-1.89497
-2.61835
-2.44204
-3.11311
-3.74501
-2.1335
-0.538252
-2.28875
-0.422179
-0.864657
-1.84696
-1.5461
-1.05126
-1.49731
-1.76642
-2.22444
-4.03566
-2.80425
-0.514084
0
