0
-3.62197
-1.82528
-0.560921
-3.18903
-2.39638
-3.07057
-2.88176
-2.67172
-2.16168
-0.924883
-1.75321
-3.65648
-1.03422
-1.89833
-3.03709
-2.25652
-0.926017
0.0714398
-2.42862
-0.506877
-2.62083
-1.37266
-2.02867
-1.63017
-2.68246
-0.734929
-3.62197
0
0.457846
-2.81491
0.552503
-2.07831
-3.37158
-2.90661
-1.88975
-2.18258
-2.51153
-2.0941
-3.35466
-1.98147
-1.17764
-3.23781
-2.47432
-1.28115
-0.960139
-2.21221
-3.51894
-2.43617
-2.59696
-2.75128
-2.42669
-2.38025
-1.80086
-1.82528
0.457846
0
-3.56788
-2.42677
-2.40776
-2.07137
-2.72504
-1.52883
-2.3978
-3.89105
-1.31344
-2.93029
-1.90156
-2.73268
-2.07443
-3.36801
-1.9088
-3.15884
-1.41906
-3.3003
-2.3055
-3.73916
-1.91734
-1.21402
-4.57089
-2.47669
-0.560921
-2.81491
-3.56788
0
-2.32076
-2.26771
-1.55886
-1.76391
-2.23249
-1.14638
-1.26831
-3.45256
-1.23999
-1.69655
-1.93922
-1.53831
-2.07268
-2.48095
-1.67522
-1.05788
-4.54712
1.0323
-1.75051
-3.68197
-2.9187
-1.2997
-1.50292
-3.18903
0.552503
-2.42677
-2.32076
0
-2.77734
-1.89285
-1.89451
-2.58253
-2.05053
-0.763861
-1.02444
-3.43043
-2.84038
-2.2643
-4.57129
-0.838389
-1.15612
-2.104
-2.51577
-0.315446
-0.367574
-1.50365
-1.86765
-3.37763
-1.04268
-2.58987
-2.39638
-2.07831
-2.40776
-2.26771
-2.77734
0
-4.30678
-4.38682
-3.74415
-2.24414
-1.65889
-3.27388
-1.47499
-0.572645
-2.06716
-0.998474
-2.76539
-1.39771
-3.17847
-1.421
-1.74155
-1.73345
-3.26797
-2.04104
-0.985347
-2.56668
-2.59745
-3.07057
-3.37158
-2.07137
-1.55886
-1.89285
-4.30678
0
-2.03736
-1.96945
-3.57512
-2.12262
-0.429932
-3.22945
-2.26819
-2.57118
-4.78819
-2.82938
-1.29605
-1.3249
-1.55801
-1.14804
-2.53586
-3.14316
-1.50416
-1.97715
-0.95497
-1.44564
-2.88176
-2.90661
-2.72504
-1.76391
-1.89451
-4.38682
-2.03736
0
-1.41011
-1.70242
-0.828596
-2.12664
-0.738314
-2.21469
-1.38794
-1.62922
-4.13015
-3.13358
-1.50973
-0.591789
-0.143078
-3.06261
-3.12625
-2.28764
-0.300023
-2.07697
-2.89178
-2.67172
-1.88975
-1.52883
-2.23249
-2.58253
-3.74415
-1.96945
-1.41011
0
-2.39071
-2.24768
-3.2563
-1.38785
-0.3221
-3.84746
-3.32563
-0.819064
-0.796039
-1.88986
-0.371676
-0.00752819
-2.07624
-2.70026
-2.72096
-1.08213
-0.765217
-0.893946
-2.16168
-2.18258
-2.3978
-1.14638
-2.05053
-2.24414
-3.57512
-1.70242
-2.39071
0
-2.38839
-0.486368
-3.27017
-1.77318
-2.65709
-2.3014
-3.31559
-1.43903
-1.42081
-1.87321
-0.694331
-1.71581
-2.57317
-2.68069
-5.25644
-1.42615
-1.01924
-0.924883
-2.51153
-3.89105
-1.26831
-0.763861
-1.65889
-2.12262
-0.828596
-2.24768
-2.38839
0
-2.64294
-1.78165
-1.89672
-1.79538
-1.9586
-0.719962
-0.689594
-2.05708
-2.13682
-2.0831
-2.33812
0.619127
-1.46838
-1.80688
-1.99876
-2.66861
-1.75321
-2.0941
-1.31344
-3.45256
-1.02444
-3.27388
-0.429932
-2.12664
-3.2563
-0.486368
-2.64294
0
-2.27466
-3.58921
-2.85107
-1.93448
-1.32708
-0.295569
-0.884958
-1.83131
-1.41826
-1.93804
-1.56155
-2.07179
-2.71882
-2.02502
-1.01857
-3.65648
-3.35466
-2.93029
-1.23999
-3.43043
-1.47499
-3.22945
-0.738314
-1.38785
-3.27017
-1.78165
-2.27466
0
-2.5849
-0.678678
-2.27235
-1.70372
-1.72488
-2.16868
-3.00635
-0.846911
-1.87708
-1.52069
-1.88115
-0.691142
-1.25328
-1.93955
-1.03422
-1.98147
-1.90156
-1.69655
-2.84038
-0.572645
-2.26819
-2.21469
-0.3221
-1.77318
-1.89672
-3.58921
-2.5849
0
-2.89275
-1.84789
-1.87429
-3.5354
-1.14661
-2.33009
-2.81705
-2.07557
-3.12743
-0.12105
-3.41268
-1.28152
-0.152981
-1.89833
-1.17764
-2.73268
-1.93922
-2.2643
-2.06716
-2.57118
-1.38794
-3.84746
-2.65709
-1.79538
-2.85107
-0.678678
-2.89275
0
-3.59966
-1.17519
-1.14515
-1.10849
-0.685632
-2.43176
-1.37579
-2.51422
-3.15189
-3.27542
-2.62906
-3.47435
-3.03709
-3.23781
-2.07443
-1.53831
-4.57129
-0.998474
-4.78819
-1.62922
-3.32563
-2.3014
-1.9586
-1.93448
-2.27235
-1.84789
-3.59966
0
0.815702
-0.330197
-3.33547
-1.45586
-1.84911
-1.67159
-1.41737
-2.89808
-1.83077
-0.565941
-4.1428
-2.25652
-2.47432
-3.36801
-2.07268
-0.838389
-2.76539
-2.82938
-4.13015
-0.819064
-3.31559
-0.719962
-1.32708
-1.70372
-1.87429
-1.17519
0.815702
0
-2.22662
-1.60934
-2.5697
-2.34119
-0.817117
-1.5995
-2.36591
-1.33344
-0.324895
-4.44343
-0.926017
-1.28115
-1.9088
-2.48095
-1.15612
-1.39771
-1.29605
-3.13358
-0.796039
-1.43903
-0.689594
-0.295569
-1.72488
-3.5354
-1.14515
-0.330197
-2.22662
0
-1.51653
-1.1461
-2.17834
-2.19418
-2.51386
-0.96813
0.312648
-1.10256
-1.5695
0.0714398
-0.960139
-3.15884
-1.67522
-2.104
-3.17847
-1.3249
-1.50973
-1.88986
-1.42081
-2.05708
-0.884958
-2.16868
-1.14661
-1.10849
-3.33547
-1.60934
-1.51653
0
-1.25466
-1.22662
-1.31399
-2.34354
-0.990251
-3.72828
-1.92409
-2.38004
-2.42862
-2.21221
-1.41906
-1.05788
-2.51577
-1.421
-1.55801
-0.591789
-0.371676
-1.87321
-2.13682
-1.83131
-3.00635
-2.33009
-0.685632
-1.45586
-2.5697
-1.1461
-1.25466
0
-2.17993
-3.24257
-2.68563
-1.80143
-2.74807
-1.73104
-2.85754
-0.506877
-3.51894
-3.3003
-4.54712
-0.315446
-1.74155
-1.14804
-0.143078
-0.00752819
-0.694331
-2.0831
-1.41826
-0.846911
-2.81705
-2.43176
-1.84911
-2.34119
-2.17834
-1.22662
-2.17993
0
-0.844136
-2.48689
-3.22093
-2.20844
-2.68728
-2.76043
-2.62083
-2.43617
-2.3055
1.0323
-0.367574
-1.73345
-2.53586
-3.06261
-2.07624
-1.71581
-2.33812
-1.93804
-1.87708
-2.07557
-1.37579
-1.67159
-0.817117
-2.19418
-1.31399
-3.24257
-0.844136
0
-0.891009
-2.87221
-2.45853
-1.09545
-0.557293
-1.37266
-2.59696
-3.73916
-1.75051
-1.50365
-3.26797
-3.14316
-3.12625
-2.70026
-2.57317
0.619127
-1.56155
-1.52069
-3.12743
-2.51422
-1.41737
-1.5995
-2.51386
-2.34354
-2.68563
-2.48689
-0.891009
0
-1.53003
-2.09597
-0.140577
-2.16046
-2.02867
-2.75128
-1.91734
-3.68197
-1.86765
-2.04104
-1.50416
-2.28764
-2.72096
-2.68069
-1.46838
-2.07179
-1.88115
-0.12105
-3.15189
-2.89808
-2.36591
-0.96813
-0.990251
-1.80143
-3.22093
-2.87221
-1.53003
0
-1.63056
-1.73541
0.212036
-1.63017
-2.42669
-1.21402
-2.9187
-3.37763
-0.985347
-1.97715
-0.300023
-1.08213
-5.25644
-1.80688
-2.71882
-0.691142
-3.41268
-3.27542
-1.83077
-1.33344
0.312648
-3.72828
-2.74807
-2.20844
-2.45853
-2.09597
-1.63056
0
-2.74223
-3.8898
-2.68246
-2.38025
-4.57089
-1.2997
-1.04268
-2.56668
-0.95497
-2.07697
-0.765217
-1.42615
-1.99876
-2.02502
-1.25328
-1.28152
-2.62906
-0.565941
-0.324895
-1.10256
-1.92409
-1.73104
-2.68728
-1.09545
-0.140577
-1.73541
-2.74223
0
-0.781337
-0.734929
-1.80086
-2.47669
-1.50292
-2.58987
-2.59745
-1.44564
-2.89178
-0.893946
-1.01924
-2.66861
-1.01857
-1.93955
-0.152981
-3.47435
-4.1428
-4.44343
-1.5695
-2.38004
-2.85754
-2.76043
-0.557293
-2.16046
0.212036
-3.8898
-0.781337
0
