0
-3.14281
-1.86657
-1.73217
-2.37899
-1.32677
-2.82282
-1.30923
-2.71527
-2.00785
-3.03464
-1.68512
-1.06443
-1.48512
-3.09891
-1.88008
-4.02387
-2.46001
-2.5067
-2.65046
-1.17201
-1.75067
-3.27886
-2.10936
-0.717401
-1.49584
-2.02788
-3.14281
0
-4.03293
-3.30306
-2.11565
-1.87376
-1.80193
-2.52285
-3.40173
-2.89928
-2.50579
-2.27497
-0.081631
-0.343251
-2.14927
-0.789083
-3.95243
-2.4109
-1.35238
-2.04107
-0.167915
-3.35496
-2.35637
-1.77571
-1.81282
-2.94986
-0.856895
-1.86657
-4.03293
0
-2.60792
1.1393
-2.48274
-0.045526
-4.34295
-2.20736
-1.99615
-2.30274
-2.3515
-2.08223
-2.8661
-1.68857
-2.23789
-1.47574
-1.46996
-1.95646
-1.0667
-1.86077
-3.01481
-2.54799
-1.677
-1.49237
-2.2311
-0.725877
-1.73217
-3.30306
-2.60792
0
-0.932456
-1.38736
-2.70642
-3.05866
-2.32506
-1.86647
-1.95116
-1.91462
-2.0112
-2.59932
-2.14242
-1.94038
-1.78486
-3.43147
-0.607437
-1.49339
-2.86483
-2.03174
-1.39336
-2.06646
-1.60127
-1.40062
-2.4013
-2.37899
-2.11565
1.1393
-0.932456
0
-1.83328
-3.42789
-1.88221
-4.43896
-0.507626
-1.39416
-1.58402
-1.73426
-2.28169
-2.55737
-2.04843
-1.9777
-1.509
-2.07245
-0.986708
-1.35072
-1.07458
-3.63245
-3.14267
-1.88612
-1.76226
-1.4008
-1.32677
-1.87376
-2.48274
-1.38736
-1.83328
0
-2.38972
-2.14726
-0.679
0.0414733
-2.84845
-0.830398
-0.371965
-4.27978
-2.06785
-2.87275
-0.601717
-3.26166
-3.36337
-2.42477
-1.68034
-2.112
-1.3774
-3.00494
-1.54797
-2.03584
-0.0235786
-2.82282
-1.80193
-0.045526
-2.70642
-3.42789
-2.38972
0
-1.99816
-1.5468
-2.70659
-1.53213
-2.98534
-2.79139
-2.31898
-1.35014
-2.45749
-1.48057
-0.585686
-2.74769
-0.534148
-3.20114
-3.40053
-1.57844
-3.27766
-2.82118
0.0121953
-0.224182
-1.30923
-2.52285
-4.34295
-3.05866
-1.88221
-2.14726
-1.99816
0
-2.69422
-0.300266
-2.21059
-1.89136
-1.14268
-1.66359
-2.33608
-2.49086
-2.89064
-0.727037
-1.32629
-2.04817
-1.90176
-1.79288
-4.03785
-2.07932
-2.5639
-2.24747
-0.45706
-2.71527
-3.40173
-2.20736
-2.32506
-4.43896
-0.679
-1.5468
-2.69422
0
-1.9493
-1.15549
-2.39996
-2.17085
0.506331
-3.49584
-1.27695
-2.07384
-2.05303
-1.56374
-3.20345
-1.74237
-3.14306
0.0990491
-1.95922
-1.90468
0.153112
-0.86112
-2.00785
-2.89928
-1.99615
-1.86647
-0.507626
0.0414733
-2.70659
-0.300266
-1.9493
0
-0.256094
-1.31418
-2.4623
-0.976961
-2.83689
-3.69513
-3.00501
-3.0326
-2.03357
-1.75599
-1.4629
-0.691214
-1.36277
-2.24676
-3.397
-3.20921
-1.90497
-3.03464
-2.50579
-2.30274
-1.95116
-1.39416
-2.84845
-1.53213
-2.21059
-1.15549
-0.256094
0
0.640243
-1.79045
-1.57701
-1.63091
-2.97866
-2.38628
-3.29506
-0.96403
-1.57623
-3.11849
-3.1887
-1.21366
-2.16935
-3.08119
-1.68272
-0.128519
-1.68512
-2.27497
-2.3515
-1.91462
-1.58402
-0.830398
-2.98534
-1.89136
-2.39996
-1.31418
0.640243
0
-1.90967
-2.06018
-2.65667
-2.44071
-2.32219
-0.93608
-1.21738
-2.36433
-3.47957
-2.48839
-0.984039
-2.9583
-3.52386
-3.42724
-1.80546
-1.06443
-0.081631
-2.08223
-2.0112
-1.73426
-0.371965
-2.79139
-1.14268
-2.17085
-2.4623
-1.79045
-1.90967
0
-1.02401
-2.66829
-2.42058
-1.34394
-2.66663
-3.00663
-2.05204
-1.07766
-1.52117
-2.85201
-1.39834
-2.38815
-1.77348
-2.23668
-1.48512
-0.343251
-2.8661
-2.59932
-2.28169
-4.27978
-2.31898
-1.66359
0.506331
-0.976961
-1.57701
-2.06018
-1.02401
0
-4.51715
-1.72388
-2.40949
-2.02022
-4.20164
-2.32162
-1.10797
-1.15661
-2.61107
-2.30422
-2.8168
-0.58967
-3.20071
-3.09891
-2.14927
-1.68857
-2.14242
-2.55737
-2.06785
-1.35014
-2.33608
-3.49584
-2.83689
-1.63091
-2.65667
-2.66829
-4.51715
0
-2.41307
-2.33957
-1.30813
-1.07214
0.231538
-1.41358
-1.66106
-1.45073
-0.671233
-0.634259
-1.31518
-1.23814
-1.88008
-0.789083
-2.23789
-1.94038
-2.04843
-2.87275
-2.45749
-2.49086
-1.27695
-3.69513
-2.97866
-2.44071
-2.42058
-1.72388
-2.41307
0
-0.730101
0.00690713
-3.38857
-2.74394
-2.60168
-4.25967
-2.09327
-3.1485
-2.56877
-2.17052
-1.60526
-4.02387
-3.95243
-1.47574
-1.78486
-1.9777
-0.601717
-1.48057
-2.89064
-2.07384
-3.00501
-2.38628
-2.32219
-1.34394
-2.40949
-2.33957
-0.730101
0
-3.18078
-2.31166
-2.69099
-3.21057
-2.83979
-1.30873
-2.38553
-1.52833
-2.79122
-2.24055
-2.46001
-2.4109
-1.46996
-3.43147
-1.509
-3.26166
-0.585686
-0.727037
-2.05303
-3.0326
-3.29506
-0.93608
-2.66663
-2.02022
-1.30813
0.00690713
-3.18078
0
-1.57704
-1.92017
-2.5141
-0.948527
-3.07766
-1.42158
-2.60935
-1.58412
-2.45742
-2.5067
-1.35238
-1.95646
-0.607437
-2.07245
-3.36337
-2.74769
-1.32629
-1.56374
-2.03357
-0.96403
-1.21738
-3.00663
-4.20164
-1.07214
-3.38857
-2.31166
-1.57704
0
-0.983416
-3.19519
-0.439291
-2.03727
-3.47074
-1.15054
-1.0768
-4.79837
-2.65046
-2.04107
-1.0667
-1.49339
-0.986708
-2.42477
-0.534148
-2.04817
-3.20345
-1.75599
-1.57623
-2.36433
-2.05204
-2.32162
0.231538
-2.74394
-2.69099
-1.92017
-0.983416
0
-2.6114
-2.27131
-1.26352
-3.37128
-2.01361
-0.999107
-1.07064
-1.17201
-0.167915
-1.86077
-2.86483
-1.35072
-1.68034
-3.20114
-1.90176
-1.74237
-1.4629
-3.11849
-3.47957
-1.07766
-1.10797
-1.41358
-2.60168
-3.21057
-2.5141
-3.19519
-2.6114
0
-0.693566
0.728137
-1.75931
-2.59718
-1.19729
-2.49699
-1.75067
-3.35496
-3.01481
-2.03174
-1.07458
-2.112
-3.40053
-1.79288
-3.14306
-0.691214
-3.1887
-2.48839
-1.52117
-1.15661
-1.66106
-4.25967
-2.83979
-0.948527
-0.439291
-2.27131
-0.693566
0
-2.86449
-4.08712
-2.96132
-1.05468
-3.57924
-3.27886
-2.35637
-2.54799
-1.39336
-3.63245
-1.3774
-1.57844
-4.03785
0.0990491
-1.36277
-1.21366
-0.984039
-2.85201
-2.61107
-1.45073
-2.09327
-1.30873
-3.07766
-2.03727
-1.26352
0.728137
-2.86449
0
-1.53463
-1.71956
-2.31978
-2.1237
-2.10936
-1.77571
-1.677
-2.06646
-3.14267
-3.00494
-3.27766
-2.07932
-1.95922
-2.24676
-2.16935
-2.9583
-1.39834
-2.30422
-0.671233
-3.1485
-2.38553
-1.42158
-3.47074
-3.37128
-1.75931
-4.08712
-1.53463
0
-1.67924
-3.03172
-0.475568
-0.717401
-1.81282
-1.49237
-1.60127
-1.88612
-1.54797
-2.82118
-2.5639
-1.90468
-3.397
-3.08119
-3.52386
-2.38815
-2.8168
-0.634259
-2.56877
-1.52833
-2.60935
-1.15054
-2.01361
-2.59718
-2.96132
-1.71956
-1.67924
0
-2.43605
-2.67235
-1.49584
-2.94986
-2.2311
-1.40062
-1.76226
-2.03584
0.0121953
-2.24747
0.153112
-3.20921
-1.68272
-3.42724
-1.77348
-0.58967
-1.31518
-2.17052
-2.79122
-1.58412
-1.0768
-0.999107
-1.19729
-1.05468
-2.31978
-3.03172
-2.43605
0
-2.99985
-2.02788
-0.856895
-0.725877
-2.4013
-1.4008
-0.0235786
-0.224182
-0.45706
-0.86112
-1.90497
-0.128519
-1.80546
-2.23668
-3.20071
-1.23814
-1.60526
-2.24055
-2.45742
-4.79837
-1.07064
-2.49699
-3.57924
-2.1237
-0.475568
-2.67235
-2.99985
0
