0
-2.18188
-2.33237
-1.41073
-3.38851
-1.30007
-0.64222
-2.78677
-0.196383
-0.938688
-2.16231
-1.14637
-3.09724
-1.79974
-2.34959
-1.74739
-0.680773
-0.330916
-3.68088
-2.24914
-1.75033
-1.61441
-2.83227
-2.42943
-1.53027
-2.216
-2.91372
-2.18188
0
-2.14654
-0.617964
-2.10549
-0.895892
0.176524
-0.391445
-2.0182
-1.78604
-1.59464
-2.75854
-1.44535
-4.15718
-3.14128
-2.66853
-1.02742
-2.1913
-0.532785
-2.36509
-2.39808
-0.755037
-1.39558
-2.97813
-0.6433
-1.2004
-2.22121
-2.33237
-2.14654
0
-3.44818
-0.142257
-2.09519
-1.87916
-3.03858
-1.15475
-2.14823
-1.11731
-1.83112
0.18951
-1.03544
-1.94796
-3.09282
-0.216722
-1.38665
-1.13652
-2.24775
-1.97753
-3.37038
-3.17655
-1.02147
-3.16455
-0.706109
-1.55325
-1.41073
-0.617964
-3.44818
0
-1.69
-0.466871
-2.03693
-2.32972
-0.726701
-0.825151
-0.890949
-0.499158
-2.01639
-1.20347
-2.23664
-3.69298
-1.0213
-2.91323
-1.59455
-1.99322
-3.45403
-0.969434
-2.61378
-4.32962
-1.0583
-2.34255
-2.2512
-3.38851
-2.10549
-0.142257
-1.69
0
-1.79463
-0.617904
-1.58063
-3.22932
-0.726177
-2.99827
-3.62986
-3.52016
-1.84005
-2.72101
-1.80865
-2.07066
-2.63984
-0.895493
-2.77818
-2.32547
-1.36126
-1.28203
-2.67193
-1.89202
-3.06306
-0.597662
-1.30007
-0.895892
-2.09519
-0.466871
-1.79463
0
-1.80997
-0.697058
-3.53885
-2.75827
-2.64242
-2.49626
-1.56928
-3.28045
-2.20152
-1.22035
-2.70909
-1.82848
-3.0836
-1.87529
-3.06057
-1.38018
-2.23896
-1.72985
-0.649187
-2.37337
-0.559057
-0.64222
0.176524
-1.87916
-2.03693
-0.617904
-1.80997
0
-1.90951
-1.42969
-1.43774
-1.21755
-1.3185
-1.85401
-2.28005
-2.17753
-2.53288
-1.18054
-3.33718
-1.71331
-0.719107
-3.1809
-1.40583
0.248753
-1.87021
-3.80903
-3.41529
-1.44218
-2.78677
-0.391445
-3.03858
-2.32972
-1.58063
-0.697058
-1.90951
0
-1.08544
-0.919174
-0.921931
-2.14801
-3.26249
-2.95487
-0.939195
-1.67717
-1.61065
-2.29706
-0.975344
-1.68288
-3.79493
-1.16461
-3.01426
-2.39095
-1.50019
-2.98017
-1.60638
-0.196383
-2.0182
-1.15475
-0.726701
-3.22932
-3.53885
-1.42969
-1.08544
0
-3.68698
-1.38259
-0.625519
-1.69993
-1.06406
-1.604
-2.73399
-2.84194
-1.20074
-3.22156
-0.730778
-0.867665
-2.65683
-0.386311
-1.1322
-1.17128
-3.50935
-2.33517
-0.938688
-1.78604
-2.14823
-0.825151
-0.726177
-2.75827
-1.43774
-0.919174
-3.68698
0
-2.35693
-2.32433
-1.76309
-2.45656
-1.45353
-3.70362
-3.53019
-1.22748
0.588546
-3.57751
-4.44749
-1.12182
-0.963632
-1.43506
-2.58716
-2.13349
-3.64957
-2.16231
-1.59464
-1.11731
-0.890949
-2.99827
-2.64242
-1.21755
-0.921931
-1.38259
-2.35693
0
-2.01354
-2.81222
-2.66961
-1.61454
-3.39112
-0.251398
-0.33509
-2.29598
-0.468688
-3.83025
-1.68635
-1.71205
0.492323
-2.74199
-3.09438
-2.64918
-1.14637
-2.75854
-1.83112
-0.499158
-3.62986
-2.49626
-1.3185
-2.14801
-0.625519
-2.32433
-2.01354
0
-1.528
-2.18038
-1.63465
-1.21956
-1.70709
-1.63924
-2.11565
-2.66261
-2.25874
-2.03805
-2.05054
-3.56264
-1.97143
-2.08001
-0.555648
-3.09724
-1.44535
0.18951
-2.01639
-3.52016
-1.56928
-1.85401
-3.26249
-1.69993
-1.76309
-2.81222
-1.528
0
-3.7942
-1.36406
-1.32228
-2.13563
-1.91796
-1.60569
-2.85366
-3.37517
-0.951237
-2.00347
-1.46805
-1.66506
1.28943
-1.28122
-1.79974
-4.15718
-1.03544
-1.20347
-1.84005
-3.28045
-2.28005
-2.95487
-1.06406
-2.45656
-2.66961
-2.18038
-3.7942
0
-0.752276
-3.20365
-1.7772
-3.05628
-1.76442
-2.2388
-1.04996
-0.728813
-1.49387
-1.32933
-2.38417
-1.32842
-3.31965
-2.34959
-3.14128
-1.94796
-2.23664
-2.72101
-2.20152
-2.17753
-0.939195
-1.604
-1.45353
-1.61454
-1.63465
-1.36406
-0.752276
0
-0.554078
-1.70075
-2.01227
-0.725388
-2.2101
-3.80475
-2.10677
-2.07742
-2.65663
-2.6933
-2.06088
-2.41562
-1.74739
-2.66853
-3.09282
-3.69298
-1.80865
-1.22035
-2.53288
-1.67717
-2.73399
-3.70362
-3.39112
-1.21956
-1.32228
-3.20365
-0.554078
0
-2.0105
0.338792
-2.02562
-2.24733
-2.39033
-0.794216
-2.0104
-3.41481
-0.343674
-1.04088
-3.11539
-0.680773
-1.02742
-0.216722
-1.0213
-2.07066
-2.70909
-1.18054
-1.61065
-2.84194
-3.53019
-0.251398
-1.70709
-2.13563
-1.7772
-1.70075
-2.0105
0
-2.43692
-1.34742
-1.98021
-2.43373
-0.808883
-2.78915
-0.469596
-2.98238
-4.02642
-0.875072
-0.330916
-2.1913
-1.38665
-2.91323
-2.63984
-1.82848
-3.33718
-2.29706
-1.20074
-1.22748
-0.33509
-1.63924
-1.91796
-3.05628
-2.01227
0.338792
-2.43692
0
-0.408002
-0.517545
0.114207
-1.82712
0.0890103
-1.72145
-3.68607
-1.31649
-0.423183
-3.68088
-0.532785
-1.13652
-1.59455
-0.895493
-3.0836
-1.71331
-0.975344
-3.22156
0.588546
-2.29598
-2.11565
-1.60569
-1.76442
-0.725388
-2.02562
-1.34742
-0.408002
0
-2.59579
-1.41435
-2.16235
-2.80453
-0.784309
-2.85299
-1.72058
-1.85944
-2.24914
-2.36509
-2.24775
-1.99322
-2.77818
-1.87529
-0.719107
-1.68288
-0.730778
-3.57751
-0.468688
-2.66261
-2.85366
-2.2388
-2.2101
-2.24733
-1.98021
-0.517545
-2.59579
0
-0.721193
-2.55642
0.490601
-3.25355
-1.44446
-2.85109
-1.74888
-1.75033
-2.39808
-1.97753
-3.45403
-2.32547
-3.06057
-3.1809
-3.79493
-0.867665
-4.44749
-3.83025
-2.25874
-3.37517
-1.04996
-3.80475
-2.39033
-2.43373
0.114207
-1.41435
-0.721193
0
-1.97976
-2.01603
-0.428815
-2.53961
-1.81954
-2.05833
-1.61441
-0.755037
-3.37038
-0.969434
-1.36126
-1.38018
-1.40583
-1.16461
-2.65683
-1.12182
-1.68635
-2.03805
-0.951237
-0.728813
-2.10677
-0.794216
-0.808883
-1.82712
-2.16235
-2.55642
-1.97976
0
-3.56267
0.347191
-1.7137
-3.49826
-0.903285
-2.83227
-1.39558
-3.17655
-2.61378
-1.28203
-2.23896
0.248753
-3.01426
-0.386311
-0.963632
-1.71205
-2.05054
-2.00347
-1.49387
-2.07742
-2.0104
-2.78915
0.0890103
-2.80453
0.490601
-2.01603
-3.56267
0
-1.33246
-2.11314
-2.34256
-0.327045
-2.42943
-2.97813
-1.02147
-4.32962
-2.67193
-1.72985
-1.87021
-2.39095
-1.1322
-1.43506
0.492323
-3.56264
-1.46805
-1.32933
-2.65663
-3.41481
-0.469596
-1.72145
-0.784309
-3.25355
-0.428815
0.347191
-1.33246
0
-2.03447
-2.18868
-1.97116
-1.53027
-0.6433
-3.16455
-1.0583
-1.89202
-0.649187
-3.80903
-1.50019
-1.17128
-2.58716
-2.74199
-1.97143
-1.66506
-2.38417
-2.6933
-0.343674
-2.98238
-3.68607
-2.85299
-1.44446
-2.53961
-1.7137
-2.11314
-2.03447
0
-2.09916
-2.84233
-2.216
-1.2004
-0.706109
-2.34255
-3.06306
-2.37337
-3.41529
-2.98017
-3.50935
-2.13349
-3.09438
-2.08001
1.28943
-1.32842
-2.06088
-1.04088
-4.02642
-1.31649
-1.72058
-2.85109
-1.81954
-3.49826
-2.34256
-2.18868
-2.09916
0
-3.25489
-2.91372
-2.22121
-1.55325
-2.2512
-0.597662
-0.559057
-1.44218
-1.60638
-2.33517
-3.64957
-2.64918
-0.555648
-1.28122
-3.31965
-2.41562
-3.11539
-0.875072
-0.423183
-1.85944
-1.74888
-2.05833
-0.903285
-0.327045
-1.97116
-2.84233
-3.25489
0
