0
-2.15889
-2.15018
-1.95539
-2.26953
0.095286
-0.51851
-0.654637
0.493907
-2.48808
-0.794071
-0.747564
-0.685717
-2.23793
-3.1485
-2.16591
-2.24162
-2.80876
-0.913448
-2.49208
-2.37854
-3.46054
-2.39847
-1.77948
-1.66755
-2.47436
-2.95738
-2.15889
0
-2.71849
-2.14984
-1.73131
-2.03779
-2.15401
-3.3802
-2.44524
-0.958791
-1.45643
-3.55952
-2.50049
0.993216
-1.87851
-2.44279
-2.0604
-2.10051
-1.61564
-1.26854
-2.90037
-0.295364
-2.77628
-2.07003
-1.2446
-1.00129
2.13094
-2.15018
-2.71849
0
-2.95574
-2.72511
-2.82071
-1.00036
-1.54244
-3.20915
-2.29735
-1.88044
-0.522401
-2.15251
-0.56888
-2.79157
-2.97697
-1.41104
-1.70662
-3.24023
-0.924069
-2.51081
-1.57852
-3.76387
-2.11188
-3.76357
-1.0265
-0.976896
-1.95539
-2.14984
-2.95574
0
-2.7422
-3.78729
-1.49616
-2.52431
-2.4297
-2.26003
-2.52063
-2.2054
-3.18897
-2.74131
-1.29507
-1.50722
-2.60447
-1.65276
-2.45002
-2.41647
-2.48619
-2.3311
-0.991794
-0.685454
-1.24794
-1.19952
-2.09197
-2.26953
-1.73131
-2.72511
-2.7422
0
-2.92172
-1.11134
-2.01091
-2.98112
-1.33889
0.234865
-2.35457
-3.96281
-4.56621
-2.67144
-1.59906
-2.40637
-1.95158
-1.10526
-2.03835
-2.69775
-0.360496
-2.50667
-1.58551
-3.79923
-2.26701
-2.19432
0.095286
-2.03779
-2.82071
-3.78729
-2.92172
0
-2.1395
-2.385
-3.39463
-1.4678
-0.832224
-2.14457
-1.07964
-0.384962
-0.645891
-2.68899
-1.73344
-0.410622
-1.20857
-2.05176
-2.80058
-1.37024
-3.26227
-1.24344
-2.45732
-2.50961
-2.24576
-0.51851
-2.15401
-1.00036
-1.49616
-1.11134
-2.1395
0
-1.82027
-1.44808
-2.49406
-3.46065
-3.64464
-2.35932
-0.947473
-1.08274
-1.66723
-0.523788
-2.25169
-1.19451
-1.53652
-1.33151
0.956248
-0.866383
-2.37481
-1.61333
-1.43688
-3.31023
-0.654637
-3.3802
-1.54244
-2.52431
-2.01091
-2.385
-1.82027
0
-3.03243
-0.615077
-1.87399
-1.18169
-3.68759
-3.64333
-0.960973
-3.00507
-2.29237
-1.93928
-2.30576
-0.540646
-3.11669
-1.85618
-1.74506
-2.03667
-1.09913
-1.89908
-2.24522
0.493907
-2.44524
-3.20915
-2.4297
-2.98112
-3.39463
-1.44808
-3.03243
0
-0.18721
-2.44146
-2.26121
-2.51845
-1.98932
-2.80813
-3.29657
-4.04805
-1.73182
-2.37482
-0.760394
-0.840042
-1.4924
-2.35528
-2.20666
-3.20653
-1.28898
-0.0552485
-2.48808
-0.958791
-2.29735
-2.26003
-1.33889
-1.4678
-2.49406
-0.615077
-0.18721
0
-1.87331
-0.974524
-1.24328
-1.78562
-2.48939
-3.67481
-1.25053
-2.58923
-0.591148
-2.68566
-2.51082
-1.82029
-3.13895
-1.57471
-1.12844
-2.10733
-1.67478
-0.794071
-1.45643
-1.88044
-2.52063
0.234865
-0.832224
-3.46065
-1.87399
-2.44146
-1.87331
0
0.267118
-0.684451
-1.33115
-3.45692
-0.586523
-1.88712
-1.83543
-1.69155
-1.84196
-1.8149
-4.14721
-0.507085
-1.3148
-2.0508
-1.27262
-2.13039
-0.747564
-3.55952
-0.522401
-2.2054
-2.35457
-2.14457
-3.64464
-1.18169
-2.26121
-0.974524
0.267118
0
-2.08155
-0.804296
-2.96435
-0.86973
-0.711979
-1.45417
-2.91331
-2.39257
-2.59173
-2.13315
-1.77198
-2.98501
-1.33251
-2.13123
-2.28365
-0.685717
-2.50049
-2.15251
-3.18897
-3.96281
-1.07964
-2.35932
-3.68759
-2.51845
-1.24328
-0.684451
-2.08155
0
-1.67502
-1.09117
-0.827411
-2.42338
-0.56363
-0.80967
-2.02064
-2.55604
-1.85885
-0.639051
-2.55666
-1.43125
-1.87837
-3.08853
-2.23793
0.993216
-0.56888
-2.74131
-4.56621
-0.384962
-0.947473
-3.64333
-1.98932
-1.78562
-1.33115
-0.804296
-1.67502
0
-1.62367
-3.34696
-0.134719
-1.63863
-0.357145
-1.69928
-3.43569
-2.13816
-1.95168
0.28239
-1.541
-3.58235
-1.19252
-3.1485
-1.87851
-2.79157
-1.29507
-2.67144
-0.645891
-1.08274
-0.960973
-2.80813
-2.48939
-3.45692
-2.96435
-1.09117
-1.62367
0
-1.6755
-0.0827858
-1.45582
-0.716918
-1.90163
-1.72052
-1.92669
-1.9094
-1.95441
-2.80124
0.0689342
-1.47467
-2.16591
-2.44279
-2.97697
-1.50722
-1.59906
-2.68899
-1.66723
-3.00507
-3.29657
-3.67481
-0.586523
-0.86973
-0.827411
-3.34696
-1.6755
0
-3.18481
-1.51572
-3.29299
-0.983249
-2.39293
-1.68248
-1.69135
-3.44999
-1.96968
-0.623541
-2.29686
-2.24162
-2.0604
-1.41104
-2.60447
-2.40637
-1.73344
-0.523788
-2.29237
-4.04805
-1.25053
-1.88712
-0.711979
-2.42338
-0.134719
-0.0827858
-3.18481
0
-0.906243
-3.42037
-2.59466
-2.77789
-2.1265
-0.387763
-1.0257
-1.81103
-3.26518
-1.25527
-2.80876
-2.10051
-1.70662
-1.65276
-1.95158
-0.410622
-2.25169
-1.93928
-1.73182
-2.58923
-1.83543
-1.45417
-0.56363
-1.63863
-1.45582
-1.51572
-0.906243
0
-1.74445
-2.58641
-2.31795
-0.172468
-1.30892
-0.417086
-1.54766
-1.8856
-2.03
-0.913448
-1.61564
-3.24023
-2.45002
-1.10526
-1.20857
-1.19451
-2.30576
-2.37482
-0.591148
-1.69155
-2.91331
-0.80967
-0.357145
-0.716918
-3.29299
-3.42037
-1.74445
0
-1.86284
-2.72558
-1.92146
-1.903
-1.6326
-0.97614
-2.32686
-1.84731
-2.49208
-1.26854
-0.924069
-2.41647
-2.03835
-2.05176
-1.53652
-0.540646
-0.760394
-2.68566
-1.84196
-2.39257
-2.02064
-1.69928
-1.90163
-0.983249
-2.59466
-2.58641
-1.86284
0
-1.16989
-2.12984
-1.88581
-1.03607
-0.140246
-3.0832
-1.72268
-2.37854
-2.90037
-2.51081
-2.48619
-2.69775
-2.80058
-1.33151
-3.11669
-0.840042
-2.51082
-1.8149
-2.59173
-2.55604
-3.43569
-1.72052
-2.39293
-2.77789
-2.31795
-2.72558
-1.16989
0
-2.13787
-2.15686
-1.95741
-1.62135
-2.56436
-2.41887
-3.46054
-0.295364
-1.57852
-2.3311
-0.360496
-1.37024
0.956248
-1.85618
-1.4924
-1.82029
-4.14721
-2.13315
-1.85885
-2.13816
-1.92669
-1.68248
-2.1265
-0.172468
-1.92146
-2.12984
-2.13787
0
-2.28736
-1.12695
-1.73093
-1.64479
-2.92228
-2.39847
-2.77628
-3.76387
-0.991794
-2.50667
-3.26227
-0.866383
-1.74506
-2.35528
-3.13895
-0.507085
-1.77198
-0.639051
-1.95168
-1.9094
-1.69135
-0.387763
-1.30892
-1.903
-1.88581
-2.15686
-2.28736
0
-2.87337
-1.75338
-2.52074
-2.7371
-1.77948
-2.07003
-2.11188
-0.685454
-1.58551
-1.24344
-2.37481
-2.03667
-2.20666
-1.57471
-1.3148
-2.98501
-2.55666
0.28239
-1.95441
-3.44999
-1.0257
-0.417086
-1.6326
-1.03607
-1.95741
-1.12695
-2.87337
0
-4.0944
-1.37322
-3.59372
-1.66755
-1.2446
-3.76357
-1.24794
-3.79923
-2.45732
-1.61333
-1.09913
-3.20653
-1.12844
-2.0508
-1.33251
-1.43125
-1.541
-2.80124
-1.96968
-1.81103
-1.54766
-0.97614
-0.140246
-1.62135
-1.73093
-1.75338
-4.0944
0
-3.86943
-1.88983
-2.47436
-1.00129
-1.0265
-1.19952
-2.26701
-2.50961
-1.43688
-1.89908
-1.28898
-2.10733
-1.27262
-2.13123
-1.87837
-3.58235
0.0689342
-0.623541
-3.26518
-1.8856
-2.32686
-3.0832
-2.56436
-1.64479
-2.52074
-1.37322
-3.86943
0
-3.94643
-2.95738
2.13094
-0.976896
-2.09197
-2.19432
-2.24576
-3.31023
-2.24522
-0.0552485
-1.67478
-2.13039
-2.28365
-3.08853
-1.19252
-1.47467
-2.29686
-1.25527
-2.03
-1.84731
-1.72268
-2.41887
-2.92228
-2.7371
-3.59372
-1.88983
-3.94643
0
