0
-1.8947
-1.57276
-2.11512
-2.35281
-2.67427
-2.43051
-3.08398
-1.54235
-3.00284
-2.74457
-0.448582
-2.76472
-2.75341
-0.515754
-1.6899
-1.50171
-3.07057
-3.10435
-1.09888
-3.57367
-2.45077
-2.2178
-1.09986
-3.2529
-1.06028
-1.61885
-1.8947
0
-1.67553
-3.21472
-3.72532
-3.30438
-2.47526
-1.76738
-2.36913
-2.19487
-3.18261
-2.16458
-1.49906
-1.23448
-3.86198
-3.02048
-0.362795
-1.22347
-2.57983
-2.41928
-1.59388
-1.12209
-0.816363
-2.81233
-0.23728
-2.33437
-2.49475
-1.57276
-1.67553
0
-2.83026
-2.7346
0.336038
-0.597299
-2.27378
-2.8777
-2.58054
-0.706457
-3.7917
-2.53833
-1.89251
-1.55405
0.609141
-2.96573
-0.925231
-2.62574
-2.64031
-1.8967
-2.56477
-1.91807
-3.19127
-2.48729
-1.57508
-1.46198
-2.11512
-3.21472
-2.83026
0
-1.41614
-3.86697
-4.44735
-3.13122
-2.51386
-2.10079
-1.66698
-1.31793
-1.19042
-2.64997
-1.19783
-4.77439
-1.30337
-1.34056
-1.57109
-2.52623
0.0367361
-1.08401
-1.35972
-3.55761
-2.87074
-2.13471
-1.04352
-2.35281
-3.72532
-2.7346
-1.41614
0
-1.48677
-3.16544
-1.23577
-3.40642
-3.26357
-2.03545
-3.20347
-2.67914
-3.06845
0.00754535
-1.12636
-0.926169
-1.3031
-2.52808
-1.46015
-0.462442
-1.10133
-0.781541
-1.29283
-3.53314
-1.96752
-1.74168
-2.67427
-3.30438
0.336038
-3.86697
-1.48677
0
-0.699783
-2.50649
-2.71169
-1.61951
-1.77681
-2.49323
-1.99967
-2.54141
-2.41158
-3.18347
-2.46508
-1.55635
-1.1098
-2.13902
-2.66363
-0.590203
-2.68658
-2.33111
-2.84127
-1.9176
-3.12309
-2.43051
-2.47526
-0.597299
-4.44735
-3.16544
-0.699783
0
-2.23048
-2.88135
-3.34849
-0.30154
-1.9164
0.0122791
-1.81946
-2.61827
-1.22081
-2.73971
-3.0222
-2.27678
-2.67745
-3.19923
-2.56743
-3.12371
-2.12175
-1.25279
-2.43104
-4.12304
-3.08398
-1.76738
-2.27378
-3.13122
-1.23577
-2.50649
-2.23048
0
-2.44397
-1.86289
-1.44318
-0.40831
-1.65303
-1.96695
-0.856319
-3.40799
-0.425383
-1.54244
-2.98001
-2.12321
-1.44938
-1.87479
-2.50131
-2.35816
-0.89319
-1.87677
-2.12166
-1.54235
-2.36913
-2.8777
-2.51386
-3.40642
-2.71169
-2.88135
-2.44397
0
-1.43901
-0.911313
-2.26211
-3.80994
-2.31274
-1.66356
-3.36713
0.401246
-2.43807
-0.615159
0.83562
-1.60018
-2.39677
-2.09132
-3.10777
-0.876313
-1.73086
-3.98857
-3.00284
-2.19487
-2.58054
-2.10079
-3.26357
-1.61951
-3.34849
-1.86289
-1.43901
0
-1.98653
-2.08171
-1.03561
-2.34327
-3.66791
-3.425
-1.31222
-3.34746
-2.59726
-1.05714
-2.93511
-0.775877
-3.43764
0.121973
-2.63161
-0.0239001
-1.8947
-2.74457
-3.18261
-0.706457
-1.66698
-2.03545
-1.77681
-0.30154
-1.44318
-0.911313
-1.98653
0
-1.98973
-2.63689
-3.40556
-3.65765
-2.14694
-1.26928
-2.05792
-1.69951
-1.84366
-2.50259
-0.261758
-1.7015
-2.16099
-2.14792
-2.10439
-2.41682
-0.448582
-2.16458
-3.7917
-1.31793
-3.20347
-2.49323
-1.9164
-0.40831
-2.26211
-2.08171
-1.98973
0
-3.65551
-3.01887
-1.71412
-2.46042
-0.929814
-2.93685
-1.52138
-2.53528
-1.8605
-0.726986
-4.09719
-3.42889
-0.413944
-0.799462
-2.57271
-2.76472
-1.49906
-2.53833
-1.19042
-2.67914
-1.99967
0.0122791
-1.65303
-3.80994
-1.03561
-2.63689
-3.65551
0
-3.68818
-1.75826
-1.96393
-1.1922
-3.69157
-0.952459
-1.30933
-2.87325
-2.35445
-3.19027
-2.3545
-1.37931
-1.68334
-1.65582
-2.75341
-1.23448
-1.89251
-2.64997
-3.06845
-2.54141
-1.81946
-1.96695
-2.31274
-2.34327
-3.40556
-3.01887
-3.68818
0
-2.71234
-2.55028
0.285014
-0.944495
-2.46591
-2.66365
-1.43964
-1.88643
-2.39192
-1.22116
-1.50258
-1.19451
-1.10583
-0.515754
-3.86198
-1.55405
-1.19783
0.00754535
-2.41158
-2.61827
-0.856319
-1.66356
-3.66791
-3.65765
-1.71412
-1.75826
-2.71234
0
-2.56735
-3.00749
-2.7573
-1.43558
-1.51793
-1.45311
-2.20138
-2.16829
-0.533674
-1.66845
0.493964
-0.15313
-1.6899
-3.02048
0.609141
-4.77439
-1.12636
-3.18347
-1.22081
-3.40799
-3.36713
-3.425
-2.14694
-2.46042
-1.96393
-2.55028
-2.56735
0
-2.23039
-3.10742
-0.326037
-2.06106
-1.37164
-0.638276
-1.64559
-1.68777
0.017105
-2.40672
-2.82433
-1.50171
-0.362795
-2.96573
-1.30337
-0.926169
-2.46508
-2.73971
-0.425383
0.401246
-1.31222
-1.26928
-0.929814
-1.1922
0.285014
-3.00749
-2.23039
0
-2.77558
-0.9244
-1.83812
-2.55797
-1.69056
-4.22038
-2.65063
-0.0911434
-1.14618
-0.382687
-3.07057
-1.22347
-0.925231
-1.34056
-1.3031
-1.55635
-3.0222
-1.54244
-2.43807
-3.34746
-2.05792
-2.93685
-3.69157
-0.944495
-2.7573
-3.10742
-2.77558
0
-1.89548
-2.57859
-2.3286
0.469435
-3.11768
-3.08804
-0.547559
-3.09638
-0.631992
-3.10435
-2.57983
-2.62574
-1.57109
-2.52808
-1.1098
-2.27678
-2.98001
-0.615159
-2.59726
-1.69951
-1.52138
-0.952459
-2.46591
-1.43558
-0.326037
-0.9244
-1.89548
0
-2.37898
-2.54658
-2.26514
-1.41888
-2.79655
-1.30247
-2.87573
-2.31953
-1.09888
-2.41928
-2.64031
-2.52623
-1.46015
-2.13902
-2.67745
-2.12321
0.83562
-1.05714
-1.84366
-2.53528
-1.30933
-2.66365
-1.51793
-2.06106
-1.83812
-2.57859
-2.37898
0
-2.50673
-0.669891
-2.43263
-3.31216
-2.07179
-0.456527
-2.62238
-3.57367
-1.59388
-1.8967
0.0367361
-0.462442
-2.66363
-3.19923
-1.44938
-1.60018
-2.93511
-2.50259
-1.8605
-2.87325
-1.43964
-1.45311
-1.37164
-2.55797
-2.3286
-2.54658
-2.50673
0
-1.16731
-2.3046
-1.21856
-3.84462
-2.5083
-1.6336
-2.45077
-1.12209
-2.56477
-1.08401
-1.10133
-0.590203
-2.56743
-1.87479
-2.39677
-0.775877
-0.261758
-0.726986
-2.35445
-1.88643
-2.20138
-0.638276
-1.69056
0.469435
-2.26514
-0.669891
-1.16731
0
-2.28219
-2.32585
-3.71001
-1.23429
-0.929766
-2.2178
-0.816363
-1.91807
-1.35972
-0.781541
-2.68658
-3.12371
-2.50131
-2.09132
-3.43764
-1.7015
-4.09719
-3.19027
-2.39192
-2.16829
-1.64559
-4.22038
-3.11768
-1.41888
-2.43263
-2.3046
-2.28219
0
-2.70381
0.171069
-2.01179
-1.92325
-1.09986
-2.81233
-3.19127
-3.55761
-1.29283
-2.33111
-2.12175
-2.35816
-3.10777
0.121973
-2.16099
-3.42889
-2.3545
-1.22116
-0.533674
-1.68777
-2.65063
-3.08804
-2.79655
-3.31216
-1.21856
-2.32585
-2.70381
0
-2.51721
-1.89044
-0.786803
-3.2529
-0.23728
-2.48729
-2.87074
-3.53314
-2.84127
-1.25279
-0.89319
-0.876313
-2.63161
-2.14792
-0.413944
-1.37931
-1.50258
-1.66845
0.017105
-0.0911434
-0.547559
-1.30247
-2.07179
-3.84462
-3.71001
0.171069
-2.51721
0
-1.42976
-2.53668
-1.06028
-2.33437
-1.57508
-2.13471
-1.96752
-1.9176
-2.43104
-1.87677
-1.73086
-0.0239001
-2.10439
-0.799462
-1.68334
-1.19451
0.493964
-2.40672
-1.14618
-3.09638
-2.87573
-0.456527
-2.5083
-1.23429
-2.01179
-1.89044
-1.42976
0
-2.49957
-1.61885
-2.49475
-1.46198
-1.04352
-1.74168
-3.12309
-4.12304
-2.12166
-3.98857
-1.8947
-2.41682
-2.57271
-1.65582
-1.10583
-0.15313
-2.82433
-0.382687
-0.631992
-2.31953
-2.62238
-1.6336
-0.929766
-1.92325
-0.786803
-2.53668
-2.49957
0
