0
-2.13974
-1.08035
-1.42895
-3.04086
-3.35177
-1.43861
-2.34448
-0.0695731
-2.86406
-2.10041
-0.787482
-1.7478
-4.20166
-1.37155
-3.69057
-1.21968
0.423509
0.492182
-2.17862
-1.4272
-0.864619
-3.04434
-2.66264
-1.79249
-3.4149
-2.29177
-2.13974
0
-2.41214
-1.94724
-2.8738
-2.55302
-0.111051
-2.51286
-0.442073
-2.51505
-0.398518
-2.87743
-1.72651
-1.82603
-3.61179
-0.454021
-3.72647
-2.68143
-1.73305
-1.26031
-2.48544
-1.56195
-2.10381
-2.42087
-2.29611
-3.52379
-2.4461
-1.08035
-2.41214
0
-0.780087
-2.08783
-1.96833
-3.49476
-0.711196
-1.44911
-1.68323
-3.56992
-2.99153
-3.33453
-1.37365
-3.11925
-1.033
-1.38473
-1.83707
-3.30128
-3.11085
-2.25527
-2.21374
-1.4619
-2.7616
0.0252176
-1.25795
-2.63602
-1.42895
-1.94724
-0.780087
0
-1.72336
-0.141511
-3.48454
-3.71993
-2.21417
-1.91945
-3.15734
-1.9996
-1.07616
-1.81905
-1.65343
-1.53368
-1.0469
-0.967055
-1.38319
-2.9538
-1.13142
-1.67921
-0.318747
-3.152
-2.66342
-1.16697
-1.4498
-3.04086
-2.8738
-2.08783
-1.72336
0
-2.90986
-1.89143
-2.54585
-1.34442
-2.25886
-1.28787
-2.58942
-1.12618
-2.22014
-2.23013
-1.67509
-2.73814
-1.95582
-1.87975
-3.68927
-1.1771
-1.99433
-1.32902
-1.35892
-2.69919
-3.61893
-0.791018
-3.35177
-2.55302
-1.96833
-0.141511
-2.90986
0
-4.3319
-2.52557
-0.882146
-3.53791
-1.32355
-2.6074
-2.25444
-0.122277
-2.069
0.113988
-1.07357
0.745418
-2.99339
-1.25109
-2.64695
-2.27698
-0.380021
-2.46816
-2.15732
-2.64983
-4.21397
-1.43861
-0.111051
-3.49476
-3.48454
-1.89143
-4.3319
0
-1.18859
-2.54625
-0.581333
-1.48421
-2.16773
-1.97319
-0.969941
-1.35894
-2.78962
-2.03154
-2.27873
-2.15188
-2.33942
-1.6119
-0.998429
-1.85796
-1.64303
-2.89656
-2.08763
-2.96874
-2.34448
-2.51286
-0.711196
-3.71993
-2.54585
-2.52557
-1.18859
0
-0.175132
-2.82017
-1.42509
-5.5621
-2.32789
-2.24889
-1.09993
-0.453153
-2.99346
-3.29609
-1.05828
-3.66943
-1.65685
-2.27285
-1.44362
-2.35106
-2.96409
-1.48273
-1.44479
-0.0695731
-0.442073
-1.44911
-2.21417
-1.34442
-0.882146
-2.54625
-0.175132
0
-1.71067
-2.1538
-3.62252
-2.4327
-2.21319
-1.79793
-1.66804
-3.40263
-2.47393
-0.211388
-2.65018
-0.0243402
-2.07586
-2.7921
-3.01683
-2.17207
-0.827484
-2.93034
-2.86406
-2.51505
-1.68323
-1.91945
-2.25886
-3.53791
-0.581333
-2.82017
-1.71067
0
-3.51411
-2.54667
-2.08138
-3.16338
-1.66885
-0.524321
-2.64624
-3.56703
-0.231483
-2.63725
-3.11577
1.2539
-1.22797
-2.50101
-1.93186
-2.54403
-1.09875
-2.10041
-0.398518
-3.56992
-3.15734
-1.28787
-1.32355
-1.48421
-1.42509
-2.1538
-3.51411
0
-3.3786
-2.84547
-3.82867
-2.09258
-0.313694
-3.01606
-0.145828
-1.00554
-0.760721
-1.18663
-2.91423
0.246301
-1.30271
0.471262
-2.76559
-1.13158
-0.787482
-2.87743
-2.99153
-1.9996
-2.58942
-2.6074
-2.16773
-5.5621
-3.62252
-2.54667
-3.3786
0
-2.36292
-0.476151
-1.76153
-3.30939
-2.98857
0.144374
-1.85369
-2.5835
-1.09408
-3.18255
-4.38255
-2.9635
-1.24112
-1.11403
-2.21987
-1.7478
-1.72651
-3.33453
-1.07616
-1.12618
-2.25444
-1.97319
-2.32789
-2.4327
-2.08138
-2.84547
-2.36292
0
-1.86288
-2.79948
-2.67545
-1.21201
-1.43774
0.984131
-1.79876
-1.71138
-2.80611
-1.07205
-3.07852
-2.27562
-4.61546
-3.18558
-4.20166
-1.82603
-1.37365
-1.81905
-2.22014
-0.122277
-0.969941
-2.24889
-2.21319
-3.16338
-3.82867
-0.476151
-1.86288
0
-2.07458
-1.67307
-1.81257
-2.47531
-2.35584
-1.42262
-1.51631
-2.20841
-2.40446
-0.858215
-1.44909
-1.75779
-2.59896
-1.37155
-3.61179
-3.11925
-1.65343
-2.23013
-2.069
-1.35894
-1.09993
-1.79793
-1.66885
-2.09258
-1.76153
-2.79948
-2.07458
0
-3.93358
-1.5188
-0.508105
-3.66135
-1.15063
0.481059
-1.81241
-2.84332
-0.445632
-1.89622
-3.68694
-2.85009
-3.69057
-0.454021
-1.033
-1.53368
-1.67509
0.113988
-2.78962
-0.453153
-1.66804
-0.524321
-0.313694
-3.30939
-2.67545
-1.67307
-3.93358
0
-2.07998
-3.11557
-0.227722
-0.108491
-1.42807
-2.12745
-0.411581
-2.70063
-2.41771
-3.63209
-3.58841
-1.21968
-3.72647
-1.38473
-1.0469
-2.73814
-1.07357
-2.03154
-2.99346
-3.40263
-2.64624
-3.01606
-2.98857
-1.21201
-1.81257
-1.5188
-2.07998
0
-1.75972
-3.16715
-1.40235
-2.69711
-2.39836
-0.148842
-4.03641
-0.57961
-1.09588
-1.99634
0.423509
-2.68143
-1.83707
-0.967055
-1.95582
0.745418
-2.27873
-3.29609
-2.47393
-3.56703
-0.145828
0.144374
-1.43774
-2.47531
-0.508105
-3.11557
-1.75972
0
-2.61178
-2.14723
-1.42926
-4.84336
-0.077595
-1.98117
-0.719045
-1.00498
-1.87181
0.492182
-1.73305
-3.30128
-1.38319
-1.87975
-2.99339
-2.15188
-1.05828
-0.211388
-0.231483
-1.00554
-1.85369
0.984131
-2.35584
-3.66135
-0.227722
-3.16715
-2.61178
0
-2.17105
-0.902475
-2.65831
-1.39839
-2.22744
-2.32327
-2.57568
-2.39831
-2.17862
-1.26031
-3.11085
-2.9538
-3.68927
-1.25109
-2.33942
-3.66943
-2.65018
-2.63725
-0.760721
-2.5835
-1.79876
-1.42262
-1.15063
-0.108491
-1.40235
-2.14723
-2.17105
0
-3.02927
-2.79031
-1.76104
-3.67189
-2.77523
-2.1157
-2.64934
-1.4272
-2.48544
-2.25527
-1.13142
-1.1771
-2.64695
-1.6119
-1.65685
-0.0243402
-3.11577
-1.18663
-1.09408
-1.71138
-1.51631
0.481059
-1.42807
-2.69711
-1.42926
-0.902475
-3.02927
0
-3.05128
-1.79183
-2.25069
-1.66484
-1.25456
-1.3749
-0.864619
-1.56195
-2.21374
-1.67921
-1.99433
-2.27698
-0.998429
-2.27285
-2.07586
1.2539
-2.91423
-3.18255
-2.80611
-2.20841
-1.81241
-2.12745
-2.39836
-4.84336
-2.65831
-2.79031
-3.05128
0
-1.68235
-2.43146
-2.16677
-1.85111
-1.00584
-3.04434
-2.10381
-1.4619
-0.318747
-1.32902
-0.380021
-1.85796
-1.44362
-2.7921
-1.22797
0.246301
-4.38255
-1.07205
-2.40446
-2.84332
-0.411581
-0.148842
-0.077595
-1.39839
-1.76104
-1.79183
-1.68235
0
-3.24556
-2.25382
-2.9994
-1.67686
-2.66264
-2.42087
-2.7616
-3.152
-1.35892
-2.46816
-1.64303
-2.35106
-3.01683
-2.50101
-1.30271
-2.9635
-3.07852
-0.858215
-0.445632
-2.70063
-4.03641
-1.98117
-2.22744
-3.67189
-2.25069
-2.43146
-3.24556
0
-1.57034
-4.38018
-2.62875
-1.79249
-2.29611
0.0252176
-2.66342
-2.69919
-2.15732
-2.89656
-2.96409
-2.17207
-1.93186
0.471262
-1.24112
-2.27562
-1.44909
-1.89622
-2.41771
-0.57961
-0.719045
-2.32327
-2.77523
-1.66484
-2.16677
-2.25382
-1.57034
0
-1.1068
-1.83952
-3.4149
-3.52379
-1.25795
-1.16697
-3.61893
-2.64983
-2.08763
-1.48273
-0.827484
-2.54403
-2.76559
-1.11403
-4.61546
-1.75779
-3.68694
-3.63209
-1.09588
-1.00498
-2.57568
-2.1157
-1.25456
-1.85111
-2.9994
-4.38018
-1.1068
0
-0.919691
-2.29177
-2.4461
-2.63602
-1.4498
-0.791018
-4.21397
-2.96874
-1.44479
-2.93034
-1.09875
-1.13158
-2.21987
-3.18558
-2.59896
-2.85009
-3.58841
-1.99634
-1.87181
-2.39831
-2.64934
-1.3749
-1.00584
-1.67686
-2.62875
-1.83952
-0.919691
0
