0
-1.62731
-1.12166
-1.53354
-1.49074
-2.53023
-3.73398
-1.78931
-1.64904
-2.49299
-2.41107
-3.23403
-1.79368
0.370522
-3.73597
-1.93088
-2.15628
-1.22428
-1.20221
-1.97825
-1.46213
-3.69839
-1.11485
-4.36978
-2.74751
-2.29521
-2.18525
-1.62731
0
-2.50684
-2.77723
-1.12897
-2.79989
-2.3915
-3.96384
-3.06001
-0.757081
-2.22945
-2.71004
-4.32291
-2.16527
-2.35729
-2.0862
0.85815
-2.41302
-0.491185
-0.70664
-1.39745
-2.82451
-2.2089
-1.56607
-2.18415
-6.27092
-1.88171
-1.12166
-2.50684
0
-2.81919
-1.82182
0.719745
-1.91549
-3.68908
-1.38654
-0.730019
-1.10523
-1.67105
-0.859198
-2.62866
-1.99032
-1.887
-2.18695
-2.54372
-2.05828
-1.26898
-0.416453
-1.51221
-3.15269
-2.56044
-1.56061
-2.19969
-0.352309
-1.53354
-2.77723
-2.81919
0
-1.09015
-1.85731
-0.447521
-3.65866
-3.18938
-0.0876813
-1.99752
-1.82718
-2.06827
-0.960966
-1.9463
-2.0045
-0.0773336
-2.25896
-1.71776
-1.4372
-2.42639
-1.83229
-0.626681
-2.93574
-1.21634
-3.55581
-1.78299
-1.49074
-1.12897
-1.82182
-1.09015
0
-2.48516
-0.279177
-3.07066
-1.64224
-0.0714507
-2.34539
-2.17684
-1.21286
-0.828504
-2.43176
-0.481019
-3.14189
-3.22837
-1.13768
-0.0681948
-2.60658
-3.46479
-2.46236
-1.32996
-2.14773
-2.55004
-1.54316
-2.53023
-2.79989
0.719745
-1.85731
-2.48516
0
-3.24068
-4.4107
-2.08628
-2.55932
-1.69157
-1.82722
-1.10402
-0.0745915
-3.10353
-1.37055
-0.957611
-3.11433
-2.09365
-3.00926
-2.97055
-2.03267
-1.93705
-1.74037
-1.88481
-2.76411
-0.383067
-3.73398
-2.3915
-1.91549
-0.447521
-0.279177
-3.24068
0
-2.04108
-2.84108
-3.23118
-3.21514
-3.49197
-1.91768
-1.79033
-1.98763
-2.08025
-2.91269
-1.7214
-0.930555
-2.0177
-2.22256
-4.1098
-1.44574
-2.25408
-0.85868
-2.41158
-0.571288
-1.78931
-3.96384
-3.68908
-3.65866
-3.07066
-4.4107
-2.04108
0
-2.35244
-2.7912
-3.09673
-2.48556
-2.20821
-3.4918
-2.64156
-2.45062
-2.08947
-1.28354
-4.65061
-3.60166
-2.25424
-2.76402
-0.820238
-3.00202
-1.84721
-1.01636
-2.39626
-1.64904
-3.06001
-1.38654
-3.18938
-1.64224
-2.08628
-2.84108
-2.35244
0
-2.40538
-2.17046
-0.436032
-3.8611
-0.612669
-1.34583
-1.60481
-1.48689
-2.17682
-2.19693
-1.2592
-1.70659
-0.681141
-2.2174
-1.42856
-0.938995
-2.2299
-1.72951
-2.49299
-0.757081
-0.730019
-0.0876813
-0.0714507
-2.55932
-3.23118
-2.7912
-2.40538
0
-1.61867
-3.3268
-1.7589
-3.78311
-2.54183
-2.46652
-2.08005
-1.69251
-1.52815
-1.35877
-1.91184
-1.59301
-1.16085
-1.95128
-2.33946
-1.92362
-2.25525
-2.41107
-2.22945
-1.10523
-1.99752
-2.34539
-1.69157
-3.21514
-3.09673
-2.17046
-1.61867
0
-1.53971
-2.0089
-3.26831
-2.38034
0.0745004
-1.90768
-1.45321
-1.19295
-3.12578
-1.84985
-2.04482
-2.96467
-1.07242
-0.850165
-0.400763
-1.87397
-3.23403
-2.71004
-1.67105
-1.82718
-2.17684
-1.82722
-3.49197
-2.48556
-0.436032
-3.3268
-1.53971
0
-1.69545
-2.4245
-1.70846
-3.21587
-3.79629
-0.260714
-2.15091
-0.641848
-1.66576
-1.47884
-1.2046
-2.21807
-1.91013
-2.75896
-1.34987
-1.79368
-4.32291
-0.859198
-2.06827
-1.21286
-1.10402
-1.91768
-2.20821
-3.8611
-1.7589
-2.0089
-1.69545
0
-2.61749
-1.1801
-1.30531
-3.15537
-0.764981
-3.02481
-1.768
0.261917
-2.74032
-3.02062
-2.89867
-4.42246
-1.22504
-1.09512
0.370522
-2.16527
-2.62866
-0.960966
-0.828504
-0.0745915
-1.79033
-3.4918
-0.612669
-3.78311
-3.26831
-2.4245
-2.61749
0
-1.98505
-2.72784
-1.12432
-3.07859
-2.20735
-0.252866
-3.09761
-0.534628
-1.91684
-2.6383
-2.19002
-0.860899
-3.82694
-3.73597
-2.35729
-1.99032
-1.9463
-2.43176
-3.10353
-1.98763
-2.64156
-1.34583
-2.54183
-2.38034
-1.70846
-1.1801
-1.98505
0
-2.10109
-1.39577
-1.50047
0.528068
-1.33737
-1.60663
-2.31133
-2.85999
-2.99099
-3.42485
-2.00961
-2.17416
-1.93088
-2.0862
-1.887
-2.0045
-0.481019
-1.37055
-2.08025
-2.45062
-1.60481
-2.46652
0.0745004
-3.21587
-1.30531
-2.72784
-2.10109
0
-2.04864
-1.98668
-3.45042
-1.96503
-1.01957
-1.47318
-3.86983
-2.81891
-1.24695
-0.892982
-1.53744
-2.15628
0.85815
-2.18695
-0.0773336
-3.14189
-0.957611
-2.91269
-2.08947
-1.48689
-2.08005
-1.90768
-3.79629
-3.15537
-1.12432
-1.39577
-2.04864
0
-1.3904
-2.71265
-2.30108
-3.6194
-1.82136
-2.45097
-0.0442113
-1.6086
-2.20122
-1.20241
-1.22428
-2.41302
-2.54372
-2.25896
-3.22837
-3.11433
-1.7214
-1.28354
-2.17682
-1.69251
-1.45321
-0.260714
-0.764981
-3.07859
-1.50047
-1.98668
-1.3904
0
-3.07705
-2.76471
-1.54313
-2.42911
-2.94632
-0.878763
-0.0626208
-2.06954
-1.29043
-1.20221
-0.491185
-2.05828
-1.71776
-1.13768
-2.09365
-0.930555
-4.65061
-2.19693
-1.52815
-1.19295
-2.15091
-3.02481
-2.20735
0.528068
-3.45042
-2.71265
-3.07705
0
-1.75427
-2.37323
-3.20229
-0.873409
-2.92559
-2.06288
-1.5152
-3.26176
-1.97825
-0.70664
-1.26898
-1.4372
-0.0681948
-3.00926
-2.0177
-3.60166
-1.2592
-1.35877
-3.12578
-0.641848
-1.768
-0.252866
-1.33737
-1.96503
-2.30108
-2.76471
-1.75427
0
-4.57981
-1.65375
0.0439354
-2.96884
-2.48375
-3.28843
-1.31728
-1.46213
-1.39745
-0.416453
-2.42639
-2.60658
-2.97055
-2.22256
-2.25424
-1.70659
-1.91184
-1.84985
-1.66576
0.261917
-3.09761
-1.60663
-1.01957
-3.6194
-1.54313
-2.37323
-4.57981
0
-3.33767
-2.42309
-0.511523
-2.01114
-2.23777
-3.001
-3.69839
-2.82451
-1.51221
-1.83229
-3.46479
-2.03267
-4.1098
-2.76402
-0.681141
-1.59301
-2.04482
-1.47884
-2.74032
-0.534628
-2.31133
-1.47318
-1.82136
-2.42911
-3.20229
-1.65375
-3.33767
0
-2.90689
-2.15474
-1.21774
-2.80919
-3.2286
-1.11485
-2.2089
-3.15269
-0.626681
-2.46236
-1.93705
-1.44574
-0.820238
-2.2174
-1.16085
-2.96467
-1.2046
-3.02062
-1.91684
-2.85999
-3.86983
-2.45097
-2.94632
-0.873409
0.0439354
-2.42309
-2.90689
0
-4.48231
-2.96443
-1.65807
-1.46264
-4.36978
-1.56607
-2.56044
-2.93574
-1.32996
-1.74037
-2.25408
-3.00202
-1.42856
-1.95128
-1.07242
-2.21807
-2.89867
-2.6383
-2.99099
-2.81891
-0.0442113
-0.878763
-2.92559
-2.96884
-0.511523
-2.15474
-4.48231
0
-1.61137
-1.96681
-2.05653
-2.74751
-2.18415
-1.56061
-1.21634
-2.14773
-1.88481
-0.85868
-1.84721
-0.938995
-2.33946
-0.850165
-1.91013
-4.42246
-2.19002
-3.42485
-1.24695
-1.6086
-0.0626208
-2.06288
-2.48375
-2.01114
-1.21774
-2.96443
-1.61137
0
-1.69639
-2.36913
-2.29521
-6.27092
-2.19969
-3.55581
-2.55004
-2.76411
-2.41158
-1.01636
-2.2299
-1.92362
-0.400763
-2.75896
-1.22504
-0.860899
-2.00961
-0.892982
-2.20122
-2.06954
-1.5152
-3.28843
-2.23777
-2.80919
-1.65807
-1.96681
-1.69639
0
-1.24127
-2.18525
-1.88171
-0.352309
-1.78299
-1.54316
-0.383067
-0.571288
-2.39626
-1.72951
-2.25525
-1.87397
-1.34987
-1.09512
-3.82694
-2.17416
-1.53744
-1.20241
-1.29043
-3.26176
-1.31728
-3.001
-3.2286
-1.46264
-2.05653
-2.36913
-1.24127
0
