0
-1.86797
-2.12691
-2.72432
-2.61433
-3.35598
-0.552056
-1.41898
0.0574512
-2.25365
-3.26769
-2.60989
-1.27746
-0.991971
-3.63145
-1.34572
-0.817686
-0.163216
-0.197242
-2.18459
-1.05809
-1.00092
-2.15191
-0.976469
-1.60735
-1.09821
-1.88838
-1.86797
0
-2.02197
-0.514681
-2.79912
0.0199942
-2.8103
-2.37935
-0.264192
-1.3028
-1.52749
-1.95276
-4.02578
-0.981504
-3.84674
-2.77103
-3.27056
-1.90519
-1.91708
0.565881
-0.402401
-1.94351
-2.07485
-1.39055
-4.19596
-1.8839
-1.92523
-2.12691
-2.02197
0
-2.03552
-2.08817
-3.21167
-1.46356
-1.44956
-1.19699
-1.74601
-1.7772
-2.41788
-1.35944
-0.440645
-0.853672
-3.27945
-0.26713
-0.402505
-3.06444
-2.30105
-1.05054
-1.4961
-1.94745
-2.11918
-2.49513
-3.06677
-2.2551
-2.72432
-0.514681
-2.03552
0
-1.88183
0.581582
-0.873152
-1.40873
-2.50259
-0.580408
-1.77315
-2.55451
-2.75854
-2.90529
-1.97902
-2.82734
-1.32092
-0.955197
-1.89538
-3.10422
-0.979818
-0.516061
-1.21063
-2.28656
-3.42871
-1.68016
-3.07703
-2.61433
-2.79912
-2.08817
-1.88183
0
-3.31099
-4.0401
-2.36912
-2.20847
-2.71203
-2.86679
-2.42935
-1.87762
-2.25122
-2.24208
-2.96024
-1.64389
-0.533194
-1.95486
-2.6387
-2.98783
-1.30609
-4.41074
-3.0019
-3.57297
-3.92701
-1.62944
-3.35598
0.0199942
-3.21167
0.581582
-3.31099
0
-1.49032
-2.71707
-3.39575
-0.890524
-0.231519
-3.05488
-1.4371
-1.8284
-0.918414
-2.2551
-2.53553
-2.43608
-3.55105
-1.28272
-2.11792
-1.59046
-1.60121
-1.56473
-0.546505
-0.940038
-3.32435
-0.552056
-2.8103
-1.46356
-0.873152
-4.0401
-1.49032
0
-1.46084
-1.17317
-2.84915
-4.78906
-2.14574
-3.52792
0.0336931
-2.76629
-2.96592
-1.97484
0.181241
-4.43007
-2.69298
-0.772194
-2.95704
-2.96739
-0.424621
0.15422
-1.39952
-3.97311
-1.41898
-2.37935
-1.44956
-1.40873
-2.36912
-2.71707
-1.46084
0
-2.70968
-0.482447
-0.977459
-0.654364
-3.45468
-2.67989
-3.3476
-3.12649
-0.96219
-2.0242
-1.87461
-2.72476
-2.2656
-4.49372
-2.77537
-0.713425
-3.36026
-0.543913
-2.95072
0.0574512
-0.264192
-1.19699
-2.50259
-2.20847
-3.39575
-1.17317
-2.70968
0
-2.12411
-1.21668
-2.68665
-3.65722
-1.70558
-1.08592
-1.77498
-2.49219
-0.749732
-1.78468
-1.17642
-0.0359254
-2.53318
-2.14982
-2.01467
-1.91559
-1.23665
-2.11639
-2.25365
-1.3028
-1.74601
-0.580408
-2.71203
-0.890524
-2.84915
-0.482447
-2.12411
0
-3.29406
-3.45825
-3.55697
-2.10647
-4.28474
-2.21683
-0.937503
-3.7836
0.798065
0.648115
-1.19258
-1.85659
-3.89557
-2.80121
-3.90119
-2.16825
-2.00108
-3.26769
-1.52749
-1.7772
-1.77315
-2.86679
-0.231519
-4.78906
-0.977459
-1.21668
-3.29406
0
-3.14248
-3.39293
-3.87569
-1.827
-1.7579
-2.24348
-2.37826
-2.88265
-2.30951
-2.21824
0.430397
-1.08948
-2.28966
-1.5039
-2.79735
-0.911706
-2.60989
-1.95276
-2.41788
-2.55451
-2.42935
-3.05488
-2.14574
-0.654364
-2.68665
-3.45825
-3.14248
0
-1.67733
-2.3172
-1.56625
-1.32175
-1.81686
-2.14862
-1.29818
-2.78219
-1.12972
-2.16502
-0.72559
-1.76786
-2.5459
-0.803636
-0.128477
-1.27746
-4.02578
-1.35944
-2.75854
-1.87762
-1.4371
-3.52792
-3.45468
-3.65722
-3.55697
-3.39293
-1.67733
0
-2.97173
-0.990796
-1.78269
-1.25224
-1.42453
-0.627792
-2.32841
-2.07822
-2.13721
-2.68689
0.00076503
-1.35878
-1.90006
-2.09865
-0.991971
-0.981504
-0.440645
-2.90529
-2.25122
-1.8284
0.0336931
-2.67989
-1.70558
-2.10647
-3.87569
-2.3172
-2.97173
0
-2.09172
-2.42701
-1.21373
-0.929643
-2.15607
-1.90948
-2.02455
-2.25992
-2.54369
-2.60862
-0.776247
-3.3148
-3.13226
-3.63145
-3.84674
-0.853672
-1.97902
-2.24208
-0.918414
-2.76629
-3.3476
-1.08592
-4.28474
-1.827
-1.56625
-0.990796
-2.09172
0
-2.35531
-1.70879
-2.73629
-3.06036
-0.586822
-1.75048
-1.41427
-2.53974
-1.28394
-1.29149
-0.388292
-1.03508
-1.34572
-2.77103
-3.27945
-2.82734
-2.96024
-2.2551
-2.96592
-3.12649
-1.77498
-2.21683
-1.7579
-1.32175
-1.78269
-2.42701
-2.35531
0
0.0290754
-0.693722
-1.2485
-1.60307
-0.290363
-1.20107
-0.914867
-1.94454
-0.577619
-1.17952
-1.7524
-0.817686
-3.27056
-0.26713
-1.32092
-1.64389
-2.53553
-1.97484
-0.96219
-2.49219
-0.937503
-2.24348
-1.81686
-1.25224
-1.21373
-1.70879
0.0290754
0
-1.8264
-1.36278
-1.95957
-3.44867
-2.15071
-2.66163
-1.30442
-2.74498
-2.27928
-2.43843
-0.163216
-1.90519
-0.402505
-0.955197
-0.533194
-2.43608
0.181241
-2.0242
-0.749732
-3.7836
-2.37826
-2.14862
-1.42453
-0.929643
-2.73629
-0.693722
-1.8264
0
-2.37765
-0.121404
-2.49584
-4.29662
-2.37397
-2.18427
-1.68322
-1.75017
-0.716891
-0.197242
-1.91708
-3.06444
-1.89538
-1.95486
-3.55105
-4.43007
-1.87461
-1.78468
0.798065
-2.88265
-1.29818
-0.627792
-2.15607
-3.06036
-1.2485
-1.36278
-2.37765
0
-1.07613
-3.32523
-1.11645
-3.1515
-1.21485
-1.66548
-2.60471
-0.855229
-2.18459
0.565881
-2.30105
-3.10422
-2.6387
-1.28272
-2.69298
-2.72476
-1.17642
0.648115
-2.30951
-2.78219
-2.32841
-1.90948
-0.586822
-1.60307
-1.95957
-0.121404
-1.07613
0
-4.1476
-1.56168
-2.63808
-2.12846
-1.08274
-3.05703
-1.21283
-1.05809
-0.402401
-1.05054
-0.979818
-2.98783
-2.11792
-0.772194
-2.2656
-0.0359254
-1.19258
-2.21824
-1.12972
-2.07822
-2.02455
-1.75048
-0.290363
-3.44867
-2.49584
-3.32523
-4.1476
0
-2.47248
-2.00531
-2.47738
-1.33255
-1.21706
-2.88926
-1.00092
-1.94351
-1.4961
-0.516061
-1.30609
-1.59046
-2.95704
-4.49372
-2.53318
-1.85659
0.430397
-2.16502
-2.13721
-2.25992
-1.41427
-1.20107
-2.15071
-4.29662
-1.11645
-1.56168
-2.47248
0
-1.32687
-1.82356
-1.49923
-1.84626
-2.35105
-2.15191
-2.07485
-1.94745
-1.21063
-4.41074
-1.60121
-2.96739
-2.77537
-2.14982
-3.89557
-1.08948
-0.72559
-2.68689
-2.54369
-2.53974
-0.914867
-2.66163
-2.37397
-3.1515
-2.63808
-2.00531
-1.32687
0
-1.71705
-2.91526
-1.47821
-1.75827
-0.976469
-1.39055
-2.11918
-2.28656
-3.0019
-1.56473
-0.424621
-0.713425
-2.01467
-2.80121
-2.28966
-1.76786
0.00076503
-2.60862
-1.28394
-1.94454
-1.30442
-2.18427
-1.21485
-2.12846
-2.47738
-1.82356
-1.71705
0
-1.59022
-1.52268
-3.88541
-1.60735
-4.19596
-2.49513
-3.42871
-3.57297
-0.546505
0.15422
-3.36026
-1.91559
-3.90119
-1.5039
-2.5459
-1.35878
-0.776247
-1.29149
-0.577619
-2.74498
-1.68322
-1.66548
-1.08274
-1.33255
-1.49923
-2.91526
-1.59022
0
-3.53137
-3.46235
-1.09821
-1.8839
-3.06677
-1.68016
-3.92701
-0.940038
-1.39952
-0.543913
-1.23665
-2.16825
-2.79735
-0.803636
-1.90006
-3.3148
-0.388292
-1.17952
-2.27928
-1.75017
-2.60471
-3.05703
-1.21706
-1.84626
-1.47821
-1.52268
-3.53137
0
-2.46938
-1.88838
-1.92523
-2.2551
-3.07703
-1.62944
-3.32435
-3.97311
-2.95072
-2.11639
-2.00108
-0.911706
-0.128477
-2.09865
-3.13226
-1.03508
-1.7524
-2.43843
-0.716891
-0.855229
-1.21283
-2.88926
-2.35105
-1.75827
-3.88541
-3.46235
-2.46938
0
