0
-2.08774
-1.63284
-1.69002
-1.36767
-2.06678
-2.18304
-1.71209
-2.43597
-2.96723
-1.15538
-1.20998
-1.77677
-2.47208
-1.91192
-2.16268
-0.727728
-3.3343
-1.96057
-2.13631
-3.52653
-1.10306
-1.21505
-2.29106
-2.78539
-2.9519
-1.03328
-2.08774
0
-3.40165
-3.37368
-4.02612
-0.571203
-1.65064
-1.84698
-1.99012
-1.73151
-2.00143
-1.79122
-1.79191
-1.74556
-2.17825
-1.67259
-2.11745
-0.238171
-0.0167685
-1.82476
-2.46139
-2.92904
-2.81251
-3.0366
-2.81966
-1.11696
-1.64888
-1.63284
-3.40165
0
-2.67186
-3.13339
-1.93645
-1.59573
-1.93515
-0.291251
-2.40722
-0.348835
-2.33964
-2.408
-3.59686
-1.96581
-1.6999
-3.4722
-1.54196
-4.22042
-2.71572
-4.52682
-2.1809
-1.2554
-4.1892
-2.3679
-1.61545
-1.99281
-1.69002
-3.37368
-2.67186
0
-2.12378
-2.0821
-2.25191
-2.44249
-2.91166
-2.2576
-2.35431
-2.36873
-1.21345
-2.31222
-2.14449
-3.02074
-1.7807
-0.697278
-0.762991
-3.59699
-3.8677
-2.65611
-0.00469003
-1.99826
-1.08748
-2.01678
-2.70084
-1.36767
-4.02612
-3.13339
-2.12378
0
-1.43945
-1.26155
-1.26424
-1.06956
-1.87744
-1.38418
-1.83538
-3.66542
-1.06492
-2.81668
-2.75596
-2.49835
-2.56491
-1.88819
-0.746145
-2.32465
-2.21292
-2.52844
-4.10253
-0.258208
-3.55575
-1.7399
-2.06678
-0.571203
-1.93645
-2.0821
-1.43945
0
-3.31392
-2.95855
-2.97916
-3.23446
-3.84038
-1.25518
-0.84702
-0.461655
-0.743677
-1.38115
-1.01777
-1.31842
-1.76757
-1.93815
-2.52136
-2.25751
-2.99212
-1.67092
-1.44076
-2.64994
-3.60615
-2.18304
-1.65064
-1.59573
-2.25191
-1.26155
-3.31392
0
-0.727175
-2.54831
-1.86721
-1.37248
-1.14084
-3.09008
-2.35968
-1.62795
-2.95976
-2.49979
-1.9464
-3.58502
-1.54884
-2.85081
-2.64766
-1.38683
-0.993718
-2.40983
-2.55945
-3.21345
-1.71209
-1.84698
-1.93515
-2.44249
-1.26424
-2.95855
-0.727175
0
-1.95946
-3.25941
-2.35079
-1.51569
-1.64077
-2.9043
-2.39171
-3.45339
-1.56369
-2.63697
-2.49744
-1.29446
-2.68699
-1.41423
-1.6282
-3.48216
-0.0920836
-2.64029
-0.390939
-2.43597
-1.99012
-0.291251
-2.91166
-1.06956
-2.97916
-2.54831
-1.95946
0
-3.94063
-0.993308
-0.697788
-1.50078
-1.60496
-1.46389
-1.20134
-1.45016
-2.7085
-0.613084
-1.93578
-2.05463
-0.321119
-1.67906
-0.211859
-2.71134
-3.15967
-0.255688
-2.96723
-1.73151
-2.40722
-2.2576
-1.87744
-3.23446
-1.86721
-3.25941
-3.94063
0
-3.01322
-1.03043
-1.33255
-1.31246
-3.86306
-1.98247
-1.8095
-2.36198
-1.29427
-0.462156
-0.0817234
-2.03606
-2.14611
-1.30029
-1.925
-2.31445
-1.89247
-1.15538
-2.00143
-0.348835
-2.35431
-1.38418
-3.84038
-1.37248
-2.35079
-0.993308
-3.01322
0
-1.26465
-2.19989
-3.14284
-1.33411
-1.51627
-2.16741
-1.36968
-0.319871
-1.85836
-1.76266
-0.97457
-3.6222
-1.46757
-1.48101
-2.36198
-2.54212
-1.20998
-1.79122
-2.33964
-2.36873
-1.83538
-1.25518
-1.14084
-1.51569
-0.697788
-1.03043
-1.26465
0
-2.92481
-2.50709
-3.33575
0.261732
-0.648718
-2.02646
-1.0906
-2.07925
-3.00394
-3.12359
-2.38984
-2.02948
-3.00438
-2.94637
-2.75356
-1.77677
-1.79191
-2.408
-1.21345
-3.66542
-0.84702
-3.09008
-1.64077
-1.50078
-1.33255
-2.19989
-2.92481
0
-1.97981
0.741996
-1.13073
-1.57547
-0.939499
-0.235133
-1.15708
-0.550349
-1.90553
-2.85131
-2.2259
-2.77622
-0.134352
-1.82375
-2.47208
-1.74556
-3.59686
-2.31222
-1.06492
-0.461655
-2.35968
-2.9043
-1.60496
-1.31246
-3.14284
-2.50709
-1.97981
0
-1.72628
-2.60392
-3.42113
-4.1871
-3.65304
-3.75678
-2.07276
-1.69788
-2.97563
-3.4029
-2.22567
-1.50152
-1.69347
-1.91192
-2.17825
-1.96581
-2.14449
-2.81668
-0.743677
-1.62795
-2.39171
-1.46389
-3.86306
-1.33411
-3.33575
0.741996
-1.72628
0
-0.370357
-3.24938
-1.03717
-1.81787
-3.44878
-1.28254
-2.08332
-1.74588
-1.79293
-2.63013
-1.58102
-1.57536
-2.16268
-1.67259
-1.6999
-3.02074
-2.75596
-1.38115
-2.95976
-3.45339
-1.20134
-1.98247
-1.51627
0.261732
-1.13073
-2.60392
-0.370357
0
-2.24194
-1.54891
-1.26476
-2.05407
-1.63526
-1.9677
-2.79465
-1.82015
-2.22406
-1.88219
-2.12498
-0.727728
-2.11745
-3.4722
-1.7807
-2.49835
-1.01777
-2.49979
-1.56369
-1.45016
-1.8095
-2.16741
-0.648718
-1.57547
-3.42113
-3.24938
-2.24194
0
-0.519055
-4.10205
-0.830261
-1.80301
-2.90599
-0.870188
-0.124247
-1.80771
-2.61242
-1.27318
-3.3343
-0.238171
-1.54196
-0.697278
-2.56491
-1.31842
-1.9464
-2.63697
-2.7085
-2.36198
-1.36968
-2.02646
-0.939499
-4.1871
-1.03717
-1.54891
-0.519055
0
-1.40498
-0.685339
-1.61907
-1.68063
-1.86362
-1.91084
-1.38731
-0.964908
0.385501
-1.96057
-0.0167685
-4.22042
-0.762991
-1.88819
-1.76757
-3.58502
-2.49744
-0.613084
-1.29427
-0.319871
-1.0906
-0.235133
-3.65304
-1.81787
-1.26476
-4.10205
-1.40498
0
-1.01586
-1.98702
-1.46266
0.533214
0.122605
-2.55351
-1.5291
-1.45175
-2.13631
-1.82476
-2.71572
-3.59699
-0.746145
-1.93815
-1.54884
-1.29446
-1.93578
-0.462156
-1.85836
-2.07925
-1.15708
-3.75678
-3.44878
-2.05407
-0.830261
-0.685339
-1.01586
0
-2.18448
-0.382068
-3.73582
-2.77045
-1.65858
-1.59488
-2.25433
-3.52653
-2.46139
-4.52682
-3.8677
-2.32465
-2.52136
-2.85081
-2.68699
-2.05463
-0.0817234
-1.76266
-3.00394
-0.550349
-2.07276
-1.28254
-1.63526
-1.80301
-1.61907
-1.98702
-2.18448
0
-2.45394
-0.784104
-1.42152
-3.30316
-0.999974
-2.3545
-1.10306
-2.92904
-2.1809
-2.65611
-2.21292
-2.25751
-2.64766
-1.41423
-0.321119
-2.03606
-0.97457
-3.12359
-1.90553
-1.69788
-2.08332
-1.9677
-2.90599
-1.68063
-1.46266
-0.382068
-2.45394
0
-3.87984
-3.11498
-1.28287
-1.18579
-1.07751
-1.21505
-2.81251
-1.2554
-0.00469003
-2.52844
-2.99212
-1.38683
-1.6282
-1.67906
-2.14611
-3.6222
-2.38984
-2.85131
-2.97563
-1.74588
-2.79465
-0.870188
-1.86362
0.533214
-3.73582
-0.784104
-3.87984
0
-1.88355
-2.35332
-2.68504
-1.32497
-2.29106
-3.0366
-4.1892
-1.99826
-4.10253
-1.67092
-0.993718
-3.48216
-0.211859
-1.30029
-1.46757
-2.02948
-2.2259
-3.4029
-1.79293
-1.82015
-0.124247
-1.91084
0.122605
-2.77045
-1.42152
-3.11498
-1.88355
0
-3.03712
-3.13518
-1.86078
-2.78539
-2.81966
-2.3679
-1.08748
-0.258208
-1.44076
-2.40983
-0.0920836
-2.71134
-1.925
-1.48101
-3.00438
-2.77622
-2.22567
-2.63013
-2.22406
-1.80771
-1.38731
-2.55351
-1.65858
-3.30316
-1.28287
-2.35332
-3.03712
0
-1.53572
-0.800707
-2.9519
-1.11696
-1.61545
-2.01678
-3.55575
-2.64994
-2.55945
-2.64029
-3.15967
-2.31445
-2.36198
-2.94637
-0.134352
-1.50152
-1.58102
-1.88219
-2.61242
-0.964908
-1.5291
-1.59488
-0.999974
-1.18579
-2.68504
-3.13518
-1.53572
0
-1.36419
-1.03328
-1.64888
-1.99281
-2.70084
-1.7399
-3.60615
-3.21345
-0.390939
-0.255688
-1.89247
-2.54212
-2.75356
-1.82375
-1.69347
-1.57536
-2.12498
-1.27318
0.385501
-1.45175
-2.25433
-2.3545
-1.07751
-1.32497
-1.86078
-0.800707
-1.36419
0
