0
-1.45736
-1.13544
-1.72715
-1.29218
-3.75883
-1.42762
-3.13582
-1.69122
-2.44767
-1.61052
-3.11366
-1.98005
-1.00933
-3.47485
-2.33775
-2.6325
-3.63441
-0.0653423
-2.11145
-5.3873
-0.611177
-2.97952
-1.15356
-1.43668
-3.38203
-1.08639
-1.45736
0
-1.18067
-2.87469
-1.41473
-0.669199
-1.49661
-0.246089
-2.41659
-3.07938
-3.8343
0.510367
-2.28785
-2.7767
-2.39296
-0.962607
-2.40455
-1.7964
-3.3847
-1.47924
-2.83828
-1.73416
-0.831426
-3.7623
-0.439201
-1.77596
-2.92856
-1.13544
-1.18067
0
-0.912511
-2.94575
-0.831464
-1.5067
-1.62971
-1.95957
-2.25323
0.152154
-2.70875
-1.93728
-2.29019
-0.25768
-1.22229
-2.60305
-2.06436
-2.94872
-3.68738
-2.64872
-1.6845
-2.74623
-1.61638
-3.82785
-0.574048
-3.11009
-1.72715
-2.87469
-0.912511
0
-1.33902
-0.786202
-1.76689
-3.53197
-1.66829
-2.4273
-1.23212
-1.76838
-3.32436
-1.69761
-1.35697
-2.63907
-2.63301
-4.10812
-1.14821
-3.27314
-1.54517
-0.606771
-3.22456
-0.33804
-1.29324
-0.857443
-0.855531
-1.29218
-1.41473
-2.94575
-1.33902
0
-1.63076
-2.40301
-1.49033
-2.07814
-2.47484
-1.93412
-1.11761
-1.51512
-3.49298
-3.14715
-4.56974
-1.43872
-2.48407
-1.9923
-2.45531
-1.49377
-1.51508
-1.51049
-1.78164
-2.55699
-2.21477
-3.32801
-3.75883
-0.669199
-0.831464
-0.786202
-1.63076
0
-1.0752
-1.89562
-0.46957
-2.6503
-1.54533
-2.08164
-1.3031
-4.19796
-1.85502
-3.0357
-2.79234
-2.12167
-0.2359
-3.27994
-0.96488
-2.5292
-1.55722
-3.35559
-0.630446
-2.54681
-1.52416
-1.42762
-1.49661
-1.5067
-1.76689
-2.40301
-1.0752
0
-2.99475
-2.20098
-2.39299
-2.37778
-2.16395
-2.34229
-0.745157
-1.98077
-1.97226
-3.00117
-0.554864
-2.3468
-3.20128
-3.67893
-0.649438
-1.62031
-2.33049
-1.28707
-1.26986
-2.64186
-3.13582
-0.246089
-1.62971
-3.53197
-1.49033
-1.89562
-2.99475
0
-2.61527
-2.42664
-2.43439
-2.86549
-1.75205
-1.71285
-2.91038
-2.14407
-1.79413
-2.49633
-1.19128
-3.38265
-1.31266
-0.706372
-2.72093
-2.59754
-1.93304
-2.70049
-1.77447
-1.69122
-2.41659
-1.95957
-1.66829
-2.07814
-0.46957
-2.20098
-2.61527
0
-2.02163
0.200162
-2.4004
-1.98825
-1.94084
-2.67
-2.94164
-2.87799
-3.1733
-2.10925
-2.74283
-1.46786
-1.2845
-2.46716
-1.58707
-1.68411
-3.41996
-1.90278
-2.44767
-3.07938
-2.25323
-2.4273
-2.47484
-2.6503
-2.39299
-2.42664
-2.02163
0
-0.703154
-2.374
-2.01462
-1.84582
-1.67812
-0.545161
-2.12115
-0.588583
-3.76021
-1.58996
-1.77824
-2.89707
-0.844933
-3.38829
-1.45897
-1.43841
-2.04605
-1.61052
-3.8343
0.152154
-1.23212
-1.93412
-1.54533
-2.37778
-2.43439
0.200162
-0.703154
0
-1.84694
-3.95398
0.681684
-0.831287
-2.28775
-1.19401
-2.65844
-1.86952
-0.990347
-2.32411
-2.25529
-3.66192
-1.67712
-3.02539
-0.834751
-3.41987
-3.11366
0.510367
-2.70875
-1.76838
-1.11761
-2.08164
-2.16395
-2.86549
-2.4004
-2.374
-1.84694
0
-0.548864
-1.72429
-2.14371
-1.58416
-1.68516
-2.16328
-2.46319
-1.78877
-2.25683
-3.47141
-1.70538
-1.84955
-2.60904
-3.46282
-2.32463
-1.98005
-2.28785
-1.93728
-3.32436
-1.51512
-1.3031
-2.34229
-1.75205
-1.98825
-2.01462
-3.95398
-0.548864
0
-0.797844
-2.36639
-3.0785
-2.54602
-2.53047
-2.42315
-0.907661
-2.09781
-1.64547
-1.19988
-2.11294
-3.66509
-3.35855
-3.3806
-1.00933
-2.7767
-2.29019
-1.69761
-3.49298
-4.19796
-0.745157
-1.71285
-1.94084
-1.84582
0.681684
-1.72429
-0.797844
0
-1.29216
-0.542728
0.790844
-1.50078
-0.205408
-2.71533
-1.05545
-0.926277
-1.60012
-3.43945
-2.86877
-2.37026
0.194329
-3.47485
-2.39296
-0.25768
-1.35697
-3.14715
-1.85502
-1.98077
-2.91038
-2.67
-1.67812
-0.831287
-2.14371
-2.36639
-1.29216
0
-1.90786
-2.81674
-2.19509
-1.60238
-2.41859
-1.94438
-2.05329
-1.04249
-1.73483
-3.01269
-2.10064
-3.22265
-2.33775
-0.962607
-1.22229
-2.63907
-4.56974
-3.0357
-1.97226
-2.14407
-2.94164
-0.545161
-2.28775
-1.58416
-3.0785
-0.542728
-1.90786
0
-0.613251
-2.347
-3.40255
-2.09603
-1.02379
-0.933985
-2.40505
-0.717132
-3.43529
-0.994761
-1.4032
-2.6325
-2.40455
-2.60305
-2.63301
-1.43872
-2.79234
-3.00117
-1.79413
-2.87799
-2.12115
-1.19401
-1.68516
-2.54602
0.790844
-2.81674
-0.613251
0
-0.949496
-1.5072
-1.6858
-3.63079
-1.87026
-2.83798
-1.59117
-2.2302
-2.858
-1.17921
-3.63441
-1.7964
-2.06436
-4.10812
-2.48407
-2.12167
-0.554864
-2.49633
-3.1733
-0.588583
-2.65844
-2.16328
-2.53047
-1.50078
-2.19509
-2.347
-0.949496
0
-0.980727
-1.22845
-2.26996
-0.424077
-0.959799
-0.471741
-0.624362
-1.60938
-2.28538
-0.0653423
-3.3847
-2.94872
-1.14821
-1.9923
-0.2359
-2.3468
-1.19128
-2.10925
-3.76021
-1.86952
-2.46319
-2.42315
-0.205408
-1.60238
-3.40255
-1.5072
-0.980727
0
-0.736252
-1.54252
-1.82475
-1.6925
-1.91604
-3.15644
-3.75884
-2.54509
-2.11145
-1.47924
-3.68738
-3.27314
-2.45531
-3.27994
-3.20128
-3.38265
-2.74283
-1.58996
-0.990347
-1.78877
-0.907661
-2.71533
-2.41859
-2.09603
-1.6858
-1.22845
-0.736252
0
-2.731
-2.27195
-1.55223
-2.08513
-2.07732
-0.96503
-1.99146
-5.3873
-2.83828
-2.64872
-1.54517
-1.49377
-0.96488
-3.67893
-1.31266
-1.46786
-1.77824
-2.32411
-2.25683
-2.09781
-1.05545
-1.94438
-1.02379
-3.63079
-2.26996
-1.54252
-2.731
0
0.0748657
-1.37695
-0.896751
-0.836412
-1.09901
-1.17746
-0.611177
-1.73416
-1.6845
-0.606771
-1.51508
-2.5292
-0.649438
-0.706372
-1.2845
-2.89707
-2.25529
-3.47141
-1.64547
-0.926277
-2.05329
-0.933985
-1.87026
-0.424077
-1.82475
-2.27195
0.0748657
0
-1.24791
-0.793774
-2.28278
-2.60619
-1.74641
-2.97952
-0.831426
-2.74623
-3.22456
-1.51049
-1.55722
-1.62031
-2.72093
-2.46716
-0.844933
-3.66192
-1.70538
-1.19988
-1.60012
-1.04249
-2.40505
-2.83798
-0.959799
-1.6925
-1.55223
-1.37695
-1.24791
0
-2.53773
-1.78149
-3.65452
-1.52936
-1.15356
-3.7623
-1.61638
-0.33804
-1.78164
-3.35559
-2.33049
-2.59754
-1.58707
-3.38829
-1.67712
-1.84955
-2.11294
-3.43945
-1.73483
-0.717132
-1.59117
-0.471741
-1.91604
-2.08513
-0.896751
-0.793774
-2.53773
0
-1.94646
-3.26347
-1.25691
-1.43668
-0.439201
-3.82785
-1.29324
-2.55699
-0.630446
-1.28707
-1.93304
-1.68411
-1.45897
-3.02539
-2.60904
-3.66509
-2.86877
-3.01269
-3.43529
-2.2302
-0.624362
-3.15644
-2.07732
-0.836412
-2.28278
-1.78149
-1.94646
0
-2.55938
-2.9172
-3.38203
-1.77596
-0.574048
-0.857443
-2.21477
-2.54681
-1.26986
-2.70049
-3.41996
-1.43841
-0.834751
-3.46282
-3.35855
-2.37026
-2.10064
-0.994761
-2.858
-1.60938
-3.75884
-0.96503
-1.09901
-2.60619
-3.65452
-3.26347
-2.55938
0
-2.65847
-1.08639
-2.92856
-3.11009
-0.855531
-3.32801
-1.52416
-2.64186
-1.77447
-1.90278
-2.04605
-3.41987
-2.32463
-3.3806
0.194329
-3.22265
-1.4032
-1.17921
-2.28538
-2.54509
-1.99146
-1.17746
-1.74641
-1.52936
-1.25691
-2.9172
-2.65847
0
