0
-0.439114
-0.428413
-2.82801
-1.90681
-2.74729
-1.28063
-0.534999
-1.6485
-1.83901
-2.12346
-2.10523
-1.89844
-0.560291
-0.692282
-2.74626
-2.5968
-1.4017
-1.9756
-1.61657
-2.04235
-1.57304
-2.09996
-4.46236
-4.09732
-2.46947
0.250574
-0.439114
0
-2.28138
-1.13482
-0.886879
-1.68265
-2.23767
-2.04065
-2.75755
-1.6688
-3.87355
-3.05153
-1.12393
1.94062
-2.26093
-1.33033
-1.77245
-1.15903
-1.25965
-1.7078
-1.40558
-1.45066
-1.17848
-2.05268
-2.01768
-3.63624
-2.16868
-0.428413
-2.28138
0
-2.21172
-3.15623
-3.2024
-1.56721
-2.02805
-0.0179942
-2.19461
-0.733027
-2.50303
-1.57266
-2.09853
-2.81981
-0.727569
-1.76263
-4.72584
-2.50177
-1.46671
-1.79882
-1.6648
-1.97253
-0.986618
-2.25482
-2.60808
-0.198943
-2.82801
-1.13482
-2.21172
0
-0.412336
-1.2063
-2.71024
-1.26722
-1.86499
-1.96956
-3.08304
-2.27125
-3.45045
-2.01822
-1.69517
-1.31436
-3.69045
-0.651672
-2.34676
-1.79823
-3.41662
-2.08017
-1.72909
-2.8569
-1.78796
-1.75881
-2.916
-1.90681
-0.886879
-3.15623
-0.412336
0
-1.58289
-2.47097
-1.472
-3.6095
-1.47899
-2.12639
-1.44073
-1.76591
-3.02102
-1.39872
-2.95515
-2.05505
-2.31228
-3.05659
-2.57006
-3.0667
-2.08209
-0.974609
-2.83344
-0.537343
-0.722304
-1.95648
-2.74729
-1.68265
-3.2024
-1.2063
-1.58289
0
-2.29609
-2.11957
-2.18026
-3.72644
-1.53587
-3.17949
-2.6631
0.0323638
-2.11273
-1.71282
-2.63329
-1.70198
-3.17242
-0.25258
-0.967353
-0.750259
-2.09088
-1.16762
0.0885605
-2.90949
-0.829222
-1.28063
-2.23767
-1.56721
-2.71024
-2.47097
-2.29609
0
-1.6162
-3.01746
-1.33346
-2.21144
-2.03494
-1.60037
-0.871803
-0.935333
-1.14466
-0.854672
-0.410518
-1.61765
-2.48906
-2.90471
-3.15109
-1.56658
-3.15284
-2.16933
0.40502
-2.40696
-0.534999
-2.04065
-2.02805
-1.26722
-1.472
-2.11957
-1.6162
0
-3.25648
-3.9029
0.912015
-0.851103
-1.9813
-1.49767
-3.09754
-1.52484
-1.61633
-0.175605
-1.50611
-2.43195
-1.43738
-2.83272
-1.26795
-1.20505
-2.1196
-1.21143
-0.783946
-1.6485
-2.75755
-0.0179942
-1.86499
-3.6095
-2.18026
-3.01746
-3.25648
0
-1.18704
-2.26031
-1.83488
-0.328113
-1.88011
-0.951658
-3.39411
-1.77653
-0.36628
-0.637663
-2.69485
-2.17255
-2.42088
-2.31707
-0.475994
-1.14612
-1.91136
-3.22221
-1.83901
-1.6688
-2.19461
-1.96956
-1.47899
-3.72644
-1.33346
-3.9029
-1.18704
0
-1.47889
-2.17975
-1.77884
-1.71738
-2.42761
-2.66098
-3.29771
-1.14228
-2.2369
-0.641815
-2.79465
-3.09943
-1.89133
-1.38715
-2.4321
-1.52249
-2.85099
-2.12346
-3.87355
-0.733027
-3.08304
-2.12639
-1.53587
-2.21144
0.912015
-2.26031
-1.47889
0
-1.91997
-3.44345
-3.22896
-3.70194
-1.86785
-3.23156
-3.96733
-1.50197
-1.7427
-1.84056
-3.56921
-2.471
-2.50267
-1.10326
-2.36283
-1.45764
-2.10523
-3.05153
-2.50303
-2.27125
-1.44073
-3.17949
-2.03494
-0.851103
-1.83488
-2.17975
-1.91997
0
-0.597826
0.0851114
-2.86639
-2.19623
-1.60533
-1.35406
-3.68288
-1.51599
-2.34347
-3.01398
-1.21096
-2.03651
-1.72806
-3.60772
-1.61278
-1.89844
-1.12393
-1.57266
-3.45045
-1.76591
-2.6631
-1.60037
-1.9813
-0.328113
-1.77884
-3.44345
-0.597826
0
-0.795044
0.219365
-1.04769
-1.67464
-1.74116
-1.85687
-1.45464
-2.32199
-3.31406
-2.8804
-1.29669
-0.646324
-1.9813
0.157737
-0.560291
1.94062
-2.09853
-2.01822
-3.02102
0.0323638
-0.871803
-1.49767
-1.88011
-1.71738
-3.22896
0.0851114
-0.795044
0
-2.4567
-3.54525
-3.29869
-2.58498
-2.12135
-2.66758
-2.75051
-2.29936
-1.79168
-1.10254
-3.22135
-2.18362
-1.35929
-0.692282
-2.26093
-2.81981
-1.69517
-1.39872
-2.11273
-0.935333
-3.09754
-0.951658
-2.42761
-3.70194
-2.86639
0.219365
-2.4567
0
-2.37845
-1.63744
-1.06471
-1.5945
-2.98361
-1.83845
-2.6889
-1.39304
-4.09331
-2.33195
-3.49736
-3.42792
-2.74626
-1.33033
-0.727569
-1.31436
-2.95515
-1.71282
-1.14466
-1.52484
-3.39411
-2.66098
-1.86785
-2.19623
-1.04769
-3.54525
-2.37845
0
-3.12361
-3.11049
-1.47378
-2.79225
-1.6326
-2.02498
-1.8215
-1.77845
-1.74819
-1.75393
-3.04915
-2.5968
-1.77245
-1.76263
-3.69045
-2.05505
-2.63329
-0.854672
-1.61633
-1.77653
-3.29771
-3.23156
-1.60533
-1.67464
-3.29869
-1.63744
-3.12361
0
-3.06303
-2.28145
-1.01549
-2.27594
-3.38233
0.0936011
-0.773354
0.00992986
-2.83947
-1.77553
-1.4017
-1.15903
-4.72584
-0.651672
-2.31228
-1.70198
-0.410518
-0.175605
-0.36628
-1.14228
-3.96733
-1.35406
-1.74116
-2.58498
-1.06471
-3.11049
-3.06303
0
-0.671954
-3.25498
-4.77502
-1.83622
-0.465984
-1.82434
-1.8404
-2.13782
-2.29384
-1.9756
-1.25965
-2.50177
-2.34676
-3.05659
-3.17242
-1.61765
-1.50611
-0.637663
-2.2369
-1.50197
-3.68288
-1.85687
-2.12135
-1.5945
-1.47378
-2.28145
-0.671954
0
-0.762142
-1.59137
-3.48149
-3.05711
-0.735722
-0.692471
-1.86629
-1.10014
-1.61657
-1.7078
-1.46671
-1.79823
-2.57006
-0.25258
-2.48906
-2.43195
-2.69485
-0.641815
-1.7427
-1.51599
-1.45464
-2.66758
-2.98361
-2.79225
-1.01549
-3.25498
-0.762142
0
-2.52629
-2.02996
-2.02981
-1.68232
-3.29302
-1.17361
-1.46205
-2.04235
-1.40558
-1.79882
-3.41662
-3.0667
-0.967353
-2.90471
-1.43738
-2.17255
-2.79465
-1.84056
-2.34347
-2.32199
-2.75051
-1.83845
-1.6326
-2.27594
-4.77502
-1.59137
-2.52629
0
-1.69236
-1.31024
-2.03641
-3.40192
-4.64309
-2.4427
-1.57304
-1.45066
-1.6648
-2.08017
-2.08209
-0.750259
-3.15109
-2.83272
-2.42088
-3.09943
-3.56921
-3.01398
-3.31406
-2.29936
-2.6889
-2.02498
-3.38233
-1.83622
-3.48149
-2.02996
-1.69236
0
-0.644157
-1.78327
-3.41609
-1.95631
-2.61224
-2.09996
-1.17848
-1.97253
-1.72909
-0.974609
-2.09088
-1.56658
-1.26795
-2.31707
-1.89133
-2.471
-1.21096
-2.8804
-1.79168
-1.39304
-1.8215
0.0936011
-0.465984
-3.05711
-2.02981
-1.31024
-0.644157
0
-3.25338
-2.80651
-2.81631
-1.39417
-4.46236
-2.05268
-0.986618
-2.8569
-2.83344
-1.16762
-3.15284
-1.20505
-0.475994
-1.38715
-2.50267
-2.03651
-1.29669
-1.10254
-4.09331
-1.77845
-0.773354
-1.82434
-0.735722
-1.68232
-2.03641
-1.78327
-3.25338
0
-2.74478
-0.809739
-2.49978
-4.09732
-2.01768
-2.25482
-1.78796
-0.537343
0.0885605
-2.16933
-2.1196
-1.14612
-2.4321
-1.10326
-1.72806
-0.646324
-3.22135
-2.33195
-1.74819
0.00992986
-1.8404
-0.692471
-3.29302
-3.40192
-3.41609
-2.80651
-2.74478
0
-1.87028
-0.363795
-2.46947
-3.63624
-2.60808
-1.75881
-0.722304
-2.90949
0.40502
-1.21143
-1.91136
-1.52249
-2.36283
-3.60772
-1.9813
-2.18362
-3.49736
-1.75393
-2.83947
-2.13782
-1.86629
-1.17361
-4.64309
-1.95631
-2.81631
-0.809739
-1.87028
0
-2.39952
0.250574
-2.16868
-0.198943
-2.916
-1.95648
-0.829222
-2.40696
-0.783946
-3.22221
-2.85099
-1.45764
-1.61278
0.157737
-1.35929
-3.42792
-3.04915
-1.77553
-2.29384
-1.10014
-1.46205
-2.4427
-2.61224
-1.39417
-2.49978
-0.363795
-2.39952
0
