0
-3.41464
-1.55076
-0.85742
-2.06522
-3.39791
-0.482755
-2.89378
-1.94702
-4.08664
-1.95371
-2.76888
-0.562325
-3.0296
-2.11381
-0.96987
-0.959679
-1.93389
-0.560499
-1.36321
-2.31863
-2.68154
-2.60088
-2.94184
-0.245485
-2.35405
0.277633
-3.41464
0
-1.40821
-0.914409
-1.96662
-0.466187
-3.04529
-3.22721
-2.63718
-0.255754
-3.01895
-3.63711
-3.23498
-1.06872
-1.66647
-1.32994
-0.883378
-1.89834
-1.68051
-2.29998
-2.18663
-0.784466
-1.98196
-1.79863
-3.97063
-1.33836
-3.61727
-1.55076
-1.40821
0
-0.986256
-1.91287
-1.6502
1.74149
-2.81538
-2.47499
-1.74904
-1.43192
-1.06971
-2.52415
-3.63011
-2.36654
-3.19017
-3.71987
-3.60765
-3.00254
-2.32895
-0.474592
-1.73595
-1.60477
-2.08696
-2.38352
-4.30686
-4.21592
-0.85742
-0.914409
-0.986256
0
-2.70239
-2.89384
-0.638089
-2.84362
-1.42059
-1.64677
-2.00982
-1.82211
-2.53294
-1.97877
-2.40513
-2.44906
-2.8496
-2.81312
-0.681384
-3.40794
-1.66421
-3.32987
-2.37869
-1.16352
-1.00881
-2.42466
-3.00048
-2.06522
-1.96662
-1.91287
-2.70239
0
-1.29365
-3.32018
-2.89503
-0.783039
-2.87923
-1.82956
-0.998103
-1.77416
-1.33635
-2.10883
-3.07855
-1.66921
-2.49292
0.0683938
-3.52912
-2.57254
-3.31826
-3.33079
-0.469941
-1.50658
-2.81937
-0.658252
-3.39791
-0.466187
-1.6502
-2.89384
-1.29365
0
-1.66083
-2.7242
-0.675968
-2.03584
-2.69528
-0.716773
-2.32361
-1.28415
-2.41483
-3.01889
-3.15267
-1.71401
-2.33198
-1.97097
-2.89802
-1.69231
-0.617691
-2.91709
0.461504
-0.0874675
-2.72105
-0.482755
-3.04529
1.74149
-0.638089
-3.32018
-1.66083
0
-3.14502
-2.83245
-2.54931
-1.869
-0.415537
-1.61142
-4.35984
-2.01585
-1.6499
-1.07561
-1.66995
-1.84241
-3.77425
-1.66456
-1.4483
-1.97426
-1.82533
-3.43571
-1.33862
-3.86335
-2.89378
-3.22721
-2.81538
-2.84362
-2.89503
-2.7242
-3.14502
0
-3.04306
-2.35929
-1.62522
-2.77444
-1.91516
-0.433133
-1.21135
-1.49201
-3.78858
-1.92765
-2.72365
-3.38336
-2.98423
-2.16154
-2.00752
-0.527706
-3.07298
-1.84776
-1.70567
-1.94702
-2.63718
-2.47499
-1.42059
-0.783039
-0.675968
-2.83245
-3.04306
0
-1.8052
-1.24861
-1.14986
-2.04797
-1.43718
-2.70233
-4.22404
-1.18342
-3.03771
-1.95663
-3.41782
-2.10205
-1.48523
-1.54147
-3.05836
-1.44947
-1.89797
-0.629742
-4.08664
-0.255754
-1.74904
-1.64677
-2.87923
-2.03584
-2.54931
-2.35929
-1.8052
0
-1.82264
1.17297
-2.69235
-1.64487
-1.74022
-3.18396
-3.31459
-4.18242
-0.692893
-1.11898
-1.61785
-2.35553
-1.48645
-0.850644
-1.40396
-2.22464
-1.75396
-1.95371
-3.01895
-1.43192
-2.00982
-1.82956
-2.69528
-1.869
-1.62522
-1.24861
-1.82264
0
-2.30114
-0.997234
-3.88971
-4.73721
-2.58429
-1.97803
-2.49578
-2.88167
-1.40804
-1.22333
-1.2115
-3.47026
-1.02258
-3.06496
-2.88546
-4.12381
-2.76888
-3.63711
-1.06971
-1.82211
-0.998103
-0.716773
-0.415537
-2.77444
-1.14986
1.17297
-2.30114
0
-2.63412
-2.51894
-1.22668
-2.64696
-2.34879
-1.49959
-4.35185
-1.58397
-2.00765
-1.03361
-2.31363
-2.1315
-3.84924
-1.11782
-1.70793
-0.562325
-3.23498
-2.52415
-2.53294
-1.77416
-2.32361
-1.61142
-1.91516
-2.04797
-2.69235
-0.997234
-2.63412
0
-2.93223
-1.29831
-1.77993
-3.0475
-3.00052
-1.5972
-1.69524
-1.17419
-4.34145
-1.42487
-2.5225
-2.80053
-2.57891
-3.76831
-3.0296
-1.06872
-3.63011
-1.97877
-1.33635
-1.28415
-4.35984
-0.433133
-1.43718
-1.64487
-3.88971
-2.51894
-2.93223
0
-0.493155
-0.735234
-4.256
-3.49912
-2.17523
-3.73492
-2.46349
-0.0123439
-3.57062
-3.38792
-0.0479206
-1.32281
-3.83053
-2.11381
-1.66647
-2.36654
-2.40513
-2.10883
-2.41483
-2.01585
-1.21135
-2.70233
-1.74022
-4.73721
-1.22668
-1.29831
-0.493155
0
-2.90294
-1.60129
-3.1246
-0.371045
-2.69674
-1.67138
-1.2369
-1.9635
-1.22191
-1.90836
-2.29013
-2.90682
-0.96987
-1.32994
-3.19017
-2.44906
-3.07855
-3.01889
-1.6499
-1.49201
-4.22404
-3.18396
-2.58429
-2.64696
-1.77993
-0.735234
-2.90294
0
-2.87889
-2.02153
-1.518
-1.6815
-2.72055
-2.79637
-3.70785
-2.10283
-2.19396
-1.70543
-2.41516
-0.959679
-0.883378
-3.71987
-2.8496
-1.66921
-3.15267
-1.07561
-3.78858
-1.18342
-3.31459
-1.97803
-2.34879
-3.0475
-4.256
-1.60129
-2.87889
0
-0.119627
-1.31176
-1.43027
-2.46277
-1.154
-0.0780605
-2.59067
-2.8987
-1.92416
-3.59738
-1.93389
-1.89834
-3.60765
-2.81312
-2.49292
-1.71401
-1.66995
-1.92765
-3.03771
-4.18242
-2.49578
-1.49959
-3.00052
-3.49912
-3.1246
-2.02153
-0.119627
0
-0.973918
-3.02128
-2.19508
-1.48534
-0.878038
-1.84225
-2.76546
-1.76111
-1.98969
-0.560499
-1.68051
-3.00254
-0.681384
0.0683938
-2.33198
-1.84241
-2.72365
-1.95663
-0.692893
-2.88167
-4.35185
-1.5972
-2.17523
-0.371045
-1.518
-1.31176
-0.973918
0
-2.0277
-0.64389
-1.57967
-1.51193
-1.26949
-3.74729
-1.14821
-1.69557
-1.36321
-2.29998
-2.32895
-3.40794
-3.52912
-1.97097
-3.77425
-3.38336
-3.41782
-1.11898
-1.40804
-1.58397
-1.69524
-3.73492
-2.69674
-1.6815
-1.43027
-3.02128
-2.0277
0
-3.44806
-3.18192
-2.68898
-2.53456
-2.37538
-0.975717
-1.0727
-2.31863
-2.18663
-0.474592
-1.66421
-2.57254
-2.89802
-1.66456
-2.98423
-2.10205
-1.61785
-1.22333
-2.00765
-1.17419
-2.46349
-1.67138
-2.72055
-2.46277
-2.19508
-0.64389
-3.44806
0
-4.336
-3.45085
-2.66579
0.5518
-2.1101
-2.11423
-2.68154
-0.784466
-1.73595
-3.32987
-3.31826
-1.69231
-1.4483
-2.16154
-1.48523
-2.35553
-1.2115
-1.03361
-4.34145
-0.0123439
-1.2369
-2.79637
-1.154
-1.48534
-1.57967
-3.18192
-4.336
0
-3.34721
-1.50768
-0.258822
-2.30057
-0.372616
-2.60088
-1.98196
-1.60477
-2.37869
-3.33079
-0.617691
-1.97426
-2.00752
-1.54147
-1.48645
-3.47026
-2.31363
-1.42487
-3.57062
-1.9635
-3.70785
-0.0780605
-0.878038
-1.51193
-2.68898
-3.45085
-3.34721
0
-0.0120793
-2.92218
-3.61039
-0.973021
-2.94184
-1.79863
-2.08696
-1.16352
-0.469941
-2.91709
-1.82533
-0.527706
-3.05836
-0.850644
-1.02258
-2.1315
-2.5225
-3.38792
-1.22191
-2.10283
-2.59067
-1.84225
-1.26949
-2.53456
-2.66579
-1.50768
-0.0120793
0
-2.46487
-2.74356
-2.83114
-0.245485
-3.97063
-2.38352
-1.00881
-1.50658
0.461504
-3.43571
-3.07298
-1.44947
-1.40396
-3.06496
-3.84924
-2.80053
-0.0479206
-1.90836
-2.19396
-2.8987
-2.76546
-3.74729
-2.37538
0.5518
-0.258822
-2.92218
-2.46487
0
-4.14233
-1.22402
-2.35405
-1.33836
-4.30686
-2.42466
-2.81937
-0.0874675
-1.33862
-1.84776
-1.89797
-2.22464
-2.88546
-1.11782
-2.57891
-1.32281
-2.29013
-1.70543
-1.92416
-1.76111
-1.14821
-0.975717
-2.1101
-2.30057
-3.61039
-2.74356
-4.14233
0
-1.86349
0.277633
-3.61727
-4.21592
-3.00048
-0.658252
-2.72105
-3.86335
-1.70567
-0.629742
-1.75396
-4.12381
-1.70793
-3.76831
-3.83053
-2.90682
-2.41516
-3.59738
-1.98969
-1.69557
-1.0727
-2.11423
-0.372616
-0.973021
-2.83114
-1.22402
-1.86349
0
