0
-3.93845
-2.11656
-0.377975
-2.29566
-2.26649
-2.38276
-3.37404
-1.01957
-0.42419
-0.522737
-2.64469
-2.47431
-2.97454
-4.53925
-2.40574
-2.50375
0.193188
-1.70573
-2.94415
-3.53203
-2.05814
-2.69575
-3.07249
-0.718786
-1.6479
-2.08332
-3.93845
0
-1.60226
-4.08805
-1.29474
-3.12484
-2.6568
-2.38358
-1.86232
-3.04141
-0.718982
-2.60522
-3.72207
-2.41751
-4.02405
-3.14924
-1.43688
-1.77727
-0.331245
-2.53892
-3.57467
-1.12298
-2.31665
-3.23657
-2.32759
-2.35475
-0.583042
-2.11656
-1.60226
0
-1.01526
-1.76856
-2.80111
-0.926628
-4.02368
-2.14883
-1.58629
-2.67021
-0.802429
-1.58788
-2.06887
-2.79373
-3.5451
-1.70934
-2.46916
-3.32334
-1.88238
-1.16573
-2.16966
-2.28323
-4.02125
-0.840875
-2.26966
-0.62976
-0.377975
-4.08805
-1.01526
0
-0.653435
-2.7115
-1.36554
-0.658031
-2.39671
-0.693652
-2.753
-2.80597
-2.71116
-1.98589
-1.29992
-2.61318
-2.01485
-0.760982
-1.8496
-2.04569
-1.60954
-2.39023
-3.2014
-3.17669
-3.12935
-1.34201
-1.80682
-2.29566
-1.29474
-1.76856
-0.653435
0
-1.44813
-0.870071
-2.51744
-2.00032
-3.54326
-2.23137
-1.47601
-1.13009
-1.33723
0.0180696
-3.61809
-4.90925
-2.99792
-3.90902
-3.81254
-2.89172
-2.84834
-1.97069
-1.93397
-1.30493
-3.16034
-3.43999
-2.26649
-3.12484
-2.80111
-2.7115
-1.44813
0
-0.444892
-1.18856
-1.78662
-3.83851
-1.33553
-1.58541
-3.14885
-1.89244
-1.65804
0.251275
-1.57333
-3.43762
-0.502519
0.0967451
-3.71877
-2.14207
-2.64049
-2.29959
-0.452505
-3.94561
-1.39966
-2.38276
-2.6568
-0.926628
-1.36554
-0.870071
-0.444892
0
-3.04508
-2.27961
-0.80866
-2.19027
-3.29981
-1.0528
-1.92282
-1.18999
-2.69625
-1.19216
-3.04592
-1.13603
-2.85264
-3.05863
-0.553493
-1.9318
-1.86305
-2.17768
-3.13666
0.275066
-3.37404
-2.38358
-4.02368
-0.658031
-2.51744
-1.18856
-3.04508
0
-3.09069
-2.82221
-0.839013
-1.15782
-0.971153
-4.11078
-2.5827
-2.09687
-1.7014
-2.38258
-1.84361
-1.5919
-1.49197
-3.01595
-3.58894
-1.40351
-1.41433
-0.924682
-0.839209
-1.01957
-1.86232
-2.14883
-2.39671
-2.00032
-1.78662
-2.27961
-3.09069
0
-1.74398
-0.0448274
-3.1503
-2.27528
-0.414385
0.262377
-2.249
-0.559509
-1.49946
-2.87489
-3.62455
-2.27027
0.125519
-2.63911
-1.96994
-0.717411
-0.815311
-1.68376
-0.42419
-3.04141
-1.58629
-0.693652
-3.54326
-3.83851
-0.80866
-2.82221
-1.74398
0
-1.81939
-3.41478
-3.438
-1.35885
-1.47237
-3.89236
-1.32333
-1.25125
-1.90049
-3.32218
-2.71048
-2.2977
-1.60343
-0.46478
-0.534483
-3.35957
-1.4736
-0.522737
-0.718982
-2.67021
-2.753
-2.23137
-1.33553
-2.19027
-0.839013
-0.0448274
-1.81939
0
-0.652337
-1.94088
-2.29033
0.28084
-1.09132
-2.70974
0.307922
-3.19528
-2.37328
-1.75632
-0.675879
-2.97023
-1.66176
-1.02411
-1.89077
-3.31578
-2.64469
-2.60522
-0.802429
-2.80597
-1.47601
-1.58541
-3.29981
-1.15782
-3.1503
-3.41478
-0.652337
0
-2.70013
-2.38432
-1.21413
-1.53941
-0.641719
-2.90065
-1.33642
-3.01516
-2.58613
-2.03835
-1.82551
-1.90076
-1.72596
-2.71715
-1.82582
-2.47431
-3.72207
-1.58788
-2.71116
-1.13009
-3.14885
-1.0528
-0.971153
-2.27528
-3.438
-1.94088
-2.70013
0
-1.35804
0.337683
-2.58715
-2.71064
-1.78182
0.0473433
-0.301217
-2.39535
-1.74847
-1.2399
-2.64007
-1.84359
-2.76742
-1.5116
-2.97454
-2.41751
-2.06887
-1.98589
-1.33723
-1.89244
-1.92282
-4.11078
-0.414385
-1.35885
-2.29033
-2.38432
-1.35804
0
-4.5149
-1.52448
-3.03059
-1.46186
-3.09963
-2.2553
-3.34633
-2.94634
-0.534418
-1.99114
-3.41513
-1.393
-2.62077
-4.53925
-4.02405
-2.79373
-1.29992
0.0180696
-1.65804
-1.18999
-2.5827
0.262377
-1.47237
0.28084
-1.21413
0.337683
-4.5149
0
-1.46091
-1.61691
-1.56571
-1.5206
-0.277475
-2.08149
-1.66223
-2.74333
-1.53293
-1.51838
-2.69571
-1.71863
-2.40574
-3.14924
-3.5451
-2.61318
-3.61809
0.251275
-2.69625
-2.09687
-2.249
-3.89236
-1.09132
-1.53941
-2.58715
-1.52448
-1.46091
0
-0.903861
-2.83823
-2.22679
-2.10878
-1.68954
-2.78598
-1.43097
-0.198205
-1.18846
-3.3675
-3.0994
-2.50375
-1.43688
-1.70934
-2.01485
-4.90925
-1.57333
-1.19216
-1.7014
-0.559509
-1.32333
-2.70974
-0.641719
-2.71064
-3.03059
-1.61691
-0.903861
0
-1.12311
-1.45919
-2.94921
-0.234195
-3.98541
-1.66024
-1.86458
-0.601004
-2.45698
-1.73839
0.193188
-1.77727
-2.46916
-0.760982
-2.99792
-3.43762
-3.04592
-2.38258
-1.49946
-1.25125
0.307922
-2.90065
-1.78182
-1.46186
-1.56571
-2.83823
-1.12311
0
-3.57662
-2.85162
-1.03681
-2.10814
-1.98141
-1.38387
-1.59137
-1.70864
-1.02369
-1.70573
-0.331245
-3.32334
-1.8496
-3.90902
-0.502519
-1.13603
-1.84361
-2.87489
-1.90049
-3.19528
-1.33642
0.0473433
-3.09963
-1.5206
-2.22679
-1.45919
-3.57662
0
-1.25124
-0.821527
-1.68196
-2.40335
-1.75563
-2.66628
-0.655635
-2.14067
-2.94415
-2.53892
-1.88238
-2.04569
-3.81254
0.0967451
-2.85264
-1.5919
-3.62455
-3.32218
-2.37328
-3.01516
-0.301217
-2.2553
-0.277475
-2.10878
-2.94921
-2.85162
-1.25124
0
-2.14009
-0.330518
-1.66644
-0.873738
-1.39648
-2.99967
-1.34077
-3.53203
-3.57467
-1.16573
-1.60954
-2.89172
-3.71877
-3.05863
-1.49197
-2.27027
-2.71048
-1.75632
-2.58613
-2.39535
-3.34633
-2.08149
-1.68954
-0.234195
-1.03681
-0.821527
-2.14009
0
-1.59867
-1.57029
-0.190194
-2.57977
-1.65058
-1.34122
-2.05814
-1.12298
-2.16966
-2.39023
-2.84834
-2.14207
-0.553493
-3.01595
0.125519
-2.2977
-0.675879
-2.03835
-1.74847
-2.94634
-1.66223
-2.78598
-3.98541
-2.10814
-1.68196
-0.330518
-1.59867
0
-2.31683
-1.05908
-1.46567
-3.89285
-3.66814
-2.69575
-2.31665
-2.28323
-3.2014
-1.97069
-2.64049
-1.9318
-3.58894
-2.63911
-1.60343
-2.97023
-1.82551
-1.2399
-0.534418
-2.74333
-1.43097
-1.66024
-1.98141
-2.40335
-1.66644
-1.57029
-2.31683
0
-3.09954
-2.16338
-1.64549
-0.982567
-3.07249
-3.23657
-4.02125
-3.17669
-1.93397
-2.29959
-1.86305
-1.40351
-1.96994
-0.46478
-1.66176
-1.90076
-2.64007
-1.99114
-1.53293
-0.198205
-1.86458
-1.38387
-1.75563
-0.873738
-0.190194
-1.05908
-3.09954
0
-1.38544
-2.78465
-3.75253
-0.718786
-2.32759
-0.840875
-3.12935
-1.30493
-0.452505
-2.17768
-1.41433
-0.717411
-0.534483
-1.02411
-1.72596
-1.84359
-3.41513
-1.51838
-1.18846
-0.601004
-1.59137
-2.66628
-1.39648
-2.57977
-1.46567
-2.16338
-1.38544
0
-0.749898
-2.62085
-1.6479
-2.35475
-2.26966
-1.34201
-3.16034
-3.94561
-3.13666
-0.924682
-0.815311
-3.35957
-1.89077
-2.71715
-2.76742
-1.393
-2.69571
-3.3675
-2.45698
-1.70864
-0.655635
-2.99967
-1.65058
-3.89285
-1.64549
-2.78465
-0.749898
0
-2.68661
-2.08332
-0.583042
-0.62976
-1.80682
-3.43999
-1.39966
0.275066
-0.839209
-1.68376
-1.4736
-3.31578
-1.82582
-1.5116
-2.62077
-1.71863
-3.0994
-1.73839
-1.02369
-2.14067
-1.34077
-1.34122
-3.66814
-0.982567
-3.75253
-2.62085
-2.68661
0
