0
-1.11697
-2.81332
-2.44029
-1.11877
-2.39098
-1.66429
-2.39592
-0.0686239
-2.67126
-2.93614
-1.96943
-0.672548
-2.15427
-2.65542
-1.85372
-2.98072
-3.82518
-1.91247
-0.483422
-1.99529
-2.18752
-2.67787
-1.71695
-3.19883
-2.08953
-2.16507
-1.11697
0
-1.85404
-2.18048
-1.78457
-2.88062
-2.24775
-2.50847
-1.54356
-3.52234
-0.85623
-2.58973
-2.67665
-4.29514
-1.36433
-3.0427
-1.40331
-0.432934
-3.46264
-2.58199
-3.34145
-2.12304
-2.67692
-1.48053
-1.93442
0.17444
-2.40403
-2.81332
-1.85404
0
-1.603
-2.45152
-1.88865
-1.76261
-3.21772
-1.73935
-0.449605
-2.44571
-3.26967
-0.747794
-0.570354
-0.871917
-0.502781
-1.84087
-2.59207
-1.55661
-0.827947
-1.68608
-1.63497
-1.09657
-1.63091
-0.696973
-1.70948
-0.647595
-2.44029
-2.18048
-1.603
0
-0.934146
-2.19132
-0.521354
-2.04401
-1.28533
-3.20678
-1.84793
-2.38176
-2.39319
0.153056
-1.35012
-1.94287
-0.0155249
-2.73919
-2.4423
-0.897425
-3.22576
-2.09326
-2.32783
-2.59433
-0.944751
-1.66125
-2.93426
-1.11877
-1.78457
-2.45152
-0.934146
0
-3.63839
-1.95369
-3.41237
-1.54904
-3.03443
-2.53268
-1.40442
-2.43786
-2.42305
-1.78196
-0.537317
-3.99298
-3.04045
-1.22807
-1.85698
-3.54086
-2.09311
-1.93861
-1.39434
-2.9874
-2.34305
-1.91891
-2.39098
-2.88062
-1.88865
-2.19132
-3.63839
0
-2.89785
-2.40542
-1.12603
-2.41738
-1.86849
-0.947634
-2.30175
-0.760194
-2.75064
-1.81005
-1.71472
-0.391853
-1.79257
-1.95487
-1.52696
-2.54103
-2.45911
-3.50407
0.287757
-1.40895
-2.85725
-1.66429
-2.24775
-1.76261
-0.521354
-1.95369
-2.89785
0
-2.36687
-3.02175
-2.76794
-2.78919
-2.78484
-2.37932
-0.896028
-4.21494
-2.96034
-2.74661
-2.39581
-2.62932
-3.16879
-2.14532
-2.54524
-2.93725
-1.87566
-2.44227
-3.19804
-1.48343
-2.39592
-2.50847
-3.21772
-2.04401
-3.41237
-2.40542
-2.36687
0
-2.06422
-3.81757
-2.48276
-2.67267
-3.40007
-2.52673
-2.43391
-0.903781
-2.5697
-2.7378
-3.39263
-3.11326
-3.01299
-0.511547
-2.77484
-0.949472
-0.723429
-2.90707
-3.71369
-0.0686239
-1.54356
-1.73935
-1.28533
-1.54904
-1.12603
-3.02175
-2.06422
0
-1.94276
-3.19346
-3.09028
-2.1464
-1.69754
-2.736
-0.595242
-1.37342
-2.86151
-1.95379
-2.83413
-0.445578
-2.18415
-0.153643
-4.3288
-2.73902
-1.61753
-2.47991
-2.67126
-3.52234
-0.449605
-3.20678
-3.03443
-2.41738
-2.76794
-3.81757
-1.94276
0
-1.42189
-0.421063
-0.315002
-3.33868
-2.61705
-2.34977
-1.50401
-2.53624
-0.465414
-1.03606
-2.03217
-1.21344
-3.84181
-0.896315
-2.11901
-2.19737
-1.90077
-2.93614
-0.85623
-2.44571
-1.84793
-2.53268
-1.86849
-2.78919
-2.48276
-3.19346
-1.42189
0
-1.83934
-2.77085
-0.790193
-1.64778
-2.07674
-0.58488
-1.42943
-1.51159
-3.25848
-0.852369
-0.988928
-1.42541
-2.18591
-0.591988
-3.25579
-1.96833
-1.96943
-2.58973
-3.26967
-2.38176
-1.40442
-0.947634
-2.78484
-2.67267
-3.09028
-0.421063
-1.83934
0
-1.80761
-1.97622
-1.67599
-2.58071
-1.67894
-0.557851
-1.22888
-0.828623
-2.57492
-1.62429
-0.309781
-4.73546
-1.21393
0.242681
-0.472979
-0.672548
-2.67665
-0.747794
-2.39319
-2.43786
-2.30175
-2.37932
-3.40007
-2.1464
-0.315002
-2.77085
-1.80761
0
-1.23588
-1.31757
-1.2799
-0.877594
-3.00513
-1.75421
-0.533296
-2.18858
-1.79072
-1.09125
-2.17295
-2.72477
-2.05424
-2.2645
-2.15427
-4.29514
-0.570354
0.153056
-2.42305
-0.760194
-0.896028
-2.52673
-1.69754
-3.33868
-0.790193
-1.97622
-1.23588
0
-2.40168
-1.33012
-1.40958
-1.1897
-0.336657
-1.68965
-2.07598
-0.258044
-1.85727
-1.98991
-2.22482
-2.94347
-1.8872
-2.65542
-1.36433
-0.871917
-1.35012
-1.78196
-2.75064
-4.21494
-2.43391
-2.736
-2.61705
-1.64778
-1.67599
-1.31757
-2.40168
0
-4.56729
-2.52672
-1.72691
-1.88392
-2.69897
0.086605
-1.82403
-1.05999
-2.95819
-1.18506
-3.05832
-3.8431
-1.85372
-3.0427
-0.502781
-1.94287
-0.537317
-1.81005
-2.96034
-0.903781
-0.595242
-2.34977
-2.07674
-2.58071
-1.2799
-1.33012
-4.56729
0
-2.5713
-1.65382
-2.02382
-3.01776
-1.33797
-2.98495
-1.96076
-2.98078
-2.78443
-2.14575
-0.401114
-2.98072
-1.40331
-1.84087
-0.0155249
-3.99298
-1.71472
-2.74661
-2.5697
-1.37342
-1.50401
-0.58488
-1.67894
-0.877594
-1.40958
-2.52672
-2.5713
0
-0.731438
-0.286389
-1.68104
-1.70412
-1.06739
-3.24981
-2.34797
-2.94863
-3.01235
-2.51813
-3.82518
-0.432934
-2.59207
-2.73919
-3.04045
-0.391853
-2.39581
-2.7378
-2.86151
-2.53624
-1.42943
-0.557851
-3.00513
-1.1897
-1.72691
-1.65382
-0.731438
0
-1.89637
-3.80068
-2.87052
-2.63839
-2.36686
-3.48
-0.747847
-1.82972
-2.4947
-1.91247
-3.46264
-1.55661
-2.4423
-1.22807
-1.79257
-2.62932
-3.39263
-1.95379
-0.465414
-1.51159
-1.22888
-1.75421
-0.336657
-1.88392
-2.02382
-0.286389
-1.89637
0
-2.46761
-1.90725
-2.36102
0.510539
-1.90102
-1.72472
-3.24968
-1.43769
-0.483422
-2.58199
-0.827947
-0.897425
-1.85698
-1.95487
-3.16879
-3.11326
-2.83413
-1.03606
-3.25848
-0.828623
-0.533296
-1.68965
-2.69897
-3.01776
-1.68104
-3.80068
-2.46761
0
-3.11814
-1.96802
-0.350744
-1.78933
-2.02727
-3.00661
-0.760907
-1.99529
-3.34145
-1.68608
-3.22576
-3.54086
-1.52696
-2.14532
-3.01299
-0.445578
-2.03217
-0.852369
-2.57492
-2.18858
-2.07598
0.086605
-1.33797
-1.70412
-2.87052
-1.90725
-3.11814
0
-0.9175
-2.89857
-1.26765
-1.68571
-1.03135
-2.41586
-2.18752
-2.12304
-1.63497
-2.09326
-2.09311
-2.54103
-2.54524
-0.511547
-2.18415
-1.21344
-0.988928
-1.62429
-1.79072
-0.258044
-1.82403
-2.98495
-1.06739
-2.63839
-2.36102
-1.96802
-0.9175
0
-2.4107
0.154626
-2.01597
-0.761106
-3.77544
-2.67787
-2.67692
-1.09657
-2.32783
-1.93861
-2.45911
-2.93725
-2.77484
-0.153643
-3.84181
-1.42541
-0.309781
-1.09125
-1.85727
-1.05999
-1.96076
-3.24981
-2.36686
0.510539
-0.350744
-2.89857
-2.4107
0
-2.13525
-2.09917
-2.84923
-1.25206
-1.71695
-1.48053
-1.63091
-2.59433
-1.39434
-3.50407
-1.87566
-0.949472
-4.3288
-0.896315
-2.18591
-4.73546
-2.17295
-1.98991
-2.95819
-2.98078
-2.34797
-3.48
-1.90102
-1.78933
-1.26765
0.154626
-2.13525
0
-3.67726
-2.00408
-2.0767
-3.19883
-1.93442
-0.696973
-0.944751
-2.9874
0.287757
-2.44227
-0.723429
-2.73902
-2.11901
-0.591988
-1.21393
-2.72477
-2.22482
-1.18506
-2.78443
-2.94863
-0.747847
-1.72472
-2.02727
-1.68571
-2.01597
-2.09917
-3.67726
0
-2.16247
-2.29594
-2.08953
0.17444
-1.70948
-1.66125
-2.34305
-1.40895
-3.19804
-2.90707
-1.61753
-2.19737
-3.25579
0.242681
-2.05424
-2.94347
-3.05832
-2.14575
-3.01235
-1.82972
-3.24968
-3.00661
-1.03135
-0.761106
-2.84923
-2.00408
-2.16247
0
-1.93126
-2.16507
-2.40403
-0.647595
-2.93426
-1.91891
-2.85725
-1.48343
-3.71369
-2.47991
-1.90077
-1.96833
-0.472979
-2.2645
-1.8872
-3.8431
-0.401114
-2.51813
-2.4947
-1.43769
-0.760907
-2.41586
-3.77544
-1.25206
-2.0767
-2.29594
-1.93126
0
