0
-1.89988
-1.25778
-0.232188
0.524314
-2.92939
0.449208
-1.07801
-2.11888
-2.54158
-0.305089
-2.70455
-3.7706
-2.25704
-2.89338
-1.95822
-1.93329
-3.1568
-1.90154
-0.539717
-2.70486
-2.72819
-2.06037
-2.13366
-1.54173
-2.71149
-2.17871
-1.89988
0
-0.786614
-2.73168
-2.36359
-1.60612
-2.61894
-2.1383
-1.9873
-1.66331
-0.988753
-2.94772
-2.69774
-2.9083
-1.84205
-2.79571
-2.76813
-1.87384
-2.68127
-3.72287
-0.985155
-2.43534
-2.86759
-2.80617
-1.9137
-3.29082
-3.63285
-1.25778
-0.786614
0
-3.04058
-1.46995
-1.89015
-2.55701
-0.977824
-1.16341
-1.82221
-1.37166
-1.14568
-2.34854
-1.37522
-3.97255
-1.16718
-2.47499
-1.72565
-1.27494
0.454254
-1.09903
-0.887995
-2.1938
-1.90816
-2.63574
-1.36131
-2.88778
-0.232188
-2.73168
-3.04058
0
-3.37934
-2.17484
-2.66702
-0.910498
-1.02523
-1.4347
-1.4391
-1.71422
-2.96014
-1.60114
-1.98267
-3.75916
-2.42636
-1.2428
-0.618452
-2.78886
-2.13141
-0.778752
-0.972567
-1.46835
-1.86614
-1.99376
-1.07004
0.524314
-2.36359
-1.46995
-3.37934
0
-2.34847
-1.54904
-3.18051
-2.22215
-3.15145
-2.92124
-1.88428
-2.12824
-2.1344
-1.03217
-2.83451
-1.18305
-2.40487
-2.91099
-2.66686
-1.79994
-2.5968
-3.02199
-4.37639
-1.43417
-2.20696
-2.04252
-2.92939
-1.60612
-1.89015
-2.17484
-2.34847
0
-1.44014
-3.80778
-1.32894
-1.92178
-2.24198
-2.45849
-2.51262
-1.20672
-0.638796
-3.03368
-1.24059
-1.97079
-0.594551
-3.43871
-3.02727
-0.0201187
-1.66221
-2.27995
-3.00489
-2.20187
-1.57567
0.449208
-2.61894
-2.55701
-2.66702
-1.54904
-1.44014
0
-1.75391
-0.542471
-0.809559
-1.50394
-1.87063
-2.13839
-0.782123
-2.38508
-1.07737
-0.72079
-2.87479
-3.70055
-1.28186
-2.24664
-3.72421
-0.922258
-0.373374
-1.00088
-0.83831
-1.82041
-1.07801
-2.1383
-0.977824
-0.910498
-3.18051
-3.80778
-1.75391
0
-1.73751
-2.31955
-1.52779
-2.382
0.438816
0.527388
-1.4356
-0.702587
-1.68671
-1.37548
-2.44449
-2.61294
-4.10935
-2.23514
-1.08809
-2.02663
-1.79301
-2.2298
-1.25782
-2.11888
-1.9873
-1.16341
-1.02523
-2.22215
-1.32894
-0.542471
-1.73751
0
-1.99807
-1.84934
-3.20193
-2.78495
-3.03717
-2.16979
-1.68465
-2.49111
-1.04359
-0.159978
-1.77138
-3.12546
-0.216882
-4.24022
-2.9783
-0.601972
-1.66619
-1.17809
-2.54158
-1.66331
-1.82221
-1.4347
-3.15145
-1.92178
-0.809559
-2.31955
-1.99807
0
-2.43792
-2.51876
-2.27781
-2.31283
-0.597627
-3.76264
-1.28036
-1.49998
-2.91492
-2.22561
-1.44492
-2.06709
-2.29347
-0.821562
-3.54829
-2.05715
-3.7166
-0.305089
-0.988753
-1.37166
-1.4391
-2.92124
-2.24198
-1.50394
-1.52779
-1.84934
-2.43792
0
-3.80928
-1.96402
-2.81055
-3.17719
-3.10255
-1.04129
-2.03115
-3.32543
-1.75492
-1.45316
-1.89136
-1.11273
-2.54403
-1.30647
-0.448297
-1.93681
-2.70455
-2.94772
-1.14568
-1.71422
-1.88428
-2.45849
-1.87063
-2.382
-3.20193
-2.51876
-3.80928
0
-3.2811
-2.31642
-1.41194
-2.41614
-2.23936
-2.30305
-2.18983
-2.15488
-1.49768
-0.150834
-2.20177
-2.02625
-2.69437
-1.50826
-2.36269
-3.7706
-2.69774
-2.34854
-2.96014
-2.12824
-2.51262
-2.13839
0.438816
-2.78495
-2.27781
-1.96402
-3.2811
0
-2.21338
-0.636111
-1.87925
-2.52157
-1.44305
-0.0813495
-3.11753
-1.7514
-2.65312
-3.13542
-2.93324
-1.62589
-1.02316
-2.03602
-2.25704
-2.9083
-1.37522
-1.60114
-2.1344
-1.20672
-0.782123
0.527388
-3.03717
-2.31283
-2.81055
-2.31642
-2.21338
0
0.238373
-0.857742
-0.627802
-0.887371
-4.1249
-1.88624
-1.17983
-2.21498
-1.52669
-2.99406
-2.32669
-1.35969
-2.53366
-2.89338
-1.84205
-3.97255
-1.98267
-1.03217
-0.638796
-2.38508
-1.4356
-2.16979
-0.597627
-3.17719
-1.41194
-0.636111
0.238373
0
-1.26245
-0.699626
-1.76735
-2.88393
-0.360827
-2.08796
-2.86933
-0.77683
-3.02247
-1.75803
-0.0513197
-0.932416
-1.95822
-2.79571
-1.16718
-3.75916
-2.83451
-3.03368
-1.07737
-0.702587
-1.68465
-3.76264
-3.10255
-2.41614
-1.87925
-0.857742
-1.26245
0
-3.59459
-2.58713
-2.23854
-0.906307
-2.97003
-2.0863
-2.43925
-1.3547
-1.34145
-1.88139
-1.97567
-1.93329
-2.76813
-2.47499
-2.42636
-1.18305
-1.24059
-0.72079
-1.68671
-2.49111
-1.28036
-1.04129
-2.23936
-2.52157
-0.627802
-0.699626
-3.59459
0
-1.32213
-1.0551
-0.687031
-2.5327
-2.52158
-1.50612
-2.09507
-1.21934
-2.49548
-1.97982
-3.1568
-1.87384
-1.72565
-1.2428
-2.40487
-1.97079
-2.87479
-1.37548
-1.04359
-1.49998
-2.03115
-2.30305
-1.44305
-0.887371
-1.76735
-2.58713
-1.32213
0
-2.02682
-1.53308
-1.22452
-2.51337
-1.11845
-0.978116
-1.15903
-1.55514
-2.05825
-1.90154
-2.68127
-1.27494
-0.618452
-2.91099
-0.594551
-3.70055
-2.44449
-0.159978
-2.91492
-3.32543
-2.18983
-0.0813495
-4.1249
-2.88393
-2.23854
-1.0551
-2.02682
0
-3.21932
-1.7959
-1.35112
-0.943234
-1.4169
-2.52411
-2.42926
-2.59723
-0.539717
-3.72287
0.454254
-2.78886
-2.66686
-3.43871
-1.28186
-2.61294
-1.77138
-2.22561
-1.75492
-2.15488
-3.11753
-1.88624
-0.360827
-0.906307
-0.687031
-1.53308
-3.21932
0
-1.54115
-0.127352
-1.02227
-2.029
-0.282183
0.784959
-1.95388
-2.70486
-0.985155
-1.09903
-2.13141
-1.79994
-3.02727
-2.24664
-4.10935
-3.12546
-1.44492
-1.45316
-1.49768
-1.7514
-1.17983
-2.08796
-2.97003
-2.5327
-1.22452
-1.7959
-1.54115
0
-1.02384
-1.56648
-0.329795
-2.22404
-3.0991
-0.86032
-2.72819
-2.43534
-0.887995
-0.778752
-2.5968
-0.0201187
-3.72421
-2.23514
-0.216882
-2.06709
-1.89136
-0.150834
-2.65312
-2.21498
-2.86933
-2.0863
-2.52158
-2.51337
-1.35112
-0.127352
-1.02384
0
-2.69079
-2.48695
-2.95109
-2.25951
-0.743081
-2.06037
-2.86759
-2.1938
-0.972567
-3.02199
-1.66221
-0.922258
-1.08809
-4.24022
-2.29347
-1.11273
-2.20177
-3.13542
-1.52669
-0.77683
-2.43925
-1.50612
-1.11845
-0.943234
-1.02227
-1.56648
-2.69079
0
-2.11239
-0.217837
-1.44598
-0.821724
-2.13366
-2.80617
-1.90816
-1.46835
-4.37639
-2.27995
-0.373374
-2.02663
-2.9783
-0.821562
-2.54403
-2.02625
-2.93324
-2.99406
-3.02247
-1.3547
-2.09507
-0.978116
-1.4169
-2.029
-0.329795
-2.48695
-2.11239
0
-0.66009
-2.05744
-1.44629
-1.54173
-1.9137
-2.63574
-1.86614
-1.43417
-3.00489
-1.00088
-1.79301
-0.601972
-3.54829
-1.30647
-2.69437
-1.62589
-2.32669
-1.75803
-1.34145
-1.21934
-1.15903
-2.52411
-0.282183
-2.22404
-2.95109
-0.217837
-0.66009
0
-1.70248
-3.57375
-2.71149
-3.29082
-1.36131
-1.99376
-2.20696
-2.20187
-0.83831
-2.2298
-1.66619
-2.05715
-0.448297
-1.50826
-1.02316
-1.35969
-0.0513197
-1.88139
-2.49548
-1.55514
-2.42926
0.784959
-3.0991
-2.25951
-1.44598
-2.05744
-1.70248
0
-3.26797
-2.17871
-3.63285
-2.88778
-1.07004
-2.04252
-1.57567
-1.82041
-1.25782
-1.17809
-3.7166
-1.93681
-2.36269
-2.03602
-2.53366
-0.932416
-1.97567
-1.97982
-2.05825
-2.59723
-1.95388
-0.86032
-0.743081
-0.821724
-1.44629
-3.57375
-3.26797
0
