0
-1.45075
-4.35028
-1.44137
-1.28073
-2.5836
-2.43606
-1.17442
-2.5531
-1.72585
-2.0843
-2.57289
-1.10427
-1.01809
-2.01821
-1.76889
-2.43407
-3.30665
-2.52315
-2.797
-1.46438
-1.13361
-1.94948
-2.23233
-0.845814
-3.08481
-3.51857
-1.45075
0
-1.85825
-1.20053
-0.776288
-3.6559
-2.31617
-2.96852
-1.24478
-2.50669
-1.10369
-2.83473
-3.02404
-2.51204
-2.48298
-1.6746
-2.05826
-1.63215
-1.39839
-2.55976
-0.30978
-2.57052
-3.77308
-2.42283
-1.27807
-2.44335
-4.05742
-4.35028
-1.85825
0
-2.49541
-2.19529
-2.58819
-3.78609
-3.00627
-1.34464
0.564587
-2.28413
-1.59744
-1.66188
-3.70865
-1.72446
-1.88904
-2.77641
-0.834143
-1.07584
-1.4952
-2.45548
-2.18853
-2.14333
-1.94597
-1.71443
-2.59761
-2.79118
-1.44137
-1.20053
-2.49541
0
-1.82554
-1.65212
-2.44227
-1.30694
-1.70288
-2.15699
-0.449583
-1.54319
-2.28051
-1.15213
-2.49837
-1.95255
-0.593188
-2.21233
-1.70307
-2.02978
-0.266346
-1.19413
-1.35521
-3.07398
-0.817123
-2.38018
-0.699812
-1.28073
-0.776288
-2.19529
-1.82554
0
-4.17609
-2.55211
-1.48083
-2.44358
-2.46569
-1.69825
-2.16234
-0.724685
-1.26215
-0.480416
-1.09857
-2.12106
0.0180954
-2.45864
-3.26644
-1.71357
-1.09081
-2.10417
-3.22293
-2.19553
-2.55291
-2.93843
-2.5836
-3.6559
-2.58819
-1.65212
-4.17609
0
-0.578695
-2.17244
-2.09707
-1.8577
-1.34255
-2.78525
-0.0937336
-2.37801
-0.487576
-0.28499
-1.23151
-1.69142
-1.15263
-2.0953
-1.45932
-2.31408
-1.39743
-3.17886
-2.80603
-1.73237
-1.60857
-2.43606
-2.31617
-3.78609
-2.44227
-2.55211
-0.578695
0
-1.09999
-1.99806
-3.86861
-0.638222
1.0139
-2.38121
-3.23521
-1.98402
-0.0648559
-1.60947
-1.02936
-1.79904
-1.6534
-2.41098
-2.3716
-2.68393
-0.716305
-1.40742
-0.252623
-1.60549
-1.17442
-2.96852
-3.00627
-1.30694
-1.48083
-2.17244
-1.09999
0
-2.23926
-2.34125
-1.47537
-2.7924
-2.20581
-1.16771
-2.81545
-2.77211
-4.38464
-2.69691
-1.62816
-1.20042
-2.95366
-3.29948
-2.77371
-1.38313
-1.84545
-0.171106
-0.976448
-2.5531
-1.24478
-1.34464
-1.70288
-2.44358
-2.09707
-1.99806
-2.23926
0
-0.0510211
-2.23572
-0.689804
-1.81419
-2.54536
-1.87356
-3.61487
-1.68712
-4.22924
-3.53255
-1.22242
-1.81184
-1.42098
-1.45259
0.43464
-1.79862
-3.21463
-1.94936
-1.72585
-2.50669
0.564587
-2.15699
-2.46569
-1.8577
-3.86861
-2.34125
-0.0510211
0
-2.80515
-1.54947
-1.51858
-3.59777
-1.00492
-2.28089
-0.695528
-1.68502
-2.48279
-0.722864
-1.3113
-1.96499
-2.12769
-2.24189
-0.347324
-1.54981
-2.15413
-2.0843
-1.10369
-2.28413
-0.449583
-1.69825
-1.34255
-0.638222
-1.47537
-2.23572
-2.80515
0
-1.86357
-1.28709
-2.69272
-0.920837
-1.28411
-1.29298
-0.132753
-1.51972
-1.41929
-2.42765
-3.00018
-1.58758
-2.7046
-2.77016
-2.52051
-2.00972
-2.57289
-2.83473
-1.59744
-1.54319
-2.16234
-2.78525
1.0139
-2.7924
-0.689804
-1.54947
-1.86357
0
-2.77491
-2.35921
-0.797779
-2.03548
-1.95615
-1.78562
-2.32869
-2.2562
-2.54821
-1.76104
-1.17313
-1.96398
-1.97095
-2.66919
-2.76898
-1.10427
-3.02404
-1.66188
-2.28051
-0.724685
-0.0937336
-2.38121
-2.20581
-1.81419
-1.51858
-1.28709
-2.77491
0
-1.45068
-1.77986
-2.64047
-2.10008
-3.38754
-2.08717
-1.7324
-1.86792
-0.897398
-1.08239
-1.4774
-2.64687
-2.61255
-1.32153
-1.01809
-2.51204
-3.70865
-1.15213
-1.26215
-2.37801
-3.23521
-1.16771
-2.54536
-3.59777
-2.69272
-2.35921
-1.45068
0
-1.88116
-1.06036
-1.39727
-2.78626
-3.00108
-3.91622
-1.75096
-1.30012
-3.20389
-1.10514
-1.73185
-1.84538
-0.470781
-2.01821
-2.48298
-1.72446
-2.49837
-0.480416
-0.487576
-1.98402
-2.81545
-1.87356
-1.00492
-0.920837
-0.797779
-1.77986
-1.88116
0
-0.275302
-1.56706
-2.51949
-2.25925
-1.50932
-1.05911
-2.45973
-2.60299
-1.21646
0.0364227
-2.20208
-1.01603
-1.76889
-1.6746
-1.88904
-1.95255
-1.09857
-0.28499
-0.0648559
-2.77211
-3.61487
-2.28089
-1.28411
-2.03548
-2.64047
-1.06036
-0.275302
0
0.144395
-2.43283
-0.339503
-1.70265
-1.49826
-1.55915
-2.67221
-1.5226
-1.85531
0.0748426
-2.89819
-2.43407
-2.05826
-2.77641
-0.593188
-2.12106
-1.23151
-1.60947
-4.38464
-1.68712
-0.695528
-1.29298
-1.95615
-2.10008
-1.39727
-1.56706
0.144395
0
-2.52811
-2.10919
-3.29176
-0.936684
0.391866
-2.37411
-3.92482
-2.2096
-2.69502
-1.64406
-3.30665
-1.63215
-0.834143
-2.21233
0.0180954
-1.69142
-1.02936
-2.69691
-4.22924
-1.68502
-0.132753
-1.78562
-3.38754
-2.78626
-2.51949
-2.43283
-2.52811
0
-2.73153
-2.47967
-2.79104
-0.759549
-2.43736
-2.80851
-0.4583
-2.05586
-3.04896
-2.52315
-1.39839
-1.07584
-1.70307
-2.45864
-1.15263
-1.79904
-1.62816
-3.53255
-2.48279
-1.51972
-2.32869
-2.08717
-3.00108
-2.25925
-0.339503
-2.10919
-2.73153
0
-1.9976
-1.3864
-2.42254
-2.34918
-0.609573
-3.67994
-3.28305
-2.19279
-2.797
-2.55976
-1.4952
-2.02978
-3.26644
-2.0953
-1.6534
-1.20042
-1.22242
-0.722864
-1.41929
-2.2562
-1.7324
-3.91622
-1.50932
-1.70265
-3.29176
-2.47967
-1.9976
0
-2.21904
-1.58633
-2.77408
-1.34758
-3.01788
-2.96985
-1.64572
-1.46438
-0.30978
-2.45548
-0.266346
-1.71357
-1.45932
-2.41098
-2.95366
-1.81184
-1.3113
-2.42765
-2.54821
-1.86792
-1.75096
-1.05911
-1.49826
-0.936684
-2.79104
-1.3864
-2.21904
0
-2.77997
-2.87772
-1.26515
-2.13733
-2.9302
-4.33323
-1.13361
-2.57052
-2.18853
-1.19413
-1.09081
-2.31408
-2.3716
-3.29948
-1.42098
-1.96499
-3.00018
-1.76104
-0.897398
-1.30012
-2.45973
-1.55915
0.391866
-0.759549
-2.42254
-1.58633
-2.77997
0
-2.38169
-1.21793
-2.45932
-0.524235
-1.38707
-1.94948
-3.77308
-2.14333
-1.35521
-2.10417
-1.39743
-2.68393
-2.77371
-1.45259
-2.12769
-1.58758
-1.17313
-1.08239
-3.20389
-2.60299
-2.67221
-2.37411
-2.43736
-2.34918
-2.77408
-2.87772
-2.38169
0
-1.72694
-2.14225
-4.09767
-1.28541
-2.23233
-2.42283
-1.94597
-3.07398
-3.22293
-3.17886
-0.716305
-1.38313
0.43464
-2.24189
-2.7046
-1.96398
-1.4774
-1.10514
-1.21646
-1.5226
-3.92482
-2.80851
-0.609573
-1.34758
-1.26515
-1.21793
-1.72694
0
-2.37193
-2.5566
-1.78858
-0.845814
-1.27807
-1.71443
-0.817123
-2.19553
-2.80603
-1.40742
-1.84545
-1.79862
-0.347324
-2.77016
-1.97095
-2.64687
-1.73185
0.0364227
-1.85531
-2.2096
-0.4583
-3.67994
-3.01788
-2.13733
-2.45932
-2.14225
-2.37193
0
-2.78866
-1.4494
-3.08481
-2.44335
-2.59761
-2.38018
-2.55291
-1.73237
-0.252623
-0.171106
-3.21463
-1.54981
-2.52051
-2.66919
-2.61255
-1.84538
-2.20208
0.0748426
-2.69502
-2.05586
-3.28305
-2.96985
-2.9302
-0.524235
-4.09767
-2.5566
-2.78866
0
-2.60242
-3.51857
-4.05742
-2.79118
-0.699812
-2.93843
-1.60857
-1.60549
-0.976448
-1.94936
-2.15413
-2.00972
-2.76898
-1.32153
-0.470781
-1.01603
-2.89819
-1.64406
-3.04896
-2.19279
-1.64572
-4.33323
-1.38707
-1.28541
-1.78858
-1.4494
-2.60242
0
