0
-5.61546
-2.59807
-1.93862
-2.6414
-1.35879
-1.61388
-3.66915
-2.91433
-0.793837
-2.57215
-2.85167
-4.22179
-2.25038
-2.10663
-1.72883
-2.33762
-2.87139
-3.23725
-1.86978
-1.72486
-1.30488
-2.0061
-0.862673
-2.516
-2.65056
-2.27133
-5.61546
0
-2.38602
-1.18926
-3.11743
-2.37422
-1.11013
-3.47508
-3.68735
-2.02837
-4.17448
-1.72787
-2.50702
-4.12115
-2.87896
-3.50293
-1.07856
-5.0734
-2.66849
-1.52544
-0.827351
-2.16018
-3.50238
-2.18471
-2.44743
-1.79243
-0.102374
-2.59807
-2.38602
0
-2.3485
-1.094
-2.56121
-3.32294
-4.04953
-2.26877
-2.62664
-1.36311
-1.35397
-2.05511
-1.37599
-1.96457
-3.24094
-1.7252
-1.48039
0.203602
-2.77487
-2.69834
-3.45496
-1.83367
-1.86669
0.304367
-4.44638
-3.73989
-1.93862
-1.18926
-2.3485
0
-2.73833
-1.73081
-0.407451
-2.35811
-1.69213
-2.66066
-1.92721
-3.24805
-1.17285
-1.09698
-2.43769
-0.381516
-1.38003
-3.2109
-4.16504
-2.73538
-0.547818
-2.82227
-4.6101
-3.28103
-2.28615
-2.86655
-2.90495
-2.6414
-3.11743
-1.094
-2.73833
0
-1.50578
-2.65471
-1.8352
-0.0776057
-3.65765
-0.678519
-1.59253
-2.18727
-0.664571
-2.3812
-1.70045
0.30276
-2.77821
0.313511
-0.302566
-1.49219
-4.66725
-1.85282
-2.54712
-1.77261
-1.46459
-2.38296
-1.35879
-2.37422
-2.56121
-1.73081
-1.50578
0
-1.30194
-2.92477
-3.44418
-4.46197
-1.75399
-1.90018
-1.20266
-0.0445342
-3.75809
-1.03343
-1.10849
-2.89016
-2.99875
-0.252242
-2.74107
-0.790802
-2.10358
-3.1121
-0.0639713
-2.90154
-1.77415
-1.61388
-1.11013
-3.32294
-0.407451
-2.65471
-1.30194
0
-0.899586
-1.10063
-1.42856
0.416384
-0.667018
-2.89463
-1.6681
-2.16651
-1.70092
-1.67301
-2.13583
-4.51051
-2.20962
-0.509656
-2.15307
-0.536662
-0.397644
-3.63118
-3.31433
-3.58371
-3.66915
-3.47508
-4.04953
-2.35811
-1.8352
-2.92477
-0.899586
0
-3.88351
-1.31962
-2.54719
0.426727
-1.62808
-2.28635
-0.93979
-3.89039
-1.63948
-0.952498
-1.32033
-0.904503
-0.83778
-4.1913
-2.45217
0.226126
-2.44148
-1.53431
-1.75573
-2.91433
-3.68735
-2.26877
-1.69213
-0.0776057
-3.44418
-1.10063
-3.88351
0
-3.42229
-1.49385
-2.47488
-2.06145
-1.52806
-2.64257
-2.11888
-1.68497
-3.40758
-2.24666
-4.00584
-1.84707
-1.06267
-2.89614
-2.37016
-2.82402
-2.27827
-2.55473
-0.793837
-2.02837
-2.62664
-2.66066
-3.65765
-4.46197
-1.42856
-1.31962
-3.42229
0
-1.31161
-0.691544
-1.50307
-2.15668
-2.65906
-1.34393
-2.06983
-1.61962
-0.916444
-0.00751655
-2.19714
-0.594166
-1.4204
-3.53863
-2.84795
-2.3078
-2.03279
-2.57215
-4.17448
-1.36311
-1.92721
-0.678519
-1.75399
0.416384
-2.54719
-1.49385
-1.31161
0
-3.29141
-2.3348
-1.706
-4.67483
-1.79615
-1.13416
-1.33845
-2.81799
-2.98101
-1.08656
-3.87101
-0.833166
-1.01524
-2.49527
-1.75841
-1.40104
-2.85167
-1.72787
-1.35397
-3.24805
-1.59253
-1.90018
-0.667018
0.426727
-2.47488
-0.691544
-3.29141
0
-1.21047
-2.6487
-1.23188
-2.6888
-3.44072
0.474476
-0.658467
-1.72438
-2.65729
-2.60145
-3.4048
-1.3459
-3.31319
-3.65396
-0.534441
-4.22179
-2.50702
-2.05511
-1.17285
-2.18727
-1.20266
-2.89463
-1.62808
-2.06145
-1.50307
-2.3348
-1.21047
0
-3.13549
-2.48079
-0.821609
-2.13519
-2.28675
-1.44751
-2.07412
-1.25052
-0.808984
-0.8513
-1.95495
-1.44875
-1.30643
-1.2197
-2.25038
-4.12115
-1.37599
-1.09698
-0.664571
-0.0445342
-1.6681
-2.28635
-1.52806
-2.15668
-1.706
-2.6487
-3.13549
0
-4.34825
-2.99601
-1.67994
-2.3648
-2.14005
-1.70268
-2.93939
0.321146
-2.75229
-2.89049
-2.18477
-1.50345
-0.932972
-2.10663
-2.87896
-1.96457
-2.43769
-2.3812
-3.75809
-2.16651
-0.93979
-2.64257
-2.65906
-4.67483
-1.23188
-2.48079
-4.34825
0
-3.3676
-2.33227
-1.69225
-2.774
-1.81748
-3.09769
-0.772782
-3.30394
-2.20621
-1.31792
-4.2485
-1.9851
-1.72883
-3.50293
-3.24094
-0.381516
-1.70045
-1.03343
-1.70092
-3.89039
-2.11888
-1.34393
-1.79615
-2.6888
-0.821609
-2.99601
-3.3676
0
-3.65972
-0.58624
-1.65487
-1.90738
-3.80214
-2.49787
-2.60948
-1.0864
-0.203811
-2.10345
-2.589
-2.33762
-1.07856
-1.7252
-1.38003
0.30276
-1.10849
-1.67301
-1.63948
-1.68497
-2.06983
-1.13416
-3.44072
-2.13519
-1.67994
-2.33227
-3.65972
0
-2.23427
-3.19628
-0.706512
-3.36465
-0.349067
-1.1368
-2.54613
-1.51866
-2.77723
-1.40619
-2.87139
-5.0734
-1.48039
-3.2109
-2.77821
-2.89016
-2.13583
-0.952498
-3.40758
-1.61962
-1.33845
0.474476
-2.28675
-2.3648
-1.69225
-0.58624
-2.23427
0
-2.72382
-2.38655
-1.6047
-1.40106
-3.21342
-2.57422
-1.36431
-0.207896
-0.654647
-3.23725
-2.66849
0.203602
-4.16504
0.313511
-2.99875
-4.51051
-1.32033
-2.24666
-0.916444
-2.81799
-0.658467
-1.44751
-2.14005
-2.774
-1.65487
-3.19628
-2.72382
0
-2.48282
-1.82318
-2.9191
-1.84781
-3.64521
-2.53588
-3.8976
-2.47024
-1.86978
-1.52544
-2.77487
-2.73538
-0.302566
-0.252242
-2.20962
-0.904503
-4.00584
-0.00751655
-2.98101
-1.72438
-2.07412
-1.70268
-1.81748
-1.90738
-0.706512
-2.38655
-2.48282
0
-2.67105
-2.58591
-0.885258
-2.59699
-1.64022
-3.54611
-1.79351
-1.72486
-0.827351
-2.69834
-0.547818
-1.49219
-2.74107
-0.509656
-0.83778
-1.84707
-2.19714
-1.08656
-2.65729
-1.25052
-2.93939
-3.09769
-3.80214
-3.36465
-1.6047
-1.82318
-2.67105
0
-2.8305
-1.72687
-2.70272
0.0250748
-2.42142
-2.12381
-1.30488
-2.16018
-3.45496
-2.82227
-4.66725
-0.790802
-2.15307
-4.1913
-1.06267
-0.594166
-3.87101
-2.60145
-0.808984
0.321146
-0.772782
-2.49787
-0.349067
-1.40106
-2.9191
-2.58591
-2.8305
0
-2.30836
-2.12106
-0.979932
-0.715421
-2.04417
-2.0061
-3.50238
-1.83367
-4.6101
-1.85282
-2.10358
-0.536662
-2.45217
-2.89614
-1.4204
-0.833166
-3.4048
-0.8513
-2.75229
-3.30394
-2.60948
-1.1368
-3.21342
-1.84781
-0.885258
-1.72687
-2.30836
0
-2.10939
-1.33189
-1.88376
-2.70104
-0.862673
-2.18471
-1.86669
-3.28103
-2.54712
-3.1121
-0.397644
0.226126
-2.37016
-3.53863
-1.01524
-1.3459
-1.95495
-2.89049
-2.20621
-1.0864
-2.54613
-2.57422
-3.64521
-2.59699
-2.70272
-2.12106
-2.10939
0
-1.09819
-1.26701
-1.83924
-2.516
-2.44743
0.304367
-2.28615
-1.77261
-0.0639713
-3.63118
-2.44148
-2.82402
-2.84795
-2.49527
-3.31319
-1.44875
-2.18477
-1.31792
-0.203811
-1.51866
-1.36431
-2.53588
-1.64022
0.0250748
-0.979932
-1.33189
-1.09819
0
-0.98297
-0.964373
-2.65056
-1.79243
-4.44638
-2.86655
-1.46459
-2.90154
-3.31433
-1.53431
-2.27827
-2.3078
-1.75841
-3.65396
-1.30643
-1.50345
-4.2485
-2.10345
-2.77723
-0.207896
-3.8976
-3.54611
-2.42142
-0.715421
-1.88376
-1.26701
-0.98297
0
-1.70318
-2.27133
-0.102374
-3.73989
-2.90495
-2.38296
-1.77415
-3.58371
-1.75573
-2.55473
-2.03279
-1.40104
-0.534441
-1.2197
-0.932972
-1.9851
-2.589
-1.40619
-0.654647
-2.47024
-1.79351
-2.12381
-2.04417
-2.70104
-1.83924
-0.964373
-1.70318
0
