0
-1.6707
-1.31396
-1.11385
-3.3935
-0.0276764
-1.43986
-3.72688
-2.66358
-2.58454
-3.51216
-2.68188
-2.10856
-2.08026
-2.45335
-2.53678
-3.53644
-1.22439
0.601952
-1.46884
-2.93102
-0.797179
-1.75509
-3.18838
-1.88992
-0.580184
-0.503003
-1.6707
0
-3.36009
-1.55782
-2.47603
-0.760539
-0.8884
-1.38044
-1.04962
-3.23358
-2.95149
-2.87738
-2.40153
-2.36299
-2.3944
-0.23351
-2.95722
-2.24988
-3.03897
-2.33748
-1.9233
-2.70023
-2.17882
-3.75061
-2.83947
-2.01633
-1.59416
-1.31396
-3.36009
0
-1.45155
-4.10432
-2.70989
-2.8035
-1.87849
-0.916495
-0.604515
-0.561975
-1.87107
-2.80351
-2.56633
-3.84742
-1.93023
-1.7061
-2.16544
-2.18215
-4.11405
-1.05443
-3.45613
-3.78251
-2.49951
-0.310146
-1.70961
-1.31934
-1.11385
-1.55782
-1.45155
0
-1.82368
-2.31887
-0.874581
-2.42879
-3.33293
-3.42066
-1.4113
-2.28647
-2.70391
-1.44257
-2.72246
-1.14991
-1.12688
-1.21908
-3.3505
-3.72664
-3.11028
-2.24129
-0.94265
-1.77556
-3.27568
-2.49427
-2.94257
-3.3935
-2.47603
-4.10432
-1.82368
0
-2.10241
-1.74105
-1.74937
-3.30686
-2.02758
-2.41955
-2.05056
-2.28957
-2.46272
-1.65039
-0.401628
-1.19071
-2.61965
-3.14224
-3.20941
-0.669632
-2.94054
-4.37959
-0.652234
-3.24527
-1.35271
-2.25204
-0.0276764
-0.760539
-2.70989
-2.31887
-2.10241
0
-2.15387
-1.51519
-1.14859
-2.89802
-1.03379
-1.5721
-3.4156
-1.84169
-2.43881
-3.10141
-1.3806
-0.589006
-2.24386
-1.35662
-0.838732
-3.12724
-1.97375
-0.928973
-1.90193
-1.10897
-2.41564
-1.43986
-0.8884
-2.8035
-0.874581
-1.74105
-2.15387
0
-4.06758
-3.52161
-2.56154
0.386708
-1.71759
-1.67473
-4.06063
-2.77111
-1.34595
-2.2791
-3.06629
-2.54547
-3.69842
-1.85901
-3.87268
-0.870776
0.161615
-2.98913
-1.9244
-3.05614
-3.72688
-1.38044
-1.87849
-2.42879
-1.74937
-1.51519
-4.06758
0
-2.86273
-1.43319
-0.62533
-2.10854
-1.23439
-1.21356
-1.68047
-1.57289
-0.606089
-2.09126
-1.61085
-1.51028
-0.815035
-2.1776
-2.1405
-1.93237
-2.65406
-1.87735
-3.14059
-2.66358
-1.04962
-0.916495
-3.33293
-3.30686
-1.14859
-3.52161
-2.86273
0
-2.74924
-2.38538
-1.63827
-0.835238
-1.63926
-3.39912
-3.24014
-2.49189
-1.26015
-2.22571
-1.82179
-0.236227
-2.23753
-2.4513
-0.460595
-0.555434
-3.3619
-1.24666
-2.58454
-3.23358
-0.604515
-3.42066
-2.02758
-2.89802
-2.56154
-1.43319
-2.74924
0
-3.23047
-1.51409
-2.78154
-2.52653
-2.82696
-1.64188
-1.99331
-1.99468
0.026901
-2.2768
-2.58627
-2.38986
-2.90272
-4.60896
-2.13484
-1.78076
-1.61028
-3.51216
-2.95149
-0.561975
-1.4113
-2.41955
-1.03379
0.386708
-0.62533
-2.38538
-3.23047
0
-3.14695
-2.19935
-1.74013
-1.25656
-1.65532
-1.00071
-1.45277
-2.24125
-2.09922
-0.819448
-0.465618
-0.552093
-3.2211
-2.00753
-3.39246
-3.09441
-2.68188
-2.87738
-1.87107
-2.28647
-2.05056
-1.5721
-1.71759
-2.10854
-1.63827
-1.51409
-3.14695
0
-2.2483
-1.83121
-4.1716
-3.61669
-0.967676
-1.34546
-0.515637
-3.7023
-3.85732
-3.43024
-2.05727
-2.21941
-3.02554
-2.50331
-2.3415
-2.10856
-2.40153
-2.80351
-2.70391
-2.28957
-3.4156
-1.67473
-1.23439
-0.835238
-2.78154
-2.19935
-2.2483
0
-3.28411
-0.872107
-3.23892
-1.70488
-0.241952
-1.75906
-2.10225
-1.91696
-0.821299
-2.64356
0.832392
-3.62704
-1.54761
-4.98061
-2.08026
-2.36299
-2.56633
-1.44257
-2.46272
-1.84169
-4.06063
-1.21356
-1.63926
-2.52653
-1.74013
-1.83121
-3.28411
0
-2.55058
-0.905168
-1.73203
-2.28921
-2.54057
-2.36088
-1.37469
-2.32706
-2.54313
-2.09148
-1.8742
-1.15556
-1.00839
-2.45335
-2.3944
-3.84742
-2.72246
-1.65039
-2.43881
-2.77111
-1.68047
-3.39912
-2.82696
-1.25656
-4.1716
-0.872107
-2.55058
0
-2.72731
-0.373405
-2.14407
-1.3246
-1.98123
0.330785
-0.964201
0.883537
-2.1244
-1.24349
-0.806623
-0.94752
-2.53678
-0.23351
-1.93023
-1.14991
-0.401628
-3.10141
-1.34595
-1.57289
-3.24014
-1.64188
-1.65532
-3.61669
-3.23892
-0.905168
-2.72731
0
-3.13503
-1.23011
-2.22648
-2.34999
-2.29359
-0.442709
-1.87969
-1.27325
-1.8109
-4.45239
-2.2307
-3.53644
-2.95722
-1.7061
-1.12688
-1.19071
-1.3806
-2.2791
-0.606089
-2.49189
-1.99331
-1.00071
-0.967676
-1.70488
-1.73203
-0.373405
-3.13503
0
-1.84911
-1.12972
-2.75799
-0.862631
-4.07096
-2.092
-3.42701
-3.00118
-1.65374
-0.557402
-1.22439
-2.24988
-2.16544
-1.21908
-2.61965
-0.589006
-3.06629
-2.09126
-1.26015
-1.99468
-1.45277
-1.34546
-0.241952
-2.28921
-2.14407
-1.23011
-1.84911
0
-2.91887
-0.637357
-1.54716
-2.38396
-1.30678
-1.11957
-1.89097
-3.82002
-3.63527
0.601952
-3.03897
-2.18215
-3.3505
-3.14224
-2.24386
-2.54547
-1.61085
-2.22571
0.026901
-2.24125
-0.515637
-1.75906
-2.54057
-1.3246
-2.22648
-1.12972
-2.91887
0
-2.02538
-0.540305
-1.23733
-3.92659
-3.41343
-0.120093
-1.82263
-3.31037
-1.46884
-2.33748
-4.11405
-3.72664
-3.20941
-1.35662
-3.69842
-1.51028
-1.82179
-2.2768
-2.09922
-3.7023
-2.10225
-2.36088
-1.98123
-2.34999
-2.75799
-0.637357
-2.02538
0
-2.30469
-2.52493
-1.39538
-0.137361
-1.9143
-2.97946
-3.24038
-2.93102
-1.9233
-1.05443
-3.11028
-0.669632
-0.838732
-1.85901
-0.815035
-0.236227
-2.58627
-0.819448
-3.85732
-1.91696
-1.37469
0.330785
-2.29359
-0.862631
-1.54716
-0.540305
-2.30469
0
-1.45835
-3.88342
-1.47083
-2.11676
-3.17109
-2.22861
-0.797179
-2.70023
-3.45613
-2.24129
-2.94054
-3.12724
-3.87268
-2.1776
-2.23753
-2.38986
-0.465618
-3.43024
-0.821299
-2.32706
-0.964201
-0.442709
-4.07096
-2.38396
-1.23733
-2.52493
-1.45835
0
-2.6812
-0.809336
-1.42223
-4.17591
-2.51884
-1.75509
-2.17882
-3.78251
-0.94265
-4.37959
-1.97375
-0.870776
-2.1405
-2.4513
-2.90272
-0.552093
-2.05727
-2.64356
-2.54313
0.883537
-1.87969
-2.092
-1.30678
-3.92659
-1.39538
-3.88342
-2.6812
0
-1.71125
-0.772515
-2.82481
-1.94837
-3.18838
-3.75061
-2.49951
-1.77556
-0.652234
-0.928973
0.161615
-1.93237
-0.460595
-4.60896
-3.2211
-2.21941
0.832392
-2.09148
-2.1244
-1.27325
-3.42701
-1.11957
-3.41343
-0.137361
-1.47083
-0.809336
-1.71125
0
-3.95076
-2.78806
-2.63239
-1.88992
-2.83947
-0.310146
-3.27568
-3.24527
-1.90193
-2.98913
-2.65406
-0.555434
-2.13484
-2.00753
-3.02554
-3.62704
-1.8742
-1.24349
-1.8109
-3.00118
-1.89097
-0.120093
-1.9143
-2.11676
-1.42223
-0.772515
-3.95076
0
-2.37565
-3.46846
-0.580184
-2.01633
-1.70961
-2.49427
-1.35271
-1.10897
-1.9244
-1.87735
-3.3619
-1.78076
-3.39246
-2.50331
-1.54761
-1.15556
-0.806623
-4.45239
-1.65374
-3.82002
-1.82263
-2.97946
-3.17109
-4.17591
-2.82481
-2.78806
-2.37565
0
-3.52533
-0.503003
-1.59416
-1.31934
-2.94257
-2.25204
-2.41564
-3.05614
-3.14059
-1.24666
-1.61028
-3.09441
-2.3415
-4.98061
-1.00839
-0.94752
-2.2307
-0.557402
-3.63527
-3.31037
-3.24038
-2.22861
-2.51884
-1.94837
-2.63239
-3.46846
-3.52533
0
