0
-2.62055
-4.8352
-0.929159
-3.98736
-0.660274
-2.29594
-1.82022
-1.07587
-2.66324
-2.33399
-0.836755
-2.22899
-1.31001
-2.01752
0.0720905
-0.674869
-1.92493
-1.93491
-2.79238
-1.45583
-1.96956
-0.868497
-1.99807
-2.62562
-1.77897
-0.758364
-2.62055
0
-1.36626
-2.2597
-3.90612
-1.61234
-2.6136
-2.71006
-2.67566
-2.68002
-3.06294
-1.66329
-1.08668
0.315837
-1.7244
-1.54426
-2.62226
-4.92465
-2.03338
-0.900172
-1.0847
-0.808537
-1.61078
0.110751
-2.5089
-2.30257
-3.81788
-4.8352
-1.36626
0
-2.75239
-2.01527
-2.47168
-1.76131
-1.67468
-1.28778
-0.296233
-3.63613
0.823932
-2.30142
-2.17162
-2.68333
-2.86989
-1.92603
-1.17976
-1.00736
-1.80233
-1.76614
-3.22089
-2.96919
-0.715526
-1.80193
-3.27022
-1.12202
-0.929159
-2.2597
-2.75239
0
-2.10387
-0.19546
-1.5008
-1.58093
-1.95192
-0.994444
-0.753342
-1.93297
-3.13196
-1.99269
-3.54608
-4.08502
-2.88175
-2.02076
-2.62222
-2.59745
-2.83561
-1.63208
-2.37946
-2.16436
-1.96817
-0.752317
-2.91141
-3.98736
-3.90612
-2.01527
-2.10387
0
-1.09277
-1.32698
-1.57278
-3.18852
-1.13306
-2.7902
-2.42399
-1.21267
-1.40862
-2.77024
-0.918377
-1.79475
-2.5015
-2.59369
-3.49165
-2.16834
-2.84803
-3.45985
-2.56366
-2.94562
-0.735152
-1.83487
-0.660274
-1.61234
-2.47168
-0.19546
-1.09277
0
-1.5225
-2.14932
-1.38688
-2.23709
-2.05286
-2.58327
-1.35571
-2.69703
-2.00399
-1.9156
-2.48461
-1.51538
-0.845667
-3.20651
-2.6296
-3.87562
-1.99741
-2.2495
-3.84822
-3.39296
-3.18168
-2.29594
-2.6136
-1.76131
-1.5008
-1.32698
-1.5225
0
-0.673399
-2.05919
-3.65338
-1.03192
-2.91202
-1.6256
-0.432355
-3.41764
-3.28515
-2.02345
-3.25773
-3.05925
-3.03471
-2.46265
-1.23627
-1.72582
-2.00046
-3.20029
-2.87219
-1.00286
-1.82022
-2.71006
-1.67468
-1.58093
-1.57278
-2.14932
-0.673399
0
-2.93813
-2.00764
-2.9126
-0.485558
-2.87947
-2.53965
-3.14025
-1.77904
-2.18755
-1.30356
-0.700295
-1.77823
-2.40461
-2.6255
-1.59758
-4.15349
-3.43052
-1.43524
-1.94491
-1.07587
-2.67566
-1.28778
-1.95192
-3.18852
-1.38688
-2.05919
-2.93813
0
-2.22165
-1.38909
-2.9386
-2.15093
-3.38883
-2.32751
-2.05648
-0.690166
-2.83133
-2.70907
-2.78733
-1.50253
-2.66874
-1.88995
-2.23323
-1.92499
-0.984152
-2.25011
-2.66324
-2.68002
-0.296233
-0.994444
-1.13306
-2.23709
-3.65338
-2.00764
-2.22165
0
-1.33016
-0.602567
-1.64658
-3.00413
-1.15603
-2.72639
-2.50299
-3.55123
-1.37029
-2.47579
-0.988827
-2.4449
-0.947252
-2.16993
-2.44175
-2.74498
1.01542
-2.33399
-3.06294
-3.63613
-0.753342
-2.7902
-2.05286
-1.03192
-2.9126
-1.38909
-1.33016
0
-2.43105
-1.19528
-3.06041
-2.24098
-1.5903
-1.45886
-2.95497
-2.39678
-2.81715
-2.36081
-2.30049
-1.19708
-1.04469
-1.14533
-0.240208
-3.70046
-0.836755
-1.66329
0.823932
-1.93297
-2.42399
-2.58327
-2.91202
-0.485558
-2.9386
-0.602567
-2.43105
0
-4.36615
-3.55763
-1.86594
-1.17928
-2.1137
-2.73747
-1.76598
-2.37773
-2.67523
-1.46997
-0.846081
-3.72643
-1.52637
-0.885798
-2.74599
-2.22899
-1.08668
-2.30142
-3.13196
-1.21267
-1.35571
-1.6256
-2.87947
-2.15093
-1.64658
-1.19528
-4.36615
0
-1.47983
-3.68557
-3.94604
-1.61663
-0.722537
-2.12457
-2.03782
-1.31906
-2.70115
-1.95596
-2.95872
-1.60872
-2.43777
-0.333219
-1.31001
0.315837
-2.17162
-1.99269
-1.40862
-2.69703
-0.432355
-2.53965
-3.38883
-3.00413
-3.06041
-3.55763
-1.47983
0
-0.890865
-2.06781
-2.35061
-2.34912
-0.23728
-0.854983
-1.45052
-2.44229
-2.32662
-1.58591
-1.59977
-4.11133
-1.61674
-2.01752
-1.7244
-2.68333
-3.54608
-2.77024
-2.00399
-3.41764
-3.14025
-2.32751
-1.15603
-2.24098
-1.86594
-3.68557
-0.890865
0
-1.99271
-1.528
-1.30597
-2.42124
-0.38539
-1.50697
-1.55883
-1.13007
-3.48918
-0.798254
-1.83239
-3.71383
0.0720905
-1.54426
-2.86989
-4.08502
-0.918377
-1.9156
-3.28515
-1.77904
-2.05648
-2.72639
-1.5903
-1.17928
-3.94604
-2.06781
-1.99271
0
-1.98753
-2.70041
-2.55885
-2.40172
-1.63145
-3.00398
-0.773671
-2.62294
-2.43349
-1.24867
-4.03722
-0.674869
-2.62226
-1.92603
-2.88175
-1.79475
-2.48461
-2.02345
-2.18755
-0.690166
-2.50299
-1.45886
-2.1137
-1.61663
-2.35061
-1.528
-1.98753
0
-3.02213
-2.10458
-1.06818
-3.43993
-1.83275
-2.58056
-1.95428
-2.14182
-1.97139
-2.00902
-1.92493
-4.92465
-1.17976
-2.02076
-2.5015
-1.51538
-3.25773
-1.30356
-2.83133
-3.55123
-2.95497
-2.73747
-0.722537
-2.34912
-1.30597
-2.70041
-3.02213
0
-1.72118
-2.4363
-0.582334
-1.91132
-2.39981
-2.31742
-2.18095
-1.37819
-3.42069
-1.93491
-2.03338
-1.00736
-2.62222
-2.59369
-0.845667
-3.05925
-0.700295
-2.70907
-1.37029
-2.39678
-1.76598
-2.12457
-0.23728
-2.42124
-2.55885
-2.10458
-1.72118
0
-0.835228
-0.976848
-1.46003
-1.44776
-1.39378
-3.07845
-1.04981
-1.12968
-2.79238
-0.900172
-1.80233
-2.59745
-3.49165
-3.20651
-3.03471
-1.77823
-2.78733
-2.47579
-2.81715
-2.37773
-2.03782
-0.854983
-0.38539
-2.40172
-1.06818
-2.4363
-0.835228
0
-3.45681
-0.983882
-2.23896
-1.58273
-0.974896
-1.43679
-2.83026
-1.45583
-1.0847
-1.76614
-2.83561
-2.16834
-2.6296
-2.46265
-2.40461
-1.50253
-0.988827
-2.36081
-2.67523
-1.31906
-1.45052
-1.50697
-1.63145
-3.43993
-0.582334
-0.976848
-3.45681
0
-1.58946
-1.98898
-1.2737
-2.22396
-2.37299
-0.861245
-1.96956
-0.808537
-3.22089
-1.63208
-2.84803
-3.87562
-1.23627
-2.6255
-2.66874
-2.4449
-2.30049
-1.46997
-2.70115
-2.44229
-1.55883
-3.00398
-1.83275
-1.91132
-1.46003
-0.983882
-1.58946
0
-3.54707
-2.64887
-1.44174
-1.02303
-3.64328
-0.868497
-1.61078
-2.96919
-2.37946
-3.45985
-1.99741
-1.72582
-1.59758
-1.88995
-0.947252
-1.19708
-0.846081
-1.95596
-2.32662
-1.13007
-0.773671
-2.58056
-2.39981
-1.44776
-2.23896
-1.98898
-3.54707
0
0.580466
-3.29388
-1.80132
-2.49648
-1.99807
0.110751
-0.715526
-2.16436
-2.56366
-2.2495
-2.00046
-4.15349
-2.23323
-2.16993
-1.04469
-3.72643
-2.95872
-1.58591
-3.48918
-2.62294
-1.95428
-2.31742
-1.39378
-1.58273
-1.2737
-2.64887
0.580466
0
-3.12114
-1.46269
-1.09702
-2.62562
-2.5089
-1.80193
-1.96817
-2.94562
-3.84822
-3.20029
-3.43052
-1.92499
-2.44175
-1.14533
-1.52637
-1.60872
-1.59977
-0.798254
-2.43349
-2.14182
-2.18095
-3.07845
-0.974896
-2.22396
-1.44174
-3.29388
-3.12114
0
-1.37811
-0.665549
-1.77897
-2.30257
-3.27022
-0.752317
-0.735152
-3.39296
-2.87219
-1.43524
-0.984152
-2.74498
-0.240208
-0.885798
-2.43777
-4.11133
-1.83239
-1.24867
-1.97139
-1.37819
-1.04981
-1.43679
-2.37299
-1.02303
-1.80132
-1.46269
-1.37811
0
-2.03367
-0.758364
-3.81788
-1.12202
-2.91141
-1.83487
-3.18168
-1.00286
-1.94491
-2.25011
1.01542
-3.70046
-2.74599
-0.333219
-1.61674
-3.71383
-4.03722
-2.00902
-3.42069
-1.12968
-2.83026
-0.861245
-3.64328
-2.49648
-1.09702
-0.665549
-2.03367
0
