0
-1.49628
-2.74882
-3.60951
-1.42792
-1.47104
-1.94168
-3.31559
0.728175
-0.323577
-2.94086
-2.23644
-0.30818
-2.76856
-0.914214
-1.36163
-2.0515
-1.64565
-3.87178
-3.74232
0.649365
-1.59068
-3.36114
-3.3373
-4.29418
-2.92073
-1.71628
-1.49628
0
-1.51676
-3.12508
-1.49948
-0.89958
-2.17519
-1.40189
-0.943824
-2.83845
-2.99349
-2.05471
-2.71019
-1.33904
-1.32202
-3.39325
-1.41467
-2.50697
-0.816433
-2.72278
-2.99131
-2.5665
-0.395008
-1.81165
-1.64319
-2.16857
-2.00363
-2.74882
-1.51676
0
-1.85916
-1.21115
-1.64345
-1.85291
0.276167
-1.95444
-2.78684
-2.87387
-2.8546
0.368116
-0.903758
-1.42732
-2.26832
-2.61268
-1.56758
-0.252049
-2.90473
-1.48798
-2.29508
-0.741257
-0.658738
-2.3383
-1.52683
-2.60575
-3.60951
-3.12508
-1.85916
0
-2.86046
-2.0936
-0.330934
-1.99575
-3.59188
-0.936476
-0.408345
-3.26613
-2.83306
-2.13171
-2.82666
-1.17762
-1.60999
-1.88707
-3.73568
-2.58973
-1.27568
-2.87959
-0.7938
-1.48799
-2.21569
-3.70733
-1.22246
-1.42792
-1.49948
-1.21115
-2.86046
0
-2.45759
-0.384723
-1.58142
-3.23682
-3.11586
-1.98459
-1.66213
-2.78604
-3.09117
-0.96746
-3.80904
-1.38138
-2.7305
-1.02664
-2.90883
-3.09728
-0.699244
-1.89588
-1.06713
-1.89313
-0.981956
-2.75312
-1.47104
-0.89958
-1.64345
-2.0936
-2.45759
0
-3.20671
-1.82
-1.05349
-0.470215
-1.53424
-2.18248
-0.161655
-0.978353
-2.35385
-4.21328
-1.42237
-3.42252
-1.15777
-3.40035
-1.32853
-2.75116
-3.08655
-2.12198
-2.08804
-1.72961
-2.0514
-1.94168
-2.17519
-1.85291
-0.330934
-0.384723
-3.20671
0
-1.43403
-2.90051
-1.58584
-1.86192
-0.924978
-1.4601
-2.23514
-2.35828
-2.9113
-1.53494
-1.68445
-3.48107
-1.25943
-2.2487
-2.26049
-0.679853
-1.4022
-2.59302
-1.247
-1.68325
-3.31559
-1.40189
0.276167
-1.99575
-1.58142
-1.82
-1.43403
0
-0.700876
-1.89677
-0.847339
-2.25638
-2.54034
-1.35887
-1.99255
-1.37615
-1.29537
-1.64412
-0.466
-1.88
-2.42042
-2.40807
-1.3024
-2.36073
-2.5158
-2.00836
-2.46424
0.728175
-0.943824
-1.95444
-3.59188
-3.23682
-1.05349
-2.90051
-0.700876
0
-1.7899
-1.61379
-1.0514
-3.21039
-3.86488
-2.66687
-0.125243
-1.15392
-1.46866
-2.76414
-0.757197
-1.62994
-0.929825
-1.7127
-1.8736
-3.09949
-5.31897
-1.94426
-0.323577
-2.83845
-2.78684
-0.936476
-3.11586
-0.470215
-1.58584
-1.89677
-1.7899
0
-2.00716
-1.2555
-1.12586
-1.08011
-1.85981
-0.957763
-2.26389
-3.17435
-1.81144
-3.40233
-1.29081
-4.33335
-2.39232
-1.41999
-1.71541
-2.72439
-2.44061
-2.94086
-2.99349
-2.87387
-0.408345
-1.98459
-1.53424
-1.86192
-0.847339
-1.61379
-2.00716
0
-2.22515
-0.0909932
-2.47681
-2.01724
-1.54029
-1.26727
-1.74428
-2.04468
-1.56728
-1.01189
-2.44057
-2.06304
-2.73419
-1.22421
-2.12431
-4.08543
-2.23644
-2.05471
-2.8546
-3.26613
-1.66213
-2.18248
-0.924978
-2.25638
-1.0514
-1.2555
-2.22515
0
-2.6865
-0.935372
-3.28872
-2.41689
-1.80107
-2.48615
-2.68124
-1.51246
-2.93625
-0.658461
-3.02741
-2.76672
-3.65114
-2.97775
-1.40675
-0.30818
-2.71019
0.368116
-2.83306
-2.78604
-0.161655
-1.4601
-2.54034
-3.21039
-1.12586
-0.0909932
-2.6865
0
-2.17861
-2.49681
-1.86111
-2.975
-2.16135
-1.82837
-2.62944
-0.787232
-1.51579
-2.18756
-2.35989
-2.55482
-1.66556
-1.03283
-2.76856
-1.33904
-0.903758
-2.13171
-3.09117
-0.978353
-2.23514
-1.35887
-3.86488
-1.08011
-2.47681
-0.935372
-2.17861
0
-1.217
-0.760111
-2.22838
-1.3732
-2.44161
-1.3069
-1.03817
-1.10929
-1.92102
-2.06121
-1.77919
-1.0673
-2.8446
-0.914214
-1.32202
-1.42732
-2.82666
-0.96746
-2.35385
-2.35828
-1.99255
-2.66687
-1.85981
-2.01724
-3.28872
-2.49681
-1.217
0
-2.09264
-1.79654
-1.64572
-0.158195
-2.66015
-2.54
-0.482306
-2.13312
-1.19189
-2.06635
-1.31254
-3.45497
-1.36163
-3.39325
-2.26832
-1.17762
-3.80904
-4.21328
-2.9113
-1.37615
-0.125243
-0.957763
-1.54029
-2.41689
-1.86111
-0.760111
-2.09264
0
-3.50304
-1.83005
-3.57673
-1.22793
-2.99579
-1.71281
-3.02261
-2.16905
-0.00705676
-1.46643
-1.78536
-2.0515
-1.41467
-2.61268
-1.60999
-1.38138
-1.42237
-1.53494
-1.29537
-1.15392
-2.26389
-1.26727
-1.80107
-2.975
-2.22838
-1.79654
-3.50304
0
-1.86075
-2.73895
-1.52689
-2.43257
-1.97037
-3.21493
-3.03975
-1.85724
-2.3457
-2.85228
-1.64565
-2.50697
-1.56758
-1.88707
-2.7305
-3.42252
-1.68445
-1.64412
-1.46866
-3.17435
-1.74428
-2.48615
-2.16135
-1.3732
-1.64572
-1.83005
-1.86075
0
-2.00444
-0.5309
-2.64125
-1.67158
-2.2372
-3.45013
-1.97025
-2.65146
-1.11048
-3.87178
-0.816433
-0.252049
-3.73568
-1.02664
-1.15777
-3.48107
-0.466
-2.76414
-1.81144
-2.04468
-2.68124
-1.82837
-2.44161
-0.158195
-3.57673
-2.73895
-2.00444
0
-2.85368
-0.952947
-1.04269
-3.1022
-2.56628
-1.13676
-1.03038
-2.80542
-3.74232
-2.72278
-2.90473
-2.58973
-2.90883
-3.40035
-1.25943
-1.88
-0.757197
-3.40233
-1.56728
-1.51246
-2.62944
-1.3069
-2.66015
-1.22793
-1.52689
-0.5309
-2.85368
0
0.101894
-1.49846
-1.26212
-1.43295
-1.64359
-3.18791
-3.15073
0.649365
-2.99131
-1.48798
-1.27568
-3.09728
-1.32853
-2.2487
-2.42042
-1.62994
-1.29081
-1.01189
-2.93625
-0.787232
-1.03817
-2.54
-2.99579
-2.43257
-2.64125
-0.952947
0.101894
0
-2.1101
-1.123
-1.98823
-1.18444
-3.06431
-1.28995
-1.59068
-2.5665
-2.29508
-2.87959
-0.699244
-2.75116
-2.26049
-2.40807
-0.929825
-4.33335
-2.44057
-0.658461
-1.51579
-1.10929
-0.482306
-1.71281
-1.97037
-1.67158
-1.04269
-1.49846
-2.1101
0
-1.56021
-3.76755
-1.68037
-0.549511
-2.94446
-3.36114
-0.395008
-0.741257
-0.7938
-1.89588
-3.08655
-0.679853
-1.3024
-1.7127
-2.39232
-2.06304
-3.02741
-2.18756
-1.92102
-2.13312
-3.02261
-3.21493
-2.2372
-3.1022
-1.26212
-1.123
-1.56021
0
-3.42728
-1.05391
-2.85933
-1.88138
-3.3373
-1.81165
-0.658738
-1.48799
-1.06713
-2.12198
-1.4022
-2.36073
-1.8736
-1.41999
-2.73419
-2.76672
-2.35989
-2.06121
-1.19189
-2.16905
-3.03975
-3.45013
-2.56628
-1.43295
-1.98823
-3.76755
-3.42728
0
-1.47531
-4.28192
-3.10562
-4.29418
-1.64319
-2.3383
-2.21569
-1.89313
-2.08804
-2.59302
-2.5158
-3.09949
-1.71541
-1.22421
-3.65114
-2.55482
-1.77919
-2.06635
-0.00705676
-1.85724
-1.97025
-1.13676
-1.64359
-1.18444
-1.68037
-1.05391
-1.47531
0
-0.422498
-2.73995
-2.92073
-2.16857
-1.52683
-3.70733
-0.981956
-1.72961
-1.247
-2.00836
-5.31897
-2.72439
-2.12431
-2.97775
-1.66556
-1.0673
-1.31254
-1.46643
-2.3457
-2.65146
-1.03038
-3.18791
-3.06431
-0.549511
-2.85933
-4.28192
-0.422498
0
-1.01151
-1.71628
-2.00363
-2.60575
-1.22246
-2.75312
-2.0514
-1.68325
-2.46424
-1.94426
-2.44061
-4.08543
-1.40675
-1.03283
-2.8446
-3.45497
-1.78536
-2.85228
-1.11048
-2.80542
-3.15073
-1.28995
-2.94446
-1.88138
-3.10562
-2.73995
-1.01151
0
