0
-1.67703
-2.44819
-1.51338
-1.62863
-0.820473
-2.7554
-2.7017
-1.82746
-1.85598
-1.71366
-0.289741
-2.21346
-2.18453
-2.33485
-0.640614
-1.39219
-0.198873
-1.69636
-2.62081
-1.27964
-1.08728
-1.67108
-2.16304
-2.8938
-1.82107
-3.04814
-1.67703
0
-2.22044
-1.11699
-3.21598
-1.07841
-1.78391
-1.7477
-1.68527
-2.81901
-1.81551
-2.32928
-1.226
-2.12253
-1.49836
-1.89271
-3.67815
-2.19485
-1.32194
-1.56899
-2.00681
-3.42934
-2.54675
-3.94958
-2.46627
-3.42049
-0.91778
-2.44819
-2.22044
0
-1.95035
-0.214568
-0.793191
-2.11842
-0.0538473
-2.2147
-2.30991
-1.91197
-1.99072
-1.54656
-2.80721
-1.11027
-2.52505
-1.17956
-1.33354
-1.65893
-1.89181
-2.55742
-3.13355
-2.45955
-2.7688
-1.37796
-0.612205
-2.03967
-1.51338
-1.11699
-1.95035
0
-3.22457
-1.50793
-0.402525
-2.97212
-1.29627
-1.72386
-3.15087
-5.11141
-1.15519
-0.912414
0.451182
-2.04517
-2.74544
-1.78765
-1.51276
-2.93489
-2.82676
-0.890552
-2.26015
0.074773
-0.136153
-3.57243
-2.54897
-1.62863
-3.21598
-0.214568
-3.22457
0
-2.17372
-3.10542
-1.31231
-3.68885
-1.47446
-2.2712
-1.28582
-2.62228
-3.15369
-3.19454
-2.38805
-2.44337
-1.38753
-0.959029
-2.82563
-0.737185
-1.79542
-0.254848
-2.53463
-2.44393
-2.8895
-1.37461
-0.820473
-1.07841
-0.793191
-1.50793
-2.17372
0
-1.14429
-1.32837
-1.51532
-1.74839
-2.66659
-2.66894
-1.16331
-1.4145
-2.64686
-1.01558
-2.09041
-0.706109
-3.04266
-2.71005
-2.73282
-2.25037
-1.66016
-1.22931
-1.73761
-3.16298
-0.823903
-2.7554
-1.78391
-2.11842
-0.402525
-3.10542
-1.14429
0
-2.65951
-0.909278
-2.76285
-1.60281
-0.542439
-1.34911
-3.10226
-0.177218
-1.14185
-2.5447
-0.721996
-1.83837
-2.40943
-2.81332
-1.30351
-0.642516
-1.34581
-2.2079
-1.04732
-1.10071
-2.7017
-1.7477
-0.0538473
-2.97212
-1.31231
-1.32837
-2.65951
0
-2.86937
0.0770231
-1.16325
-1.49717
-1.75042
-1.67797
-0.620826
0.181147
-1.2987
-2.92456
-1.29602
-2.83493
-2.32004
-1.2181
-2.28928
-2.89116
-2.43143
-2.90737
-2.7714
-1.82746
-1.68527
-2.2147
-1.29627
-3.68885
-1.51532
-0.909278
-2.86937
0
-3.69992
-2.2548
-3.32655
-2.42198
-4.12242
-1.14552
-3.08166
-0.854028
-3.71821
-3.37436
-3.1556
-2.22456
-1.99486
-2.60987
-2.30165
-2.683
-2.9541
-2.78136
-1.85598
-2.81901
-2.30991
-1.72386
-1.47446
-1.74839
-2.76285
0.0770231
-3.69992
0
-1.95386
-2.6018
-0.237765
-1.93973
-1.65411
-0.428816
-3.15083
-2.41857
-1.19128
-2.15372
0.415746
-2.0552
-2.11961
-2.9126
-2.78541
-2.37562
-2.2102
-1.71366
-1.81551
-1.91197
-3.15087
-2.2712
-2.66659
-1.60281
-1.16325
-2.2548
-1.95386
0
-1.4998
-1.62116
-1.7953
-1.71252
-2.09724
-2.20701
-2.07671
-2.4892
-2.19358
-1.32639
-2.68013
-2.56979
-2.02477
-3.47798
-1.99209
-1.29061
-0.289741
-2.32928
-1.99072
-5.11141
-1.28582
-2.66894
-0.542439
-1.49717
-3.32655
-2.6018
-1.4998
0
-0.58092
-1.46986
-1.16569
-3.36487
-1.38929
-3.12197
-2.13498
-3.62347
0.0904529
-1.29665
-1.93792
-1.38601
-2.69962
-3.18546
-1.53589
-2.21346
-1.226
-1.54656
-1.15519
-2.62228
-1.16331
-1.34911
-1.75042
-2.42198
-0.237765
-1.62116
-0.58092
0
-1.93682
-1.34396
-2.39252
-3.22334
-3.31363
-2.35404
-1.50322
-1.7859
-1.57048
-1.75349
-4.24718
-2.54091
-3.58334
-2.18156
-2.18453
-2.12253
-2.80721
-0.912414
-3.15369
-1.4145
-3.10226
-1.67797
-4.12242
-1.93973
-1.7953
-1.46986
-1.93682
0
-2.91294
-1.35165
-1.66166
0.211212
-2.14348
-1.55292
-1.59341
-0.751476
-2.01091
-3.28969
-1.73772
-2.00875
-3.21184
-2.33485
-1.49836
-1.11027
0.451182
-3.19454
-2.64686
-0.177218
-0.620826
-1.14552
-1.65411
-1.71252
-1.16569
-1.34396
-2.91294
0
-1.05112
-2.17493
-1.84745
-1.24204
-2.33051
-2.1764
-2.74343
-1.67073
-2.52181
-2.48806
-1.1573
-3.2529
-0.640614
-1.89271
-2.52505
-2.04517
-2.38805
-1.01558
-1.14185
0.181147
-3.08166
-0.428816
-2.09724
-3.36487
-2.39252
-1.35165
-1.05112
0
-1.60882
-2.39277
-2.21635
-1.69461
-2.56653
-1.27164
-1.5127
-0.0680479
-1.88162
-2.18289
-1.07229
-1.39219
-3.67815
-1.17956
-2.74544
-2.44337
-2.09041
-2.5447
-1.2987
-0.854028
-3.15083
-2.20701
-1.38929
-3.22334
-1.66166
-2.17493
-1.60882
0
-2.77075
-2.23354
-2.73283
-5.15604
-1.75311
-3.52611
-1.46259
-2.25062
-3.09817
-1.88077
-0.198873
-2.19485
-1.33354
-1.78765
-1.38753
-0.706109
-0.721996
-2.92456
-3.71821
-2.41857
-2.07671
-3.12197
-3.31363
0.211212
-1.84745
-2.39277
-2.77075
0
-3.52425
-1.60957
-2.36591
-2.90672
-1.34977
-3.73025
-1.73129
-3.50098
-4.54492
-1.69636
-1.32194
-1.65893
-1.51276
-0.959029
-3.04266
-1.83837
-1.29602
-3.37436
-1.19128
-2.4892
-2.13498
-2.35404
-2.14348
-1.24204
-2.21635
-2.23354
-3.52425
0
-2.00315
-1.4526
-1.67372
-1.74693
-1.82182
-2.85467
-0.866579
-2.24528
-2.62081
-1.56899
-1.89181
-2.93489
-2.82563
-2.71005
-2.40943
-2.83493
-3.1556
-2.15372
-2.19358
-3.62347
-1.50322
-1.55292
-2.33051
-1.69461
-2.73283
-1.60957
-2.00315
0
-3.1442
-1.54032
-3.81512
-2.68309
-2.84591
-3.10174
-0.770904
-1.27964
-2.00681
-2.55742
-2.82676
-0.737185
-2.73282
-2.81332
-2.32004
-2.22456
0.415746
-1.32639
0.0904529
-1.7859
-1.59341
-2.1764
-2.56653
-5.15604
-2.36591
-1.4526
-3.1442
0
-2.51187
-2.04638
-1.39932
-1.31359
-1.57676
-0.529603
-1.08728
-3.42934
-3.13355
-0.890552
-1.79542
-2.25037
-1.30351
-1.2181
-1.99486
-2.0552
-2.68013
-1.29665
-1.57048
-0.751476
-2.74343
-1.27164
-1.75311
-2.90672
-1.67372
-1.54032
-2.51187
0
-1.44124
-1.3263
-1.71732
-0.322591
-2.52446
-1.67108
-2.54675
-2.45955
-2.26015
-0.254848
-1.66016
-0.642516
-2.28928
-2.60987
-2.11961
-2.56979
-1.93792
-1.75349
-2.01091
-1.67073
-1.5127
-3.52611
-1.34977
-1.74693
-3.81512
-2.04638
-1.44124
0
-1.94879
-3.76461
-1.54425
-2.93669
-2.16304
-3.94958
-2.7688
0.074773
-2.53463
-1.22931
-1.34581
-2.89116
-2.30165
-2.9126
-2.02477
-1.38601
-4.24718
-3.28969
-2.52181
-0.0680479
-1.46259
-3.73025
-1.82182
-2.68309
-1.39932
-1.3263
-1.94879
0
-0.406478
-1.29274
-2.30085
-2.8938
-2.46627
-1.37796
-0.136153
-2.44393
-1.73761
-2.2079
-2.43143
-2.683
-2.78541
-3.47798
-2.69962
-2.54091
-1.73772
-2.48806
-1.88162
-2.25062
-1.73129
-2.85467
-2.84591
-1.31359
-1.71732
-3.76461
-0.406478
0
-2.02617
-1.18522
-1.82107
-3.42049
-0.612205
-3.57243
-2.8895
-3.16298
-1.04732
-2.90737
-2.9541
-2.37562
-1.99209
-3.18546
-3.58334
-2.00875
-1.1573
-2.18289
-3.09817
-3.50098
-0.866579
-3.10174
-1.57676
-0.322591
-1.54425
-1.29274
-2.02617
0
-1.33869
-3.04814
-0.91778
-2.03967
-2.54897
-1.37461
-0.823903
-1.10071
-2.7714
-2.78136
-2.2102
-1.29061
-1.53589
-2.18156
-3.21184
-3.2529
-1.07229
-1.88077
-4.54492
-2.24528
-0.770904
-0.529603
-2.52446
-2.93669
-2.30085
-1.18522
-1.33869
0
