0
-2.03802
-2.60749
-4.2319
-3.01943
-2.98216
-1.29829
0.603279
-2.56465
-1.51176
-1.74444
-1.79882
-2.80855
-4.21919
-0.388995
-2.66149
-2.23961
-2.29958
-3.7107
-0.868042
-2.25189
-1.50676
-0.552045
-3.21117
-1.70321
-3.35233
-3.07703
-2.03802
0
-2.55345
-3.04332
-1.70147
-2.52378
-1.69221
-0.25984
-2.19204
-1.08204
-1.42545
-1.66384
-1.64137
-2.40575
-1.69957
-2.26595
-1.9295
-2.20482
-2.05223
-1.63188
-4.56383
-2.1249
-1.03153
-2.45508
-3.08886
-1.82583
-0.705822
-2.60749
-2.55345
0
-2.79491
-2.87639
-1.55078
-1.25606
-2.74633
-2.64209
-2.83847
-2.91273
-1.48283
-2.64775
-1.99293
-1.77445
-4.03973
-2.08474
-2.22543
-2.9033
-1.67864
-1.70403
0.0648709
-0.692557
-1.84777
-2.8201
-0.0313165
-2.03098
-4.2319
-3.04332
-2.79491
0
-2.13968
-3.70145
-1.80864
-3.45183
-2.87255
-1.28782
-0.655542
-1.74703
-3.50257
-1.58496
-2.69382
-1.49065
-1.73518
-4.50342
-3.10339
-2.79217
0.0835659
-1.86878
-1.72407
-1.98281
-1.73395
-2.66107
-1.67674
-3.01943
-1.70147
-2.87639
-2.13968
0
-2.83847
-2.24016
-2.68641
-2.72182
-2.09747
-0.193645
-2.14129
-2.92299
-1.53462
-1.70973
-0.857161
-2.45873
-3.64768
-0.0849108
-0.922934
-2.01351
-3.71609
-2.6927
-3.34122
-1.48729
-3.56764
-0.910144
-2.98216
-2.52378
-1.55078
-3.70145
-2.83847
0
-2.59385
-4.19801
-1.04296
-1.32087
-2.60193
-0.444851
-1.93788
-1.19457
-2.38907
-1.56545
-2.13279
-4.25829
-0.862015
-0.829676
-0.779117
-0.349384
-2.80934
-0.749688
-4.02206
-0.359463
-4.19786
-1.29829
-1.69221
-1.25606
-1.80864
-2.24016
-2.59385
0
-1.05477
-1.13311
-1.16459
-2.37978
-2.40818
-3.04221
-2.89432
-2.34607
0.463238
-2.63124
-1.18978
-1.67421
-1.01273
-0.51757
-1.37171
-1.74006
-3.3533
-1.88903
-1.41352
-0.885965
0.603279
-0.25984
-2.74633
-3.45183
-2.68641
-4.19801
-1.05477
0
-3.25548
-1.09591
-1.3482
-2.00296
-1.63959
-0.593501
-2.25623
-1.15971
-2.13166
-1.78498
-1.92372
-1.82403
-1.13549
-2.56624
-1.90719
-2.34139
-2.49401
-1.57569
-1.56284
-2.56465
-2.19204
-2.64209
-2.87255
-2.72182
-1.04296
-1.13311
-3.25548
0
-2.16753
-2.82995
-0.177989
-1.88653
-2.63271
-2.0867
-0.937888
-2.49022
-2.23052
-3.03571
0.0309305
-2.37886
-1.31216
-1.05989
-2.31985
-2.29473
-2.77255
-1.56116
-1.51176
-1.08204
-2.83847
-1.28782
-2.09747
-1.32087
-1.16459
-1.09591
-2.16753
0
-2.32399
-2.70867
-1.89136
-0.811691
-1.24322
-3.44036
-1.43193
-2.4622
-2.02692
-4.26088
-1.92568
-4.06778
-2.49166
-0.836055
-0.91993
-0.537798
-3.65623
-1.74444
-1.42545
-2.91273
-0.655542
-0.193645
-2.60193
-2.37978
-1.3482
-2.82995
-2.32399
0
-2.68698
-3.1672
-1.98304
-2.3909
-1.6365
-2.95766
0.521527
-0.365125
0.00887187
-4.62648
-1.90898
-1.89402
-1.81607
-2.69311
-2.3102
-1.87205
-1.79882
-1.66384
-1.48283
-1.74703
-2.14129
-0.444851
-2.40818
-2.00296
-0.177989
-2.70867
-2.68698
0
-3.4162
-3.45752
-2.35156
-0.862677
-3.55042
-2.69687
-1.69938
0.41844
-2.74652
-0.442367
-2.58852
-0.445182
0.155272
-1.97382
1.18848
-2.80855
-1.64137
-2.64775
-3.50257
-2.92299
-1.93788
-3.04221
-1.63959
-1.88653
-1.89136
-3.1672
-3.4162
0
-2.52221
-1.59279
-1.4003
0.436841
-0.496582
-0.837928
-0.912545
-3.21386
-2.44894
-3.15104
-3.20791
-3.32729
-3.09956
-2.39262
-4.21919
-2.40575
-1.99293
-1.58496
-1.53462
-1.19457
-2.89432
-0.593501
-2.63271
-0.811691
-1.98304
-3.45752
-2.52221
0
-2.13244
-2.10608
-1.51748
-2.85187
-1.98255
-0.0472644
-2.6874
-2.9024
-2.56671
-3.01884
-2.15004
-2.1674
-3.8489
-0.388995
-1.69957
-1.77445
-2.69382
-1.70973
-2.38907
-2.34607
-2.25623
-2.0867
-1.24322
-2.3909
-2.35156
-1.59279
-2.13244
0
-1.19352
-3.65469
-2.00195
-1.81079
-3.2088
-3.44142
-3.01362
-1.92157
-1.03185
-2.42882
-3.3786
-0.85121
-2.66149
-2.26595
-4.03973
-1.49065
-0.857161
-1.56545
0.463238
-1.15971
-0.937888
-3.44036
-1.6365
-0.862677
-1.4003
-2.10608
-1.19352
0
-1.32481
-1.6044
-2.16797
-1.27609
-3.22476
-3.95753
-2.88277
-3.43528
-2.23433
-2.87855
-2.77316
-2.23961
-1.9295
-2.08474
-1.73518
-2.45873
-2.13279
-2.63124
-2.13166
-2.49022
-1.43193
-2.95766
-3.55042
0.436841
-1.51748
-3.65469
-1.32481
0
-2.53791
-2.22202
-3.5869
-0.0965162
-1.38736
-2.04725
-2.50745
-2.39161
-2.28896
-2.91497
-2.29958
-2.20482
-2.22543
-4.50342
-3.64768
-4.25829
-1.18978
-1.78498
-2.23052
-2.4622
0.521527
-2.69687
-0.496582
-2.85187
-2.00195
-1.6044
-2.53791
0
-1.63113
-2.23426
-2.16081
-1.62659
-0.34051
-1.76469
-3.36123
-1.54015
-1.91239
-3.7107
-2.05223
-2.9033
-3.10339
-0.0849108
-0.862015
-1.67421
-1.92372
-3.03571
-2.02692
-0.365125
-1.69938
-0.837928
-1.98255
-1.81079
-2.16797
-2.22202
-1.63113
0
-0.326426
-1.63078
-0.911733
-1.78436
-2.94243
-2.43297
-1.90145
-0.999287
-0.868042
-1.63188
-1.67864
-2.79217
-0.922934
-0.829676
-1.01273
-1.82403
0.0309305
-4.26088
0.00887187
0.41844
-0.912545
-0.0472644
-3.2088
-1.27609
-3.5869
-2.23426
-0.326426
0
-2.59555
-3.46434
-0.683915
0.226304
0.283914
-1.69169
-1.71878
-2.25189
-4.56383
-1.70403
0.0835659
-2.01351
-0.779117
-0.51757
-1.13549
-2.37886
-1.92568
-4.62648
-2.74652
-3.21386
-2.6874
-3.44142
-3.22476
-0.0965162
-2.16081
-1.63078
-2.59555
0
-2.9225
-0.392912
-0.950893
-2.01794
-0.848258
-2.19883
-1.50676
-2.1249
0.0648709
-1.86878
-3.71609
-0.349384
-1.37171
-2.56624
-1.31216
-4.06778
-1.90898
-0.442367
-2.44894
-2.9024
-3.01362
-3.95753
-1.38736
-1.62659
-0.911733
-3.46434
-2.9225
0
-3.09352
-2.37283
-1.23854
-0.879452
-3.06923
-0.552045
-1.03153
-0.692557
-1.72407
-2.6927
-2.80934
-1.74006
-1.90719
-1.05989
-2.49166
-1.89402
-2.58852
-3.15104
-2.56671
-1.92157
-2.88277
-2.04725
-0.34051
-1.78436
-0.683915
-0.392912
-3.09352
0
-1.36854
-0.96094
-2.35201
-0.706897
-3.21117
-2.45508
-1.84777
-1.98281
-3.34122
-0.749688
-3.3533
-2.34139
-2.31985
-0.836055
-1.81607
-0.445182
-3.20791
-3.01884
-1.03185
-3.43528
-2.50745
-1.76469
-2.94243
0.226304
-0.950893
-2.37283
-1.36854
0
-0.577911
-2.85167
-2.22857
-1.70321
-3.08886
-2.8201
-1.73395
-1.48729
-4.02206
-1.88903
-2.49401
-2.29473
-0.91993
-2.69311
0.155272
-3.32729
-2.15004
-2.42882
-2.23433
-2.39161
-3.36123
-2.43297
0.283914
-2.01794
-1.23854
-0.96094
-0.577911
0
-1.91721
-2.01149
-3.35233
-1.82583
-0.0313165
-2.66107
-3.56764
-0.359463
-1.41352
-1.57569
-2.77255
-0.537798
-2.3102
-1.97382
-3.09956
-2.1674
-3.3786
-2.87855
-2.28896
-1.54015
-1.90145
-1.69169
-0.848258
-0.879452
-2.35201
-2.85167
-1.91721
0
-0.969019
-3.07703
-0.705822
-2.03098
-1.67674
-0.910144
-4.19786
-0.885965
-1.56284
-1.56116
-3.65623
-1.87205
1.18848
-2.39262
-3.8489
-0.85121
-2.77316
-2.91497
-1.91239
-0.999287
-1.71878
-2.19883
-3.06923
-0.706897
-2.22857
-2.01149
-0.969019
0
