0
-2.38017
-0.0212917
-2.10902
-2.55619
-3.31981
-1.449
-2.68865
-3.21015
0.312207
-3.55743
-2.39247
-0.368873
-1.66167
-3.10411
-2.67077
-1.87002
-2.534
-0.993962
-0.406901
-0.931411
-1.59351
-3.38754
-3.17657
-2.34956
-3.32878
-0.91933
-2.38017
0
-0.487113
-1.55411
-0.213447
-2.0374
-4.37992
-1.34329
-3.83947
-4.71044
-1.67831
-3.81535
0.252049
-2.29233
-1.40956
-2.1634
-3.03772
-3.04937
-2.48836
-1.3487
-1.86146
-1.53401
-2.40182
-2.29434
-1.27756
-1.61103
-1.68271
-0.0212917
-0.487113
0
-2.92394
-0.934747
-2.88515
-0.10203
-1.35687
-0.777028
-1.84133
-1.72605
-0.882399
-4.49213
-0.985852
-3.22162
-4.51888
-2.36637
-0.885731
-2.67949
-2.38405
-1.98224
-2.92065
-0.588628
-2.2572
0.548203
-3.87704
-1.99689
-2.10902
-1.55411
-2.92394
0
-3.98741
-2.10608
-2.53043
-3.31333
-2.26136
-0.969342
-2.2404
-3.15441
-1.97761
-1.73935
-4.00811
-3.31567
-1.53292
-3.23135
-2.54681
-1.67925
-1.94465
-3.60605
-0.549201
-1.82096
-1.74414
-1.27105
-2.25834
-2.55619
-0.213447
-0.934747
-3.98741
0
-1.77732
-2.4816
-0.889417
-2.63881
-3.38531
-1.56011
-2.17218
-2.3917
-3.09313
-0.940592
-2.6825
-2.87675
-1.6469
-2.53343
-1.1067
-2.85223
-3.67834
-2.56352
-3.52863
-1.98845
-1.32256
-0.614597
-3.31981
-2.0374
-2.88515
-2.10608
-1.77732
0
-2.04438
-2.87905
-2.23269
-1.90598
-3.35745
-1.11183
0.282727
-0.718173
-3.61246
-1.57959
-2.14008
-2.68278
-1.01535
-3.35691
-1.55001
-2.78318
-2.60634
-1.61082
-1.8756
-3.37067
-2.21924
-1.449
-4.37992
-0.10203
-2.53043
-2.4816
-2.04438
0
-1.75016
-4.05579
-2.82611
-0.54699
0.00232573
-1.72661
-2.19943
-3.58647
-2.13698
-2.13167
-1.48061
-3.2134
-1.47895
-2.70636
-3.20714
-1.68871
-2.71394
-0.667558
-2.53795
-2.10872
-2.68865
-1.34329
-1.35687
-3.31333
-0.889417
-2.87905
-1.75016
0
-1.90213
-1.62749
-2.99748
-0.97779
-1.11183
-3.09704
-1.45573
-1.73989
-0.585768
-1.80878
-2.58824
-2.09733
-0.8845
-1.89543
-1.54038
-1.84315
-2.46969
-1.24029
-3.52378
-3.21015
-3.83947
-0.777028
-2.26136
-2.63881
-2.23269
-4.05579
-1.90213
0
-2.36832
-1.3058
-1.91815
-3.44463
-1.94016
-2.96098
-1.16775
-3.20643
-0.834909
-2.20998
-2.62191
-2.52009
-4.20996
-2.71558
-2.40502
-0.173324
0.496766
-3.04294
0.312207
-4.71044
-1.84133
-0.969342
-3.38531
-1.90598
-2.82611
-1.62749
-2.36832
0
-1.1122
-2.6986
-2.73358
-0.301344
-2.25751
-1.49394
-1.36058
-2.35779
-3.44563
-2.69705
-3.56124
-2.02727
-0.794588
-2.1404
-3.14783
-1.34775
-0.778039
-3.55743
-1.67831
-1.72605
-2.2404
-1.56011
-3.35745
-0.54699
-2.99748
-1.3058
-1.1122
0
-0.550137
-2.75954
-2.50055
-1.2254
-1.10827
-1.89089
-1.65558
-3.52531
-1.74212
-3.42063
-2.77014
-2.62512
-2.26915
-1.89945
-0.559321
-1.6623
-2.39247
-3.81535
-0.882399
-3.15441
-2.17218
-1.11183
0.00232573
-0.97779
-1.91815
-2.6986
-0.550137
0
-1.38566
-2.96361
-1.97574
-1.35344
-2.55422
-2.99972
-0.370338
-1.3456
-2.06413
-1.21648
-1.48965
-2.18213
-2.41805
-2.44216
-3.72546
-0.368873
0.252049
-4.49213
-1.97761
-2.3917
0.282727
-1.72661
-1.11183
-3.44463
-2.73358
-2.75954
-1.38566
0
-2.91993
-1.99454
-1.06149
-2.02272
-2.32588
-0.783877
-4.20082
-2.10199
-2.45263
-3.33568
-0.995605
-2.23226
-1.39517
-2.00171
-1.66167
-2.29233
-0.985852
-1.73935
-3.09313
-0.718173
-2.19943
-3.09704
-1.94016
-0.301344
-2.50055
-2.96361
-2.91993
0
-2.18354
0.324878
0.644491
-2.89273
-2.98562
-2.18313
-1.9711
-4.69667
-1.93663
-3.74264
-3.84396
-2.43613
-0.330498
-3.10411
-1.40956
-3.22162
-4.00811
-0.940592
-3.61246
-3.58647
-1.45573
-2.96098
-2.25751
-1.2254
-1.97574
-1.99454
-2.18354
0
-1.49125
-2.66734
-2.72162
-1.87415
-0.201504
-0.0358697
-2.47193
-0.761372
-1.13466
-2.22596
-2.29857
-2.92215
-2.67077
-2.1634
-4.51888
-3.31567
-2.6825
-1.57959
-2.13698
-1.73989
-1.16775
-1.49394
-1.10827
-1.35344
-1.06149
0.324878
-1.49125
0
-3.03534
0.00716385
-2.26793
-4.72368
-2.28503
-1.09947
-1.893
-1.34913
-2.28637
-0.743055
-2.33857
-1.87002
-3.03772
-2.36637
-1.53292
-2.87675
-2.14008
-2.13167
-0.585768
-3.20643
-1.36058
-1.89089
-2.55422
-2.02272
0.644491
-2.66734
-3.03534
0
-2.44474
-1.17549
-1.15666
-2.57954
-1.45377
-0.973506
-1.03206
-1.34979
-2.35195
-1.8432
-2.534
-3.04937
-0.885731
-3.23135
-1.6469
-2.68278
-1.48061
-1.80878
-0.834909
-2.35779
-1.65558
-2.99972
-2.32588
-2.89273
-2.72162
0.00716385
-2.44474
0
-2.15151
-2.64467
-1.93671
-3.64173
-1.67363
-0.868158
-3.40957
-0.746686
-2.34579
-0.993962
-2.48836
-2.67949
-2.54681
-2.53343
-1.01535
-3.2134
-2.58824
-2.20998
-3.44563
-3.52531
-0.370338
-0.783877
-2.98562
-1.87415
-2.26793
-1.17549
-2.15151
0
-2.24989
0.130709
-1.44666
-1.08739
-1.76591
-1.89299
-2.90284
-2.02473
-0.406901
-1.3487
-2.38405
-1.67925
-1.1067
-3.35691
-1.47895
-2.09733
-2.62191
-2.69705
-1.74212
-1.3456
-4.20082
-2.18313
-0.201504
-4.72368
-1.15666
-2.64467
-2.24989
0
-1.86622
-0.432101
-5.1644
-1.72933
-0.830218
-0.949719
-2.87016
-0.931411
-1.86146
-1.98224
-1.94465
-2.85223
-1.55001
-2.70636
-0.8845
-2.52009
-3.56124
-3.42063
-2.06413
-2.10199
-1.9711
-0.0358697
-2.28503
-2.57954
-1.93671
0.130709
-1.86622
0
-1.72154
-1.33197
-1.5736
-1.28539
-2.70713
-2.16473
-1.59351
-1.53401
-2.92065
-3.60605
-3.67834
-2.78318
-3.20714
-1.89543
-4.20996
-2.02727
-2.77014
-1.21648
-2.45263
-4.69667
-2.47193
-1.09947
-1.45377
-3.64173
-1.44666
-0.432101
-1.72154
0
-1.27465
-3.12207
-0.0622052
-1.85048
-3.93334
-3.38754
-2.40182
-0.588628
-0.549201
-2.56352
-2.60634
-1.68871
-1.54038
-2.71558
-0.794588
-2.62512
-1.48965
-3.33568
-1.93663
-0.761372
-1.893
-0.973506
-1.67363
-1.08739
-5.1644
-1.33197
-1.27465
0
-1.41188
-1.73963
-3.03705
-2.68358
-3.17657
-2.29434
-2.2572
-1.82096
-3.52863
-1.61082
-2.71394
-1.84315
-2.40502
-2.1404
-2.26915
-2.18213
-0.995605
-3.74264
-1.13466
-1.34913
-1.03206
-0.868158
-1.76591
-1.72933
-1.5736
-3.12207
-1.41188
0
-2.2961
-3.03041
-2.34677
-2.34956
-1.27756
0.548203
-1.74414
-1.98845
-1.8756
-0.667558
-2.46969
-0.173324
-3.14783
-1.89945
-2.41805
-2.23226
-3.84396
-2.22596
-2.28637
-1.34979
-3.40957
-1.89299
-0.830218
-1.28539
-0.0622052
-1.73963
-2.2961
0
-0.664974
-0.899647
-3.32878
-1.61103
-3.87704
-1.27105
-1.32256
-3.37067
-2.53795
-1.24029
0.496766
-1.34775
-0.559321
-2.44216
-1.39517
-2.43613
-2.29857
-0.743055
-2.35195
-0.746686
-2.90284
-0.949719
-2.70713
-1.85048
-3.03705
-3.03041
-0.664974
0
-2.27887
-0.91933
-1.68271
-1.99689
-2.25834
-0.614597
-2.21924
-2.10872
-3.52378
-3.04294
-0.778039
-1.6623
-3.72546
-2.00171
-0.330498
-2.92215
-2.33857
-1.8432
-2.34579
-2.02473
-2.87016
-2.16473
-3.93334
-2.68358
-2.34677
-0.899647
-2.27887
0
