0
-0.665131
-3.11532
-1.92344
-3.21894
-1.76111
-3.72509
-3.72648
-3.56538
-2.57176
-2.06035
-1.98386
-1.18564
-2.4904
-3.13518
-3.82543
-1.68892
-1.87986
-1.44282
-2.79155
-2.14283
-1.02804
-1.44524
-1.04693
-3.36322
-2.75624
-0.601244
-0.665131
0
-3.05273
-1.5289
-1.37458
-0.503579
-2.8691
-2.56249
-0.610126
-2.90126
-3.00291
-0.979749
-1.25442
-1.35842
-1.55441
-1.35809
-2.352
-1.57841
-4.52374
-1.8985
-1.73628
-2.81857
-1.90277
-1.12653
-0.949032
-2.34992
-0.168562
-3.11532
-3.05273
0
-0.498177
-2.39936
-3.41419
-0.745858
-2.03279
-1.65544
-1.32035
-3.23301
-3.4658
-2.1918
0.403453
-3.03693
0.555901
-1.13383
-2.4294
-0.994038
-0.798476
-1.1407
-2.66648
-3.09885
-0.270705
-1.56528
-1.23833
-1.09024
-1.92344
-1.5289
-0.498177
0
-2.20181
-2.28225
-1.31526
-2.52265
-1.98661
-2.81017
-1.65999
-2.90294
-3.75338
-2.96879
-1.05603
-2.55641
-0.4977
-2.95124
-1.7485
-1.52761
-2.26511
-1.6782
0.274389
-2.84165
-2.16569
-1.79752
-2.95057
-3.21894
-1.37458
-2.39936
-2.20181
0
-0.424541
-0.710161
0.0398327
-1.39473
-1.92048
-2.46568
-1.50765
-3.31798
-3.41236
-1.33842
-2.81392
-2.64198
-3.53529
-3.02613
-2.88793
-2.25722
-2.95031
-1.96782
-2.31303
-1.98069
-0.227248
-0.691187
-1.76111
-0.503579
-3.41419
-2.28225
-0.424541
0
-1.53979
-0.626125
-1.85957
-1.10115
-3.55344
-2.0749
-0.877388
-3.46223
-2.00356
-0.646316
-1.93151
-1.39159
-1.81609
-2.14415
-2.58107
-0.555026
-0.970083
-0.926173
-0.218984
-1.04185
-3.0225
-3.72509
-2.8691
-0.745858
-1.31526
-0.710161
-1.53979
0
-2.0176
-1.92846
-1.73966
-4.38976
-1.24568
-3.87168
-2.35972
-1.42503
-1.79173
-0.618746
-3.21751
0.411194
-0.942821
-1.56892
-1.11686
-2.93313
-0.834879
-2.54383
-2.6463
-3.04747
-3.72648
-2.56249
-2.03279
-2.52265
0.0398327
-0.626125
-2.0176
0
-1.35994
-2.6609
-3.86673
-0.423094
-1.30715
-1.43199
-1.48178
-1.72971
-1.7079
-1.89557
1.31439
-2.23718
-2.05094
-0.946953
-1.74148
-2.10937
-3.01677
-1.05049
-2.11167
-3.56538
-0.610126
-1.65544
-1.98661
-1.39473
-1.85957
-1.92846
-1.35994
0
-1.69964
-1.50486
-2.37263
-2.87956
-0.744131
-3.71219
0.227271
-3.00585
-2.68565
-3.54116
-1.37319
-1.80959
-1.25888
-1.95432
-1.85618
-0.99464
-2.00235
-2.85797
-2.57176
-2.90126
-1.32035
-2.81017
-1.92048
-1.10115
-1.73966
-2.6609
-1.69964
0
-2.14534
-3.89042
-1.09512
-2.38508
-2.69963
-2.53847
-1.98364
-2.47198
-3.55942
-4.15332
-2.23891
-2.36059
-1.83627
-2.15353
-1.19196
-3.8781
-5.0232
-2.06035
-3.00291
-3.23301
-1.65999
-2.46568
-3.55344
-4.38976
-3.86673
-1.50486
-2.14534
0
-3.96139
-1.71821
-2.4079
-2.09459
-2.30897
-1.3367
-2.93449
-3.08953
-2.89498
-1.62
-2.27231
-2.83358
-1.55917
-1.62208
-3.39806
-2.20223
-1.98386
-0.979749
-3.4658
-2.90294
-1.50765
-2.0749
-1.24568
-0.423094
-2.37263
-3.89042
-3.96139
0
-2.30119
-3.6275
-0.861097
-1.96024
-1.11091
-2.92798
-1.61559
-2.38964
-1.64412
-4.44611
-1.64962
-2.1253
-2.46893
-1.82206
-1.7098
-1.18564
-1.25442
-2.1918
-3.75338
-3.31798
-0.877388
-3.87168
-1.30715
-2.87956
-1.09512
-1.71821
-2.30119
0
-0.742303
-2.52103
-0.685012
-1.75056
-2.17545
-1.39374
-2.38024
-2.55073
-1.37644
-0.637633
0.426861
-0.823017
-1.73212
-1.82472
-2.4904
-1.35842
0.403453
-2.96879
-3.41236
-3.46223
-2.35972
-1.43199
-0.744131
-2.38508
-2.4079
-3.6275
-0.742303
0
-1.47826
-2.10387
-3.49079
-1.34302
-3.07696
-4.36177
-3.89988
-2.42748
-1.99307
-1.30341
-0.177029
-2.83347
-0.946195
-3.13518
-1.55441
-3.03693
-1.05603
-1.33842
-2.00356
-1.42503
-1.48178
-3.71219
-2.69963
-2.09459
-0.861097
-2.52103
-1.47826
0
-0.286968
-2.28326
-2.65862
-2.55567
-4.43709
-2.70979
-0.642359
-2.43423
-1.72288
-3.61795
-2.08026
-1.71619
-3.82543
-1.35809
0.555901
-2.55641
-2.81392
-0.646316
-1.79173
-1.72971
0.227271
-2.53847
-2.30897
-1.96024
-0.685012
-2.10387
-0.286968
0
-3.13056
-1.25954
-1.90096
-3.0027
-3.14779
-2.51511
-1.73969
-1.76171
-1.3447
-4.13668
-3.10323
-1.68892
-2.352
-1.13383
-0.4977
-2.64198
-1.93151
-0.618746
-1.7079
-3.00585
-1.98364
-1.3367
-1.11091
-1.75056
-3.49079
-2.28326
-3.13056
0
-1.20015
-0.304277
-1.49137
-1.28036
-1.59882
-1.80948
-1.74336
-2.10068
-0.543132
-2.93196
-1.87986
-1.57841
-2.4294
-2.95124
-3.53529
-1.39159
-3.21751
-1.89557
-2.68565
-2.47198
-2.93449
-2.92798
-2.17545
-1.34302
-2.65862
-1.25954
-1.20015
0
-2.1354
-1.54828
-2.18666
-2.25028
-2.23375
-0.770835
-1.26853
-2.34683
-1.91566
-1.44282
-4.52374
-0.994038
-1.7485
-3.02613
-1.81609
0.411194
1.31439
-3.54116
-3.55942
-3.08953
-1.61559
-1.39374
-3.07696
-2.55567
-1.90096
-0.304277
-2.1354
0
-2.7729
-1.40878
-0.808547
-1.72084
-1.73082
-0.964276
-2.86727
-1.40558
-2.79155
-1.8985
-0.798476
-1.52761
-2.88793
-2.14415
-0.942821
-2.23718
-1.37319
-4.15332
-2.89498
-2.38964
-2.38024
-4.36177
-4.43709
-3.0027
-1.49137
-1.54828
-2.7729
0
-0.155504
-1.61829
-2.10159
-3.68729
-1.85411
-2.10114
-0.45717
-2.14283
-1.73628
-1.1407
-2.26511
-2.25722
-2.58107
-1.56892
-2.05094
-1.80959
-2.23891
-1.62
-1.64412
-2.55073
-3.89988
-2.70979
-3.14779
-1.28036
-2.18666
-1.40878
-0.155504
0
-2.18685
-1.85762
-2.93558
-1.42747
-1.76508
-1.23071
-1.02804
-2.81857
-2.66648
-1.6782
-2.95031
-0.555026
-1.11686
-0.946953
-1.25888
-2.36059
-2.27231
-4.44611
-1.37644
-2.42748
-0.642359
-2.51511
-1.59882
-2.25028
-0.808547
-1.61829
-2.18685
0
-1.00673
-2.42497
-1.26203
-2.73959
-2.72379
-1.44524
-1.90277
-3.09885
0.274389
-1.96782
-0.970083
-2.93313
-1.74148
-1.95432
-1.83627
-2.83358
-1.64962
-0.637633
-1.99307
-2.43423
-1.73969
-1.80948
-2.23375
-1.72084
-2.10159
-1.85762
-1.00673
0
-1.55219
-0.367984
-3.07536
-1.32963
-1.04693
-1.12653
-0.270705
-2.84165
-2.31303
-0.926173
-0.834879
-2.10937
-1.85618
-2.15353
-1.55917
-2.1253
0.426861
-1.30341
-1.72288
-1.76171
-1.74336
-0.770835
-1.73082
-3.68729
-2.93558
-2.42497
-1.55219
0
-3.97945
-1.46845
-4.0644
-3.36322
-0.949032
-1.56528
-2.16569
-1.98069
-0.218984
-2.54383
-3.01677
-0.99464
-1.19196
-1.62208
-2.46893
-0.823017
-0.177029
-3.61795
-1.3447
-2.10068
-1.26853
-0.964276
-1.85411
-1.42747
-1.26203
-0.367984
-3.97945
0
-1.72143
-1.42316
-2.75624
-2.34992
-1.23833
-1.79752
-0.227248
-1.04185
-2.6463
-1.05049
-2.00235
-3.8781
-3.39806
-1.82206
-1.73212
-2.83347
-2.08026
-4.13668
-0.543132
-2.34683
-2.86727
-2.10114
-1.76508
-2.73959
-3.07536
-1.46845
-1.72143
0
-2.51179
-0.601244
-0.168562
-1.09024
-2.95057
-0.691187
-3.0225
-3.04747
-2.11167
-2.85797
-5.0232
-2.20223
-1.7098
-1.82472
-0.946195
-1.71619
-3.10323
-2.93196
-1.91566
-1.40558
-0.45717
-1.23071
-2.72379
-1.32963
-4.0644
-1.42316
-2.51179
0
