0
-0.0502189
-1.60001
-2.48258
-3.52518
-3.06245
-0.464953
-0.726118
-1.77381
-2.07599
-0.57265
-1.92902
-2.05707
-1.82939
-1.8381
-3.21089
-2.06373
-3.70433
-2.34022
-2.98977
-2.67073
-1.9789
-3.34727
-2.27393
-3.11089
-2.11222
-1.40261
-0.0502189
0
-2.82814
-2.05322
-2.61465
-2.90418
-2.74603
-3.05382
-2.62179
-2.24315
-1.15108
-2.57067
-2.35814
-2.957
-2.62767
-1.23642
-0.788062
-3.21527
0.159173
-1.76158
-1.93811
-0.551721
-2.16617
-1.13849
-0.913698
-1.02588
-2.92326
-1.60001
-2.82814
0
0.101987
-1.9865
-2.58811
-1.66862
-3.10963
-2.93988
-3.65819
-1.89849
-1.95193
-1.98629
-1.67533
-1.00453
-1.29459
-2.94416
-1.09327
-1.74821
-3.85725
-1.63866
-2.04476
-2.13571
-0.556076
-0.889971
-2.26464
-3.66241
-2.48258
-2.05322
0.101987
0
-0.399976
-2.71123
-0.672764
-2.19782
-1.61461
-2.04704
-0.347192
-3.72942
-2.82681
-2.91722
-1.82234
-2.71486
-1.32487
-0.989891
-2.43487
-1.3653
-0.812047
-2.60241
-2.51186
-2.43669
-0.0408165
-1.36731
-2.17095
-3.52518
-2.61465
-1.9865
-0.399976
0
-2.03166
-4.12599
-1.07997
-0.881226
-2.48188
-2.07792
-2.8154
-2.26892
-1.71939
-0.845563
-2.05509
-1.96839
-2.714
-1.44907
-0.932963
-2.10522
-1.92161
-0.236977
-0.980755
-3.7109
-2.42972
-3.80344
-3.06245
-2.90418
-2.58811
-2.71123
-2.03166
0
-2.35169
-1.03471
-1.63197
-2.31093
0.120302
-1.71939
-2.39388
-2.24907
-2.72537
-1.90008
-1.63481
-3.33579
-2.60247
-2.24989
-2.32337
-1.59239
-2.8011
-1.4487
-2.92961
0.630199
-1.89602
-0.464953
-2.74603
-1.66862
-0.672764
-4.12599
-2.35169
0
0.440696
-1.26089
-0.76674
-2.04676
-3.0596
-3.59036
-2.43612
-1.62091
-2.994
-1.35529
-2.79914
-2.82598
-3.29093
-2.51769
-1.67641
-2.13626
-2.83563
-1.41433
-0.674274
-2.66224
-0.726118
-3.05382
-3.10963
-2.19782
-1.07997
-1.03471
0.440696
0
-2.60927
-1.35086
-2.04528
-2.31771
-1.85048
-1.68612
0.059212
-3.60677
-4.06122
-3.06824
-1.6067
-2.93138
-3.45702
-2.78266
-0.290898
-3.00403
-1.49961
-2.9171
-0.210165
-1.77381
-2.62179
-2.93988
-1.61461
-0.881226
-1.63197
-1.26089
-2.60927
0
-2.08288
-2.43172
-3.01412
-0.846625
-2.61692
-3.16871
-3.60135
-1.13625
-2.42189
-1.42616
-0.279804
-0.699522
-1.15314
-3.39974
-2.36707
0.0791944
-2.46127
-1.36494
-2.07599
-2.24315
-3.65819
-2.04704
-2.48188
-2.31093
-0.76674
-1.35086
-2.08288
0
-3.72279
-0.913155
-1.89612
-3.79896
-3.00015
-2.58688
-2.50184
-2.06252
-2.39345
-2.29517
-3.12255
-3.04545
-0.456586
-3.70959
0.315528
-2.91609
-1.3242
-0.57265
-1.15108
-1.89849
-0.347192
-2.07792
0.120302
-2.04676
-2.04528
-2.43172
-3.72279
0
-1.26991
-2.06576
-3.89824
-3.52809
-0.975281
-2.4842
-2.49306
-3.2703
-0.0147472
-1.06349
-1.94859
-3.5298
-2.93139
-0.786139
-3.35099
-0.125217
-1.92902
-2.57067
-1.95193
-3.72942
-2.8154
-1.71939
-3.0596
-2.31771
-3.01412
-0.913155
-1.26991
0
-2.83947
-2.24952
-2.00001
-1.77222
-1.32169
-4.20144
-3.06087
-1.2397
-2.67181
-1.96756
-1.43349
-3.11287
-2.89999
-1.90471
-1.46285
-2.05707
-2.35814
-1.98629
-2.82681
-2.26892
-2.39388
-3.59036
-1.85048
-0.846625
-1.89612
-2.06576
-2.83947
0
-2.43327
-1.27558
-1.13447
-0.819476
-2.43716
-2.02043
-3.04914
-2.99386
-2.39555
-2.33151
-1.27295
-3.10734
-1.97859
-1.59189
-1.82939
-2.957
-1.67533
-2.91722
-1.71939
-2.24907
-2.43612
-1.68612
-2.61692
-3.79896
-3.89824
-2.24952
-2.43327
0
-3.29669
-0.3338
-1.74516
-3.46326
-1.33434
-2.00793
-2.0115
-2.4348
-2.52331
-2.32937
-4.02513
-3.10373
-2.32904
-1.8381
-2.62767
-1.00453
-1.82234
-0.845563
-2.72537
-1.62091
0.059212
-3.16871
-3.00015
-3.52809
-2.00001
-1.27558
-3.29669
0
-2.03679
-3.15003
-2.84534
-2.33319
-2.76077
-1.54005
-2.44385
-2.84013
0.260019
-2.87961
0.0496594
-2.11884
-3.21089
-1.23642
-1.29459
-2.71486
-2.05509
-1.90008
-2.994
-3.60677
-3.60135
-2.58688
-0.975281
-1.77222
-1.13447
-0.3338
-2.03679
0
-2.58071
-1.24061
-1.09697
-2.77505
-1.06131
-1.14366
-4.00309
-0.556789
-0.975294
-1.49108
-0.823567
-2.06373
-0.788062
-2.94416
-1.32487
-1.96839
-1.63481
-1.35529
-4.06122
-1.13625
-2.50184
-2.4842
-1.32169
-0.819476
-1.74516
-3.15003
-2.58071
0
-1.80794
-1.47998
-1.42776
-3.60553
-1.38044
-0.273922
-2.52632
-3.44837
-3.38192
-2.6573
-3.70433
-3.21527
-1.09327
-0.989891
-2.714
-3.33579
-2.79914
-3.06824
-2.42189
-2.06252
-2.49306
-4.20144
-2.43716
-3.46326
-2.84534
-1.24061
-1.80794
0
-1.65735
-1.28581
-2.43542
-1.42072
-1.63207
-1.97255
-3.96738
-0.642335
-1.92218
-2.34022
0.159173
-1.74821
-2.43487
-1.44907
-2.60247
-2.82598
-1.6067
-1.42616
-2.39345
-3.2703
-3.06087
-2.02043
-1.33434
-2.33319
-1.09697
-1.47998
-1.65735
0
-2.18285
-3.62131
-2.03739
-2.31803
-0.824806
-2.7476
-0.470334
-1.76085
-2.98977
-1.76158
-3.85725
-1.3653
-0.932963
-2.24989
-3.29093
-2.93138
-0.279804
-2.29517
-0.0147472
-1.2397
-3.04914
-2.00793
-2.76077
-2.77505
-1.42776
-1.28581
-2.18285
0
-0.336367
-0.316474
-2.90037
-1.62746
-3.14334
-1.38237
-1.41177
-2.67073
-1.93811
-1.63866
-0.812047
-2.10522
-2.32337
-2.51769
-3.45702
-0.699522
-3.12255
-1.06349
-2.67181
-2.99386
-2.0115
-1.54005
-1.06131
-3.60553
-2.43542
-3.62131
-0.336367
0
-3.69826
-4.31606
-2.0038
-3.7104
-2.43136
-0.735161
-1.9789
-0.551721
-2.04476
-2.60241
-1.92161
-1.59239
-1.67641
-2.78266
-1.15314
-3.04545
-1.94859
-1.96756
-2.39555
-2.4348
-2.44385
-1.14366
-1.38044
-1.42072
-2.03739
-0.316474
-3.69826
0
-1.71528
-2.36108
-1.71049
-1.65809
-2.52707
-3.34727
-2.16617
-2.13571
-2.51186
-0.236977
-2.8011
-2.13626
-0.290898
-3.39974
-0.456586
-3.5298
-1.43349
-2.33151
-2.52331
-2.84013
-4.00309
-0.273922
-1.63207
-2.31803
-2.90037
-4.31606
-1.71528
0
-2.30998
-1.82329
-2.67151
-4.67347
-2.27393
-1.13849
-0.556076
-2.43669
-0.980755
-1.4487
-2.83563
-3.00403
-2.36707
-3.70959
-2.93139
-3.11287
-1.27295
-2.32937
0.260019
-0.556789
-2.52632
-1.97255
-0.824806
-1.62746
-2.0038
-2.36108
-2.30998
0
-1.21004
-3.29084
-1.62958
-3.11089
-0.913698
-0.889971
-0.0408165
-3.7109
-2.92961
-1.41433
-1.49961
0.0791944
0.315528
-0.786139
-2.89999
-3.10734
-4.02513
-2.87961
-0.975294
-3.44837
-3.96738
-2.7476
-3.14334
-3.7104
-1.71049
-1.82329
-1.21004
0
-2.09525
-2.59066
-2.11222
-1.02588
-2.26464
-1.36731
-2.42972
0.630199
-0.674274
-2.9171
-2.46127
-2.91609
-3.35099
-1.90471
-1.97859
-3.10373
0.0496594
-1.49108
-3.38192
-0.642335
-0.470334
-1.38237
-2.43136
-1.65809
-2.67151
-3.29084
-2.09525
0
-2.44756
-1.40261
-2.92326
-3.66241
-2.17095
-3.80344
-1.89602
-2.66224
-0.210165
-1.36494
-1.3242
-0.125217
-1.46285
-1.59189
-2.32904
-2.11884
-0.823567
-2.6573
-1.92218
-1.76085
-1.41177
-0.735161
-2.52707
-4.67347
-1.62958
-2.59066
-2.44756
0
