0
-3.64659
0.117546
-2.35198
-2.13729
-1.60095
-1.38539
-0.339002
-2.94627
-3.15397
-2.59199
-3.73337
-1.71459
-1.25107
-1.76279
-1.32238
-0.93188
-3.0172
-2.68582
-0.546018
-1.09772
-0.896074
-1.1736
-2.73571
-2.77005
-1.06996
-1.01074
-3.64659
0
-3.38508
-1.55375
-3.35498
-2.87551
-3.4857
-4.25843
-2.35544
-2.96515
-2.39916
-1.63984
-0.254988
-2.01548
-1.87837
-0.0149788
-1.23115
-0.962043
-1.42787
-1.05468
-1.91262
-0.512889
-0.747193
-2.58063
-0.383373
-2.42992
-2.66584
0.117546
-3.38508
0
-0.0612187
-3.70074
-3.76694
0.205031
-0.389317
-0.781716
-1.36895
-1.14633
-1.15538
-1.9521
-2.40524
-3.29925
-3.86437
-1.60636
-0.827495
-2.21498
-0.744711
-3.65019
-1.47329
-1.41332
-0.505141
-0.98576
-1.17739
-2.98983
-2.35198
-1.55375
-0.0612187
0
-1.44524
-1.10291
-1.16425
-4.12997
-3.11787
-1.40383
-2.91103
-0.716123
-3.43947
-2.76045
-0.483884
-3.91264
-2.80831
-2.58451
-0.994218
-1.55177
-2.12391
-3.26053
-1.26399
0.243756
-2.31167
-1.37133
-2.54967
-2.13729
-3.35498
-3.70074
-1.44524
0
-3.68328
-2.03643
-0.722099
-1.13666
-2.16609
-2.64407
-4.27112
-2.94905
-2.19516
-1.59888
-1.94358
-3.58922
-2.49218
-2.07327
-2.84194
0.227931
-1.42118
-2.95951
-0.764362
-1.9151
-1.90071
-0.940481
-1.60095
-2.87551
-3.76694
-1.10291
-3.68328
0
-0.648328
-1.44147
0.28089
-1.89949
-2.409
-2.09204
-1.60885
-0.454264
0.297579
-2.83266
-1.98232
-2.81238
-4.36334
-2.08156
-1.26332
-2.58374
-2.3167
-3.23884
-1.55272
-0.168983
-2.2716
-1.38539
-3.4857
0.205031
-1.16425
-2.03643
-0.648328
0
-2.56255
-0.997266
-3.7446
-1.26855
-3.48703
-3.0296
-1.61136
-1.63347
-4.35088
-1.25728
-1.43374
-1.25087
-1.09057
-3.78517
-0.41058
-2.16079
-1.68478
-2.26009
-2.56814
-1.49973
-0.339002
-4.25843
-0.389317
-4.12997
-0.722099
-1.44147
-2.56255
0
-1.47008
-0.886651
-1.32174
-0.179256
-1.62061
-1.85728
-0.85355
-3.74805
-1.1663
-1.76009
0.440429
-2.28159
-1.74543
-2.50697
-2.27503
-3.01973
-0.899547
-3.17282
0.45252
-2.94627
-2.35544
-0.781716
-3.11787
-1.13666
0.28089
-0.997266
-1.47008
0
-1.53545
-1.73197
-1.21257
-2.04901
-4.50729
-1.75144
-0.987593
-3.50849
-2.33328
-3.00541
-3.87174
0.254056
-3.36553
-2.47918
-1.36649
-1.96564
-2.50788
-1.76419
-3.15397
-2.96515
-1.36895
-1.40383
-2.16609
-1.89949
-3.7446
-0.886651
-1.53545
0
-1.0663
-0.0667768
-1.24021
-1.05194
-2.05136
-2.92665
-0.982994
-0.520632
-1.82768
-2.05812
-0.21407
-3.30816
-2.84845
-1.64255
-1.60621
-1.56951
0.262355
-2.59199
-2.39916
-1.14633
-2.91103
-2.64407
-2.409
-1.26855
-1.32174
-1.73197
-1.0663
0
-2.2169
-1.80318
-1.20782
-2.65705
-1.26315
-0.912335
-1.10149
-1.84801
-0.633613
-1.45828
-1.46232
-2.56914
-0.783136
-1.5882
-1.67396
-0.764921
-3.73337
-1.63984
-1.15538
-0.716123
-4.27112
-2.09204
-3.48703
-0.179256
-1.21257
-0.0667768
-2.2169
0
-3.13199
-2.3002
-1.68174
-1.95656
-3.78199
-1.73375
-1.74995
-1.57191
-2.61327
-1.35561
-1.59337
-3.19755
-0.812626
-2.16965
-0.578332
-1.71459
-0.254988
-1.9521
-3.43947
-2.94905
-1.60885
-3.0296
-1.62061
-2.04901
-1.24021
-1.80318
-3.13199
0
-1.47592
-2.41147
-1.60963
-1.12921
-3.36024
-1.09008
-0.809666
-1.64872
-2.44604
-0.166039
-3.00288
-0.785299
-1.92997
-1.67599
-1.25107
-2.01548
-2.40524
-2.76045
-2.19516
-0.454264
-1.61136
-1.85728
-4.50729
-1.05194
-1.20782
-2.3002
-1.47592
0
-2.13746
-3.14798
-1.78397
-0.619882
-2.54211
-2.46995
-2.62264
-2.11956
-3.31286
-1.16646
-3.35759
-3.56628
-0.863292
-1.76279
-1.87837
-3.29925
-0.483884
-1.59888
0.297579
-1.63347
-0.85355
-1.75144
-2.05136
-2.65705
-1.68174
-2.41147
-2.13746
0
-3.1221
-3.2288
-1.2476
-2.45531
-2.74512
-1.49632
-1.42575
-1.88364
-3.39339
-1.81119
-2.31155
-2.99511
-1.32238
-0.0149788
-3.86437
-3.91264
-1.94358
-2.83266
-4.35088
-3.74805
-0.987593
-2.92665
-1.26315
-1.95656
-1.60963
-3.14798
-3.1221
0
-1.44646
-2.65361
-1.84522
-2.01439
-3.91905
-2.15481
-2.80588
-3.19323
-1.62793
-1.82171
-0.372602
-0.93188
-1.23115
-1.60636
-2.80831
-3.58922
-1.98232
-1.25728
-1.1663
-3.50849
-0.982994
-0.912335
-3.78199
-1.12921
-1.78397
-3.2288
-1.44646
0
-2.75508
-2.00913
-2.0225
-2.22797
-0.871011
-1.34856
-3.79329
-1.37755
-3.23972
-3.14394
-3.0172
-0.962043
-0.827495
-2.58451
-2.49218
-2.81238
-1.43374
-1.76009
-2.33328
-0.520632
-1.10149
-1.73375
-3.36024
-0.619882
-1.2476
-2.65361
-2.75508
0
-2.05218
-0.233287
-2.64002
-2.1326
-2.30793
-1.51783
0.136658
-1.42108
-2.22312
-2.68582
-1.42787
-2.21498
-0.994218
-2.07327
-4.36334
-1.25087
0.440429
-3.00541
-1.82768
-1.84801
-1.74995
-1.09008
-2.54211
-2.45531
-1.84522
-2.00913
-2.05218
0
-2.05081
-1.24773
-1.94886
-3.23732
-1.57095
-1.65036
-1.29835
-1.61879
-0.546018
-1.05468
-0.744711
-1.55177
-2.84194
-2.08156
-1.09057
-2.28159
-3.87174
-2.05812
-0.633613
-1.57191
-0.809666
-2.46995
-2.74512
-2.01439
-2.0225
-0.233287
-2.05081
0
-1.86325
-1.84726
-2.05985
-1.74933
-2.65292
-2.78819
-1.26462
-1.09772
-1.91262
-3.65019
-2.12391
0.227931
-1.26332
-3.78517
-1.74543
0.254056
-0.21407
-1.45828
-2.61327
-1.64872
-2.62264
-1.49632
-3.91905
-2.22797
-2.64002
-1.24773
-1.86325
0
-3.42755
-4.10201
-1.87713
-3.0197
-2.23507
-1.00461
-0.896074
-0.512889
-1.47329
-3.26053
-1.42118
-2.58374
-0.41058
-2.50697
-3.36553
-3.30816
-1.46232
-1.35561
-2.44604
-2.11956
-1.42575
-2.15481
-0.871011
-2.1326
-1.94886
-1.84726
-3.42755
0
-2.51424
-1.83378
-1.34444
-1.5371
-2.68737
-1.1736
-0.747193
-1.41332
-1.26399
-2.95951
-2.3167
-2.16079
-2.27503
-2.47918
-2.84845
-2.56914
-1.59337
-0.166039
-3.31286
-1.88364
-2.80588
-1.34856
-2.30793
-3.23732
-2.05985
-4.10201
-2.51424
0
-0.783417
-3.94777
-2.06743
-2.01632
-2.73571
-2.58063
-0.505141
0.243756
-0.764362
-3.23884
-1.68478
-3.01973
-1.36649
-1.64255
-0.783136
-3.19755
-3.00288
-1.16646
-3.39339
-3.19323
-3.79329
-1.51783
-1.57095
-1.74933
-1.87713
-1.83378
-0.783417
0
-2.18848
-1.9159
-1.93602
-2.77005
-0.383373
-0.98576
-2.31167
-1.9151
-1.55272
-2.26009
-0.899547
-1.96564
-1.60621
-1.5882
-0.812626
-0.785299
-3.35759
-1.81119
-1.62793
-1.37755
0.136658
-1.65036
-2.65292
-3.0197
-1.34444
-3.94777
-2.18848
0
-2.19328
0.0280107
-1.06996
-2.42992
-1.17739
-1.37133
-1.90071
-0.168983
-2.56814
-3.17282
-2.50788
-1.56951
-1.67396
-2.16965
-1.92997
-3.56628
-2.31155
-1.82171
-3.23972
-1.42108
-1.29835
-2.78819
-2.23507
-1.5371
-2.06743
-1.9159
-2.19328
0
-0.448308
-1.01074
-2.66584
-2.98983
-2.54967
-0.940481
-2.2716
-1.49973
0.45252
-1.76419
0.262355
-0.764921
-0.578332
-1.67599
-0.863292
-2.99511
-0.372602
-3.14394
-2.22312
-1.61879
-1.26462
-1.00461
-2.68737
-2.01632
-1.93602
0.0280107
-0.448308
0
