0
-3.12493
-0.3649
-3.12138
-1.10209
-1.32125
-1.01652
-0.286906
-2.69028
-2.65545
-2.91112
-2.55751
0.068962
-2.80613
-1.13926
-3.11911
-1.52268
-1.47873
-1.79271
-2.34928
-0.499992
-1.64783
-2.53828
-1.24194
-2.42573
-2.18288
-3.03561
-3.12493
0
-2.23952
-3.36893
-1.2005
-2.38774
-1.47286
-2.91658
-1.31867
-1.87383
-1.62472
-2.3653
-2.5003
0.541867
-1.6194
-1.69075
-3.04684
-1.41071
-2.07539
-0.369055
-1.10714
-3.31617
-0.596817
-1.81045
-0.267474
-1.2861
-1.87153
-0.3649
-2.23952
0
-2.04225
-3.17499
-1.81724
-1.14052
-2.66133
-1.35645
-1.50362
-3.56489
-3.13512
-1.43081
-1.21705
-2.36083
-2.09688
-1.56826
-0.746422
-2.39249
-1.32629
-0.693117
-0.901093
-4.15953
-2.21874
-2.26266
-1.72177
-3.64407
-3.12138
-3.36893
-2.04225
0
-4.30158
-1.31312
-2.57735
-0.681246
-3.21691
-3.46493
-3.85252
-1.80688
-2.45127
-2.55182
-2.41064
-0.623278
-1.30611
-2.86267
-0.420051
-1.28048
-0.141365
-2.60939
-1.47802
-1.21639
-2.04688
-0.828223
-1.71915
-1.10209
-1.2005
-3.17499
-4.30158
0
-3.45122
-1.45559
-3.1373
-2.41545
-3.4181
-1.68963
-1.03759
-3.60656
-2.93472
-2.60147
-1.6585
-1.23679
0.63324
-1.84393
-4.08583
-2.50746
-1.33873
-1.92513
-1.62226
-2.15067
-1.53308
-2.53292
-1.32125
-2.38774
-1.81724
-1.31312
-3.45122
0
-3.02068
-4.15837
-1.0264
-1.20579
-0.654324
-3.00612
-2.59342
-1.61637
-2.03005
-2.44562
-2.46055
-1.8107
-0.293915
0.22642
-4.51597
-1.80077
-3.15563
-2.29468
-1.96873
-3.01547
-1.26431
-1.01652
-1.47286
-1.14052
-2.57735
-1.45559
-3.02068
0
-1.65574
-1.52283
-2.1546
-3.36835
-1.99045
-1.51882
-1.67124
-2.65636
-0.49131
0.184787
-1.72037
-1.93656
-1.68397
-1.65089
-1.64991
-1.80306
-0.949455
-2.93213
-2.38204
-0.37661
-0.286906
-2.91658
-2.66133
-0.681246
-3.1373
-4.15837
-1.65574
0
-3.30043
-2.64541
-2.14754
-0.947783
-1.59682
-2.87633
-2.91443
-1.9895
-1.39904
-2.41215
-2.09138
-3.14356
-3.20061
-2.71759
-2.88483
-0.825183
-2.30872
-2.54932
-3.12114
-2.69028
-1.31867
-1.35645
-3.21691
-2.41545
-1.0264
-1.52283
-3.30043
0
-2.31034
-2.47146
-2.97693
-1.71472
-0.843519
-3.42471
-1.1524
-0.0434278
-1.56692
-2.08456
-0.348669
-0.674412
-1.35501
-2.08631
-3.31136
-3.23924
-1.05181
-1.90035
-2.65545
-1.87383
-1.50362
-3.46493
-3.4181
-1.20579
-2.1546
-2.64541
-2.31034
0
-0.573452
-1.26594
-2.54998
-0.860068
-2.38423
-3.37669
-0.357987
-1.54466
-2.52636
-1.6249
-3.312
-2.94681
-1.8282
-3.33112
-1.36361
-1.26014
-1.56173
-2.91112
-1.62472
-3.56489
-3.85252
-1.68963
-0.654324
-3.36835
-2.14754
-2.47146
-0.573452
0
-1.22188
-3.15244
-2.03119
-1.46551
-1.59545
-3.35601
-2.21612
-2.77018
-1.84139
-1.8262
-1.52915
-2.16544
-2.3663
-1.94361
-1.16338
-1.31478
-2.55751
-2.3653
-3.13512
-1.80688
-1.03759
-3.00612
-1.99045
-0.947783
-2.97693
-1.26594
-1.22188
0
-3.23353
-1.27464
-3.21845
-1.41641
-1.49991
-3.18559
-1.3284
-1.4367
-2.81599
0.231649
-2.76485
-2.38897
-4.12569
-1.30467
-3.86193
0.068962
-2.5003
-1.43081
-2.45127
-3.60656
-2.59342
-1.51882
-1.59682
-1.71472
-2.54998
-3.15244
-3.23353
0
-0.91429
0.103882
-1.07428
-1.1718
-2.65851
-1.91818
-3.03813
-1.84484
-1.63223
-2.29499
-1.66235
-1.30942
-0.245129
-1.61339
-2.80613
0.541867
-1.21705
-2.55182
-2.93472
-1.61637
-1.67124
-2.87633
-0.843519
-0.860068
-2.03119
-1.27464
-0.91429
0
-1.07259
-1.95293
-1.23946
-1.23862
-2.34711
-2.09524
-2.93387
-1.5861
-1.61748
-1.43766
-0.954492
-2.77357
-2.16832
-1.13926
-1.6194
-2.36083
-2.41064
-2.60147
-2.03005
-2.65636
-2.91443
-3.42471
-2.38423
-1.46551
-3.21845
0.103882
-1.07259
0
-2.80998
-1.82458
-2.01086
-1.26334
-1.66349
-1.44174
-1.12147
-1.79871
0.0690631
-2.82238
-2.36882
-0.0499737
-3.11911
-1.69075
-2.09688
-0.623278
-1.6585
-2.44562
-0.49131
-1.9895
-1.1524
-3.37669
-1.59545
-1.41641
-1.07428
-1.95293
-2.80998
0
-0.44173
-1.3727
-3.03296
-1.36492
-2.14764
-2.3269
-0.524442
-2.32105
-0.686019
-0.039959
-0.889014
-1.52268
-3.04684
-1.56826
-1.30611
-1.23679
-2.46055
0.184787
-1.39904
-0.0434278
-0.357987
-3.35601
-1.49991
-1.1718
-1.23946
-1.82458
-0.44173
0
-2.57907
-1.49151
-3.253
-1.87427
-1.99612
-1.84664
-2.30711
-1.95598
-3.13865
-1.44622
-1.47873
-1.41071
-0.746422
-2.86267
0.63324
-1.8107
-1.72037
-2.41215
-1.56692
-1.54466
-2.21612
-3.18559
-2.65851
-1.23862
-2.01086
-1.3727
-2.57907
0
-0.617319
-1.99099
0.143508
-1.58937
-3.42124
-0.656472
-2.3357
-2.00414
-1.83083
-1.79271
-2.07539
-2.39249
-0.420051
-1.84393
-0.293915
-1.93656
-2.09138
-2.08456
-2.52636
-2.77018
-1.3284
-1.91818
-2.34711
-1.26334
-3.03296
-1.49151
-0.617319
0
-0.378721
-1.93141
-2.88269
-1.49818
-0.407405
-2.55297
-1.32043
-3.20882
-2.34928
-0.369055
-1.32629
-1.28048
-4.08583
0.22642
-1.68397
-3.14356
-0.348669
-1.6249
-1.84139
-1.4367
-3.03813
-2.09524
-1.66349
-1.36492
-3.253
-1.99099
-0.378721
0
-2.62604
-0.310724
-1.16158
-1.18672
0.161219
-1.33225
-1.44528
-0.499992
-1.10714
-0.693117
-0.141365
-2.50746
-4.51597
-1.65089
-3.20061
-0.674412
-3.312
-1.8262
-2.81599
-1.84484
-2.93387
-1.44174
-2.14764
-1.87427
0.143508
-1.93141
-2.62604
0
-1.50285
-0.973558
-2.12424
-0.874447
-3.4458
-1.46786
-1.64783
-3.31617
-0.901093
-2.60939
-1.33873
-1.80077
-1.64991
-2.71759
-1.35501
-2.94681
-1.52915
0.231649
-1.63223
-1.5861
-1.12147
-2.3269
-1.99612
-1.58937
-2.88269
-0.310724
-1.50285
0
-1.34649
-1.17366
-1.40044
-1.66974
-3.04376
-2.53828
-0.596817
-4.15953
-1.47802
-1.92513
-3.15563
-1.80306
-2.88483
-2.08631
-1.8282
-2.16544
-2.76485
-2.29499
-1.61748
-1.79871
-0.524442
-1.84664
-3.42124
-1.49818
-1.16158
-0.973558
-1.34649
0
-1.61703
-2.99291
-2.86681
-2.12391
-1.24194
-1.81045
-2.21874
-1.21639
-1.62226
-2.29468
-0.949455
-0.825183
-3.31136
-3.33112
-2.3663
-2.38897
-1.66235
-1.43766
0.0690631
-2.32105
-2.30711
-0.656472
-0.407405
-1.18672
-2.12424
-1.17366
-1.61703
0
-2.6583
-2.24765
-2.22818
-2.42573
-0.267474
-2.26266
-2.04688
-2.15067
-1.96873
-2.93213
-2.30872
-3.23924
-1.36361
-1.94361
-4.12569
-1.30942
-0.954492
-2.82238
-0.686019
-1.95598
-2.3357
-2.55297
0.161219
-0.874447
-1.40044
-2.99291
-2.6583
0
-1.66623
-0.73407
-2.18288
-1.2861
-1.72177
-0.828223
-1.53308
-3.01547
-2.38204
-2.54932
-1.05181
-1.26014
-1.16338
-1.30467
-0.245129
-2.77357
-2.36882
-0.039959
-3.13865
-2.00414
-1.32043
-1.33225
-3.4458
-1.66974
-2.86681
-2.24765
-1.66623
0
-2.46925
-3.03561
-1.87153
-3.64407
-1.71915
-2.53292
-1.26431
-0.37661
-3.12114
-1.90035
-1.56173
-1.31478
-3.86193
-1.61339
-2.16832
-0.0499737
-0.889014
-1.44622
-1.83083
-3.20882
-1.44528
-1.46786
-3.04376
-2.12391
-2.22818
-0.73407
-2.46925
0
