0
-1.94685
-1.00446
-0.840051
-2.35455
-2.31838
-2.92576
-2.67538
-2.61756
-0.920723
-2.86008
-2.69941
-1.9396
-1.07419
-0.643644
-3.18347
0.126795
-3.24222
-2.05424
-0.439166
-2.38362
-2.1643
-3.70963
-2.02202
-1.76063
-3.90309
-1.84781
-1.94685
0
-2.7417
-3.00194
-3.12797
-2.72401
-1.31747
-4.01103
-1.24866
-1.67748
-2.15858
-1.19861
-1.57786
-1.10974
-1.73257
-0.551508
-2.30009
-2.26036
-3.03954
-0.983249
-2.89577
-3.70159
-1.28883
-3.00155
-1.76254
-1.08516
-1.05889
-1.00446
-2.7417
0
-0.817906
-3.74745
0.870701
-2.27544
-0.756778
-2.62087
-0.821772
1.15899
-3.0191
-2.12864
-0.614367
-3.89945
-0.791839
0.13469
-1.65997
1.27027
-0.611357
-2.26713
-1.21962
-2.58732
-0.718027
-2.00205
-2.47004
-1.59235
-0.840051
-3.00194
-0.817906
0
-4.25094
-1.13338
-2.60346
-2.52361
-2.20132
-3.08082
-2.33554
-0.738357
-3.08364
-0.14676
-0.636968
-1.2461
-2.39034
-0.514816
0.0419748
-1.26026
-2.75421
-1.41661
-1.55396
-2.58867
-4.04269
-2.55278
-2.92578
-2.35455
-3.12797
-3.74745
-4.25094
0
-3.55306
-4.27827
-2.05187
-0.00812986
-2.92866
-2.97988
-2.09944
-3.46328
-2.15935
-2.57198
0.151328
-4.58683
-1.13216
-1.72432
-1.84033
-1.87433
-1.06698
-2.38974
-3.14881
-4.37845
-1.41759
-0.860535
-2.31838
-2.72401
0.870701
-1.13338
-3.55306
0
-3.2261
-0.863118
-0.996993
-2.52515
-3.80356
-2.24642
-1.88518
-1.15835
-2.95273
-1.2312
-2.09928
-3.51944
-0.445039
-1.16188
-0.580871
-3.85273
-2.38609
-0.444461
-1.80092
-3.19452
-2.38472
-2.92576
-1.31747
-2.27544
-2.60346
-4.27827
-3.2261
0
-3.03194
-2.30867
-2.23995
-0.0687671
-1.45329
-3.0209
-1.67052
-1.33966
-2.44194
-2.63028
-2.28362
-1.32329
-3.09992
-1.53388
-1.92747
-3.13849
-0.926828
-2.10913
-2.19128
-2.17904
-2.67538
-4.01103
-0.756778
-2.52361
-2.05187
-0.863118
-3.03194
0
-1.00225
-3.64117
-2.29597
-1.08841
-1.13047
-2.24169
-1.945
-2.21619
-1.95536
-1.98842
-1.86528
-1.06603
-2.0701
-0.872478
-0.921838
-1.47811
-2.14203
-0.519707
-1.40403
-2.61756
-1.24866
-2.62087
-2.20132
-0.00812986
-0.996993
-2.30867
-1.00225
0
-0.00533215
-4.07693
-0.911162
-1.93307
0.193006
-0.487926
-0.823318
-3.61197
-1.07642
-1.66689
-3.71024
-4.08177
-1.66942
-3.25811
-2.37917
-1.20592
-0.482948
-3.87027
-0.920723
-1.67748
-0.821772
-3.08082
-2.92866
-2.52515
-2.23995
-3.64117
-0.00533215
0
-0.891245
-3.80276
-2.34255
-1.37273
-0.438231
-3.93963
-0.584166
-1.53992
-0.532734
-1.72196
-0.479594
-1.55574
-2.64636
-0.622794
-2.85608
-1.44268
-2.83693
-2.86008
-2.15858
1.15899
-2.33554
-2.97988
-3.80356
-0.0687671
-2.29597
-4.07693
-0.891245
0
-3.92116
-1.77949
-2.65498
-2.5532
-1.93187
0.767154
-1.67061
-1.62371
-3.15997
-2.84133
-0.40691
-1.39236
-2.41417
-1.68504
-1.67429
-0.91752
-2.69941
-1.19861
-3.0191
-0.738357
-2.09944
-2.24642
-1.45329
-1.08841
-0.911162
-3.80276
-3.92116
0
-1.42504
-2.29782
-1.40672
-4.26228
-1.84269
-2.84751
-1.64917
-1.74894
-0.965261
-0.849518
-1.52944
-1.73403
-0.912634
-2.60093
-1.92362
-1.9396
-1.57786
-2.12864
-3.08364
-3.46328
-1.88518
-3.0209
-1.13047
-1.93307
-2.34255
-1.77949
-1.42504
0
-2.40953
-1.33911
-3.37752
-1.89229
-1.93275
-2.37242
-3.82023
-1.2809
-1.55692
-3.4406
-1.87503
-1.67262
-0.262898
-0.359008
-1.07419
-1.10974
-0.614367
-0.14676
-2.15935
-1.15835
-1.67052
-2.24169
0.193006
-1.37273
-2.65498
-2.29782
-2.40953
0
-2.72216
-3.02703
-2.46843
-0.517959
-3.2496
-1.02578
-1.15582
-1.85316
-1.70547
-3.50689
-2.75912
-1.07532
-1.45913
-0.643644
-1.73257
-3.89945
-0.636968
-2.57198
-2.95273
-1.33966
-1.945
-0.487926
-0.438231
-2.5532
-1.40672
-1.33911
-2.72216
0
-0.204216
-2.79904
-1.54449
-2.11579
-3.43732
-1.2713
-2.11053
-2.42307
-1.94027
-2.70129
-0.726538
-0.630248
-3.18347
-0.551508
-0.791839
-1.2461
0.151328
-1.2312
-2.44194
-2.21619
-0.823318
-3.93963
-1.93187
-4.26228
-3.37752
-3.02703
-0.204216
0
-4.15324
-2.35383
-3.11073
-2.71878
-0.59525
-1.18947
-2.12744
-2.41105
-1.90788
-1.10935
-2.05457
0.126795
-2.30009
0.13469
-2.39034
-4.58683
-2.09928
-2.63028
-1.95536
-3.61197
-0.584166
0.767154
-1.84269
-1.89229
-2.46843
-2.79904
-4.15324
0
-2.26064
-1.45875
-2.73965
-2.28868
-1.51096
-1.5039
-0.81657
-0.705354
-1.60185
-1.27394
-3.24222
-2.26036
-1.65997
-0.514816
-1.13216
-3.51944
-2.28362
-1.98842
-1.07642
-1.53992
-1.67061
-2.84751
-1.93275
-0.517959
-1.54449
-2.35383
-2.26064
0
-2.42717
-1.02688
-2.65641
-1.73645
-1.51871
-2.15989
-1.42945
-0.550477
-4.01845
-2.05424
-3.03954
1.27027
0.0419748
-1.72432
-0.445039
-1.32329
-1.86528
-1.66689
-0.532734
-1.62371
-1.64917
-2.37242
-3.2496
-2.11579
-3.11073
-1.45875
-2.42717
0
-2.93342
-2.60067
-0.0910362
-2.67086
-1.57591
-1.75648
-1.45553
-2.853
-0.439166
-0.983249
-0.611357
-1.26026
-1.84033
-1.16188
-3.09992
-1.06603
-3.71024
-1.72196
-3.15997
-1.74894
-3.82023
-1.02578
-3.43732
-2.71878
-2.73965
-1.02688
-2.93342
0
-0.992891
-1.66169
-1.71107
-2.28277
-0.854168
-2.59586
-0.538905
-2.38362
-2.89577
-2.26713
-2.75421
-1.87433
-0.580871
-1.53388
-2.0701
-4.08177
-0.479594
-2.84133
-0.965261
-1.2809
-1.15582
-1.2713
-0.59525
-2.28868
-2.65641
-2.60067
-0.992891
0
-3.82215
-1.86878
-2.75361
-0.15816
-1.84956
-1.98572
-2.1643
-3.70159
-1.21962
-1.41661
-1.06698
-3.85273
-1.92747
-0.872478
-1.66942
-1.55574
-0.40691
-0.849518
-1.55692
-1.85316
-2.11053
-1.18947
-1.51096
-1.73645
-0.0910362
-1.66169
-3.82215
0
-1.44239
-2.05188
-2.67394
-1.61999
-2.36648
-3.70963
-1.28883
-2.58732
-1.55396
-2.38974
-2.38609
-3.13849
-0.921838
-3.25811
-2.64636
-1.39236
-1.52944
-3.4406
-1.70547
-2.42307
-2.12744
-1.5039
-1.51871
-2.67086
-1.71107
-1.86878
-1.44239
0
-1.28752
-1.56361
-2.11524
-0.552848
-2.02202
-3.00155
-0.718027
-2.58867
-3.14881
-0.444461
-0.926828
-1.47811
-2.37917
-0.622794
-2.41417
-1.73403
-1.87503
-3.50689
-1.94027
-2.41105
-0.81657
-2.15989
-1.57591
-2.28277
-2.75361
-2.05188
-1.28752
0
-2.57328
-1.54133
-0.977572
-1.76063
-1.76254
-2.00205
-4.04269
-4.37845
-1.80092
-2.10913
-2.14203
-1.20592
-2.85608
-1.68504
-0.912634
-1.67262
-2.75912
-2.70129
-1.90788
-0.705354
-1.42945
-1.75648
-0.854168
-0.15816
-2.67394
-1.56361
-2.57328
0
-1.02539
-2.6308
-3.90309
-1.08516
-2.47004
-2.55278
-1.41759
-3.19452
-2.19128
-0.519707
-0.482948
-1.44268
-1.67429
-2.60093
-0.262898
-1.07532
-0.726538
-1.10935
-1.60185
-0.550477
-1.45553
-2.59586
-1.84956
-1.61999
-2.11524
-1.54133
-1.02539
0
-2.64044
-1.84781
-1.05889
-1.59235
-2.92578
-0.860535
-2.38472
-2.17904
-1.40403
-3.87027
-2.83693
-0.91752
-1.92362
-0.359008
-1.45913
-0.630248
-2.05457
-1.27394
-4.01845
-2.853
-0.538905
-1.98572
-2.36648
-0.552848
-0.977572
-2.6308
-2.64044
0
