0
-1.64528
-1.50852
-1.22643
-2.40891
-2.92864
-1.50353
-1.77291
-1.5424
-0.833197
-1.06995
-1.59104
-2.98341
-2.33886
-1.32312
-4.84117
-1.3481
-2.03776
-1.60766
-1.10713
-1.9963
-1.44144
-3.83902
-1.81534
-1.08531
-1.38659
-2.22271
-1.64528
0
-0.954304
-3.65976
-2.78244
-4.00371
-2.4877
0.019439
-2.81162
-2.39441
-2.01616
-2.41593
-2.11954
-2.34312
-1.69096
-2.53273
-1.2476
-4.49662
-2.07868
-3.5257
-1.45743
-2.3699
-0.452334
-1.04371
-0.801779
-3.63567
-1.51601
-1.50852
-0.954304
0
-3.33413
-0.93302
-2.42571
-2.77018
0.515976
-2.10826
-1.77824
-0.722219
-2.88359
-2.17696
-2.30479
-3.15947
-2.09757
-2.47021
-2.68433
-2.96934
-1.31975
-3.91849
-1.27176
-2.91363
-2.00329
-0.92919
-2.74445
-2.11832
-1.22643
-3.65976
-3.33413
0
-1.83766
0.238736
-0.629229
-3.70332
-2.27833
-1.09194
-1.95063
-2.86493
-0.685402
-3.22198
-3.23689
-1.38805
-2.25762
-2.9936
-1.5304
-1.43751
-3.32437
-1.05789
-0.36155
-2.55591
0.447152
-1.70973
-1.68426
-2.40891
-2.78244
-0.93302
-1.83766
0
-0.94394
-2.59787
-1.9029
-3.66644
-3.55199
-1.70361
-0.807741
-1.47292
-1.07911
-3.11427
-2.98393
-1.6813
-2.28667
-1.94386
-1.55477
-2.83786
-2.19435
-0.723861
-4.39948
-1.39208
-3.05227
-2.65135
-2.92864
-4.00371
-2.42571
0.238736
-0.94394
0
-1.58678
-2.09092
-0.976865
-2.62995
-1.52402
-2.26217
-3.16866
-2.64572
-2.15941
-2.59853
-3.51203
-2.44848
-2.04226
-3.06492
-2.66968
-1.71422
-1.03917
-2.7433
-2.05834
-3.33587
-1.39113
-1.50353
-2.4877
-2.77018
-0.629229
-2.59787
-1.58678
0
-2.69905
-1.61508
-3.66253
-1.93543
-1.79818
-0.542548
-0.946258
-1.30306
-0.478852
-3.02708
-2.11363
-2.45783
-2.24436
-2.24765
-1.80229
-0.442642
-3.38612
-2.30789
-2.78396
-2.83232
-1.77291
0.019439
0.515976
-3.70332
-1.9029
-2.09092
-2.69905
0
-1.8519
-4.51336
-1.75018
-0.312443
-2.53192
-4.08028
-1.05119
-2.57986
0.0371809
-0.458559
-1.7459
-1.97534
-3.66562
-4.02418
-2.76098
-2.17611
-2.64314
-0.952056
-1.40002
-1.5424
-2.81162
-2.10826
-2.27833
-3.66644
-0.976865
-1.61508
-1.8519
0
-1.23629
-1.21551
-2.68388
-1.07032
-3.36668
-1.63072
-1.75894
-1.43651
-2.44803
-3.19523
-0.763974
-3.25865
-1.77887
-2.64601
-3.26984
-3.4049
-2.78741
-0.848748
-0.833197
-2.39441
-1.77824
-1.09194
-3.55199
-2.62995
-3.66253
-4.51336
-1.23629
0
-1.7281
-2.74691
-0.79707
-2.27981
-1.99857
-0.58251
-2.60409
-2.78481
-1.89844
-2.79294
-1.40546
-1.43545
-3.75974
-1.85959e-05
-2.01502
-2.26137
-2.15299
-1.06995
-2.01616
-0.722219
-1.95063
-1.70361
-1.52402
-1.93543
-1.75018
-1.21551
-1.7281
0
-2.22139
-3.39605
-2.22268
-1.6486
-2.05633
-2.11157
-3.70673
-1.63296
-0.871576
-2.18672
-3.78253
-1.47333
-2.73628
-1.87506
-1.04842
-3.67698
-1.59104
-2.41593
-2.88359
-2.86493
-0.807741
-2.26217
-1.79818
-0.312443
-2.68388
-2.74691
-2.22139
0
-1.83975
-2.81071
-2.18343
-1.43673
-2.93334
0.0922915
-3.77507
-3.13544
-3.6851
0.0264298
-2.89589
-3.42257
-0.993014
-2.47686
-2.42703
-2.98341
-2.11954
-2.17696
-0.685402
-1.47292
-3.16866
-0.542548
-2.53192
-1.07032
-0.79707
-3.39605
-1.83975
0
-2.40954
-1.418
-2.34193
-2.00969
-0.907012
-1.96436
-1.64541
-3.05487
-2.22805
-1.71387
-0.939258
-0.687418
-2.13098
-3.5048
-2.33886
-2.34312
-2.30479
-3.22198
-1.07911
-2.64572
-0.946258
-4.08028
-3.36668
-2.27981
-2.22268
-2.81071
-2.40954
0
-0.839391
-4.01609
-0.287438
-2.09898
-2.36667
-0.724626
-1.23861
-2.63623
-2.8664
-0.875477
-2.09569
-0.978428
-2.80218
-1.32312
-1.69096
-3.15947
-3.23689
-3.11427
-2.15941
-1.30306
-1.05119
-1.63072
-1.99857
-1.6486
-2.18343
-1.418
-0.839391
0
-0.889602
-1.99688
-2.94773
-2.26304
-1.31307
-2.18133
-3.08515
-2.05408
0.0687636
-2.76036
-1.04468
-2.7083
-4.84117
-2.53273
-2.09757
-1.38805
-2.98393
-2.59853
-0.478852
-2.57986
-1.75894
-0.58251
-2.05633
-1.43673
-2.34193
-4.01609
-0.889602
0
-1.70724
-3.37829
-3.40601
-1.90831
-3.514
-0.758029
-1.86678
-2.97395
-1.25851
-1.83614
-2.46823
-1.3481
-1.2476
-2.47021
-2.25762
-1.6813
-3.51203
-3.02708
0.0371809
-1.43651
-2.60409
-2.11157
-2.93334
-2.00969
-0.287438
-1.99688
-1.70724
0
-1.87188
-1.90056
-1.57245
-2.37146
-2.33287
-2.07778
-1.07832
-2.89743
-2.08681
-1.63202
-2.03776
-4.49662
-2.68433
-2.9936
-2.28667
-2.44848
-2.11363
-0.458559
-2.44803
-2.78481
-3.70673
0.0922915
-0.907012
-2.09898
-2.94773
-3.37829
-1.87188
0
-0.712605
-1.01517
-1.57176
-2.48243
-2.56993
-1.40711
-0.834363
-3.06463
-1.19514
-1.60766
-2.07868
-2.96934
-1.5304
-1.94386
-2.04226
-2.45783
-1.7459
-3.19523
-1.89844
-1.63296
-3.77507
-1.96436
-2.36667
-2.26304
-3.40601
-1.90056
-0.712605
0
-1.13417
-2.37269
-0.545212
-3.32587
-1.89315
-2.58469
-2.55035
-1.54607
-1.10713
-3.5257
-1.31975
-1.43751
-1.55477
-3.06492
-2.24436
-1.97534
-0.763974
-2.79294
-0.871576
-3.13544
-1.64541
-0.724626
-1.31307
-1.90831
-1.57245
-1.01517
-1.13417
0
-2.12557
-2.25833
-1.57286
-3.85333
-1.2025
0.414082
-1.12008
-1.9963
-1.45743
-3.91849
-3.32437
-2.83786
-2.66968
-2.24765
-3.66562
-3.25865
-1.40546
-2.18672
-3.6851
-3.05487
-1.23861
-2.18133
-3.514
-2.37146
-1.57176
-2.37269
-2.12557
0
-2.41497
-2.69622
-4.9863
-1.36692
-1.70091
-0.25941
-1.44144
-2.3699
-1.27176
-1.05789
-2.19435
-1.71422
-1.80229
-4.02418
-1.77887
-1.43545
-3.78253
0.0264298
-2.22805
-2.63623
-3.08515
-0.758029
-2.33287
-2.48243
-0.545212
-2.25833
-2.41497
0
-2.15286
-4.1923
-2.46467
-2.21292
-1.23925
-3.83902
-0.452334
-2.91363
-0.36155
-0.723861
-1.03917
-0.442642
-2.76098
-2.64601
-3.75974
-1.47333
-2.89589
-1.71387
-2.8664
-2.05408
-1.86678
-2.07778
-2.56993
-3.32587
-1.57286
-2.69622
-2.15286
0
-2.83531
-1.83362
-2.45549
-2.05477
-1.81534
-1.04371
-2.00329
-2.55591
-4.39948
-2.7433
-3.38612
-2.17611
-3.26984
-1.85959e-05
-2.73628
-3.42257
-0.939258
-0.875477
0.0687636
-2.97395
-1.07832
-1.40711
-1.89315
-3.85333
-4.9863
-4.1923
-2.83531
0
-1.96375
-2.63443
-3.7101
-1.08531
-0.801779
-0.92919
0.447152
-1.39208
-2.05834
-2.30789
-2.64314
-3.4049
-2.01502
-1.87506
-0.993014
-0.687418
-2.09569
-2.76036
-1.25851
-2.89743
-0.834363
-2.58469
-1.2025
-1.36692
-2.46467
-1.83362
-1.96375
0
-4.16872
-1.29586
-1.38659
-3.63567
-2.74445
-1.70973
-3.05227
-3.33587
-2.78396
-0.952056
-2.78741
-2.26137
-1.04842
-2.47686
-2.13098
-0.978428
-1.04468
-1.83614
-2.08681
-3.06463
-2.55035
0.414082
-1.70091
-2.21292
-2.45549
-2.63443
-4.16872
0
-1.41798
-2.22271
-1.51601
-2.11832
-1.68426
-2.65135
-1.39113
-2.83232
-1.40002
-0.848748
-2.15299
-3.67698
-2.42703
-3.5048
-2.80218
-2.7083
-2.46823
-1.63202
-1.19514
-1.54607
-1.12008
-0.25941
-1.23925
-2.05477
-3.7101
-1.29586
-1.41798
0
