0
-1.38377
-1.76018
-2.82756
-1.0897
-1.23827
-0.562024
-1.83856
-3.6389
-2.45772
-2.39492
-0.322869
-2.78955
-1.85396
-2.05317
-1.39893
-0.639447
-3.21795
-2.41379
-2.31537
-3.02377
-1.76897
-0.810975
-3.97877
-2.80924
-1.036
-2.51139
-1.38377
0
-0.489959
-1.70208
-2.30841
-3.30334
-1.40206
-3.34296
-2.19941
-1.5334
-3.58095
-3.20438
-1.52151
-0.0844324
-0.858442
-2.13795
-1.56271
-3.43351
-2.65108
-2.45633
-0.689565
-2.08393
-2.0681
-2.86168
-1.46169
-3.02602
-2.3409
-1.76018
-0.489959
0
-2.14149
-3.06534
-3.0085
-1.9296
-2.60167
-2.00846
-2.5676
-2.80439
-1.92482
-3.50592
0.443323
-3.06508
-0.916477
-0.760934
-2.1439
-1.98864
-2.81686
-1.31857
-2.40287
-3.35113
-0.705887
-2.72972
-2.24529
-1.02443
-2.82756
-1.70208
-2.14149
0
-1.71118
-1.61896
-3.30775
-1.37385
-2.02085
-2.01818
-2.7583
-2.72035
-1.43437
-2.16078
-2.85662
-1.0002
-2.42153
-1.64624
-3.17396
-2.46493
-0.503984
-1.27059
-1.81923
-4.35564
-1.10378
-2.57058
-2.39836
-1.0897
-2.30841
-3.06534
-1.71118
0
-0.497074
-1.28989
-2.6839
-1.39129
-2.39429
-1.76584
-2.48138
-1.51898
-1.83489
-3.13141
-1.60369
-2.81086
-1.44442
-1.40275
-1.81923
-2.91919
-2.24321
-0.883717
-2.08291
-1.85921
-1.57196
-1.91904
-1.23827
-3.30334
-3.0085
-1.61896
-0.497074
0
-2.2892
-0.747276
-1.24729
-2.34867
-0.885835
-3.91577
-2.8015
-1.65408
-2.29198
-1.56569
-3.44443
-0.178666
-1.73087
-2.08671
-2.53139
-1.05851
-1.88621
-1.05196
-0.697655
-2.06139
-2.77294
-0.562024
-1.40206
-1.9296
-3.30775
-1.28989
-2.2892
0
-1.9254
-2.86709
0.0697005
-1.33429
-2.22672
0.81171
-3.58849
-2.63348
-1.38685
-1.34097
-3.04177
-2.40414
0.0221163
-1.17507
-0.267332
-2.55186
0.0401541
-1.38909
-1.99823
-0.906379
-1.83856
-3.34296
-2.60167
-1.37385
-2.6839
-0.747276
-1.9254
0
-1.10874
-1.55437
-1.48851
-1.51172
-0.622014
-2.33479
-4.23997
-3.74986
-1.74367
-1.43398
-1.4578
-1.20294
-1.46705
-3.34384
-1.98793
-1.57245
-2.09467
0.346863
-2.44551
-3.6389
-2.19941
-2.00846
-2.02085
-1.39129
-1.24729
-2.86709
-1.10874
0
-1.49444
-4.97395
-0.4667
-0.99709
-2.51921
-1.0777
-2.59524
-2.49981
-2.57994
-2.38728
-2.87523
-1.75745
-2.69366
-1.10015
-1.31009
-2.02496
-1.61688
-1.30737
-2.45772
-1.5334
-2.5676
-2.01818
-2.39429
-2.34867
0.0697005
-1.55437
-1.49444
0
-0.862451
-2.00815
-2.30509
-1.5379
0.91648
-1.62699
-1.67789
-0.973943
-2.07283
-0.731923
-1.76638
-2.61401
-1.96639
-2.77302
-2.4101
-2.44363
-4.3793
-2.39492
-3.58095
-2.80439
-2.7583
-1.76584
-0.885835
-1.33429
-1.48851
-4.97395
-0.862451
0
-1.58241
-1.55347
-1.23083
-1.82401
-2.27218
-1.45025
-0.300615
-2.57683
-3.33562
0.00830948
-2.85841
-2.21346
-2.27557
-1.26925
-0.689249
-3.09202
-0.322869
-3.20438
-1.92482
-2.72035
-2.48138
-3.91577
-2.22672
-1.51172
-0.4667
-2.00815
-1.58241
0
-2.37241
-3.42276
-0.786513
-3.47857
-1.19734
-2.41436
-4.51071
-0.662086
-3.12661
-0.841815
-0.339242
-2.35613
-1.68923
-1.95642
-0.356459
-2.78955
-1.52151
-3.50592
-1.43437
-1.51898
-2.8015
0.81171
-0.622014
-0.99709
-2.30509
-1.55347
-2.37241
0
-2.26068
-1.30413
-1.63748
-2.07078
-0.562005
-1.70969
-1.40359
-1.7685
-1.80101
-1.05512
-2.14124
-2.23952
-2.11293
-2.13578
-1.85396
-0.0844324
0.443323
-2.16078
-1.83489
-1.65408
-3.58849
-2.33479
-2.51921
-1.5379
-1.23083
-3.42276
-2.26068
0
-1.04763
-2.35263
-1.70138
-1.4505
-0.48619
-3.12118
-0.515869
-2.20232
-1.96541
-2.23837
-2.62002
-1.89389
-1.44773
-2.05317
-0.858442
-3.06508
-2.85662
-3.13141
-2.29198
-2.63348
-4.23997
-1.0777
0.91648
-1.82401
-0.786513
-1.30413
-1.04763
0
-0.633339
-2.48634
-0.686381
-0.840617
-2.76559
-1.62146
-1.13687
-0.533207
-1.44894
-0.575592
-0.337514
-1.73327
-1.39893
-2.13795
-0.916477
-1.0002
-1.60369
-1.56569
-1.38685
-3.74986
-2.59524
-1.62699
-2.27218
-3.47857
-1.63748
-2.35263
-0.633339
0
0.297396
-3.1867
-2.0895
0.050905
-2.60797
-0.947124
-1.25621
-2.18556
-3.66184
-1.63504
-3.06682
-0.639447
-1.56271
-0.760934
-2.42153
-2.81086
-3.44443
-1.34097
-1.74367
-2.49981
-1.67789
-1.45025
-1.19734
-2.07078
-1.70138
-2.48634
0.297396
0
-3.84311
-1.33434
-3.52184
-2.55551
-2.18002
-2.32589
-0.877483
-1.15585
-2.09882
-1.64804
-3.21795
-3.43351
-2.1439
-1.64624
-1.44442
-0.178666
-3.04177
-1.43398
-2.57994
-0.973943
-0.300615
-2.41436
-0.562005
-1.4505
-0.686381
-3.1867
-3.84311
0
-1.1123
-0.673269
-1.02011
-3.04717
-3.31607
-2.36065
-4.16324
-1.72839
-0.154397
-2.41379
-2.65108
-1.98864
-3.17396
-1.40275
-1.73087
-2.40414
-1.4578
-2.38728
-2.07283
-2.57683
-4.51071
-1.70969
-0.48619
-0.840617
-2.0895
-1.33434
-1.1123
0
-2.6756
-1.56745
-1.59914
-2.48745
-0.125997
-2.93392
-1.41381
-0.595348
-2.31537
-2.45633
-2.81686
-2.46493
-1.81923
-2.08671
0.0221163
-1.20294
-2.87523
-0.731923
-3.33562
-0.662086
-1.40359
-3.12118
-2.76559
0.050905
-3.52184
-0.673269
-2.6756
0
-2.59724
-1.49826
-0.586747
-1.09979
-5.80641
-1.91803
-3.32489
-3.02377
-0.689565
-1.31857
-0.503984
-2.91919
-2.53139
-1.17507
-1.46705
-1.75745
-1.76638
0.00830948
-3.12661
-1.7685
-0.515869
-1.62146
-2.60797
-2.55551
-1.02011
-1.56745
-2.59724
0
-1.0433
-1.94985
-1.50634
-2.46601
-1.08792
-2.20301
-1.76897
-2.08393
-2.40287
-1.27059
-2.24321
-1.05851
-0.267332
-3.34384
-2.69366
-2.61401
-2.85841
-0.841815
-1.80101
-2.20232
-1.13687
-0.947124
-2.18002
-3.04717
-1.59914
-1.49826
-1.0433
0
-2.01737
-0.606782
-1.40689
-0.311137
-3.27478
-0.810975
-2.0681
-3.35113
-1.81923
-0.883717
-1.88621
-2.55186
-1.98793
-1.10015
-1.96639
-2.21346
-0.339242
-1.05512
-1.96541
-0.533207
-1.25621
-2.32589
-3.31607
-2.48745
-0.586747
-1.94985
-2.01737
0
-2.89404
-1.86369
-1.40607
-3.38214
-3.97877
-2.86168
-0.705887
-4.35564
-2.08291
-1.05196
0.0401541
-1.57245
-1.31009
-2.77302
-2.27557
-2.35613
-2.14124
-2.23837
-1.44894
-2.18556
-0.877483
-2.36065
-0.125997
-1.09979
-1.50634
-0.606782
-2.89404
0
-2.00387
-2.23802
-3.60684
-2.80924
-1.46169
-2.72972
-1.10378
-1.85921
-0.697655
-1.38909
-2.09467
-2.02496
-2.4101
-1.26925
-1.68923
-2.23952
-2.62002
-0.575592
-3.66184
-1.15585
-4.16324
-2.93392
-5.80641
-2.46601
-1.40689
-1.86369
-2.00387
0
-2.188
-2.78058
-1.036
-3.02602
-2.24529
-2.57058
-1.57196
-2.06139
-1.99823
0.346863
-1.61688
-2.44363
-0.689249
-1.95642
-2.11293
-1.89389
-0.337514
-1.63504
-2.09882
-1.72839
-1.41381
-1.91803
-1.08792
-0.311137
-1.40607
-2.23802
-2.188
0
-0.625558
-2.51139
-2.3409
-1.02443
-2.39836
-1.91904
-2.77294
-0.906379
-2.44551
-1.30737
-4.3793
-3.09202
-0.356459
-2.13578
-1.44773
-1.73327
-3.06682
-1.64804
-0.154397
-0.595348
-3.32489
-2.20301
-3.27478
-3.38214
-3.60684
-2.78058
-0.625558
0
