0
-2.53554
-1.07885
-2.54188
-2.14342
-2.18354
-3.44678
-2.74255
-0.83615
-4.87754
-3.27995
-1.1939
-3.17084
-1.92152
-2.69319
-1.63829
-3.65017
-2.1605
-3.04776
-2.93766
0.0982415
-3.09785
-2.17154
-2.15169
0.497772
-1.13176
-4.20346
-2.53554
0
-1.25721
-1.71635
-2.24968
-3.88068
-1.88296
-2.60822
-1.00961
-1.17009
-2.4243
-3.85218
-1.65717
-0.119194
0.135305
-2.94473
-3.48262
-2.89211
-1.97221
-1.6705
-2.80132
-2.31691
-2.21398
-1.25682
-1.0843
-0.684709
-1.35803
-1.07885
-1.25721
0
-1.46337
-1.08016
-0.920671
-2.95343
-1.94399
-3.40879
-3.83681
-2.3503
-1.42031
-0.621876
-2.44634
-0.565257
-2.05344
-2.56244
-1.52674
-1.47229
0.428424
-2.7415
-2.57355
-1.87506
-1.592
-1.81737
-2.15299
-1.15127
-2.54188
-1.71635
-1.46337
0
-2.38769
-3.29921
-2.29046
-4.24886
-2.66931
-1.2812
-2.25503
-2.44579
-1.14734
-2.63696
-2.23336
-1.68099
-2.56987
-2.28451
-3.78857
-1.37492
-1.28368
-0.329418
-2.60972
-1.79622
-2.29388
-1.39729
-2.51753
-2.14342
-2.24968
-1.08016
-2.38769
0
0.68241
-2.62177
-0.110275
-3.30594
-1.74332
-1.75061
-2.56604
-1.70142
-1.05568
-1.67508
-2.96895
-1.96528
-1.45628
-1.33233
-0.774422
-1.83826
-1.75047
-4.34225
-1.10773
-2.06026
-3.13912
-2.45359
-2.18354
-3.88068
-0.920671
-3.29921
0.68241
0
-3.59794
-2.68169
-1.75192
-0.871091
-1.43798
-3.15359
-2.24397
-2.85796
-1.69319
-3.30359
-3.92149
-1.45081
-2.02264
-2.5915
-3.09289
-1.88682
-2.21754
-0.974479
-2.33199
-1.58063
-3.74015
-3.44678
-1.88296
-2.95343
-2.29046
-2.62177
-3.59794
0
-2.80884
-1.50824
-2.65171
-4.0941
-0.176778
-0.138796
-2.3942
-2.09911
-1.25747
-1.37967
-1.72202
-2.56945
-3.28532
-1.97848
-3.04651
-3.19967
-2.65147
-1.74912
-1.45062
-1.57473
-2.74255
-2.60822
-1.94399
-4.24886
-0.110275
-2.68169
-2.80884
0
-1.81104
-3.71147
-5.04151
-2.0124
-1.38065
-1.57944
-0.817729
-1.53251
-0.96383
-4.43333
-0.371434
-1.6706
-1.66618
-1.17853
-2.94287
-2.60609
-3.15453
-1.80361
-1.43605
-0.83615
-1.00961
-3.40879
-2.66931
-3.30594
-1.75192
-1.50824
-1.81104
0
-2.74694
-0.698918
-3.51623
-0.778899
-2.11845
-1.48504
-1.02791
-0.213632
-2.77991
-0.837388
-2.36538
-2.84739
-1.7545
-1.21117
-2.19604
-2.77364
-2.22117
-3.09533
-4.87754
-1.17009
-3.83681
-1.2812
-1.74332
-0.871091
-2.65171
-3.71147
-2.74694
0
-2.08297
-1.84433
-1.90396
-2.73113
-2.34717
-1.68947
-3.0252
-2.86529
-3.3465
0.287763
0.547634
-1.21159
-0.905789
-3.04271
-2.08383
-0.491032
-2.44399
-3.27995
-2.4243
-2.3503
-2.25503
-1.75061
-1.43798
-4.0941
-5.04151
-0.698918
-2.08297
0
-2.91961
-1.27351
-1.61895
-1.99974
-1.32749
-2.81074
-3.02216
0.229383
-0.428195
-1.07111
-0.966198
-2.86001
-1.18285
-1.62332
-1.12047
-0.189426
-1.1939
-3.85218
-1.42031
-2.44579
-2.56604
-3.15359
-0.176778
-2.0124
-3.51623
-1.84433
-2.91961
0
-2.74053
-0.490829
0.0625635
-0.279449
-3.50004
-2.81752
-2.52495
-1.86064
-0.696363
-2.03485
-1.53916
-1.19284
-2.19154
-0.880002
-3.49008
-3.17084
-1.65717
-0.621876
-1.14734
-1.70142
-2.24397
-0.138796
-1.38065
-0.778899
-1.90396
-1.27351
-2.74053
0
-2.24834
-3.92802
-1.36435
-2.33753
-2.99702
-0.961746
-3.59545
-3.13195
-1.34086
-2.25246
-1.68149
0.0822182
-1.71187
-2.47974
-1.92152
-0.119194
-2.44634
-2.63696
-1.05568
-2.85796
-2.3942
-1.57944
-2.11845
-2.73113
-1.61895
-0.490829
-2.24834
0
-1.80141
-2.18157
-1.61674
-2.4816
-0.618925
-2.15315
-2.83423
-2.5816
-4.05847
-1.03788
-3.17755
-3.7666
-3.09605
-2.69319
0.135305
-0.565257
-2.23336
-1.67508
-1.69319
-2.09911
-0.817729
-1.48504
-2.34717
-1.99974
0.0625635
-3.92802
-1.80141
0
-3.06312
-3.20693
-1.88384
-1.21875
-2.27745
-1.88985
-2.4843
-2.63234
-2.85878
-3.88137
-1.03715
-1.95919
-1.63829
-2.94473
-2.05344
-1.68099
-2.96895
-3.30359
-1.25747
-1.53251
-1.02791
-1.68947
-1.32749
-0.279449
-1.36435
-2.18157
-3.06312
0
-1.19975
-3.21404
-2.41442
-2.31784
-3.45967
-4.17761
-2.16815
-1.38609
-3.88287
-2.39952
-1.50655
-3.65017
-3.48262
-2.56244
-2.56987
-1.96528
-3.92149
-1.37967
-0.96383
-0.213632
-3.0252
-2.81074
-3.50004
-2.33753
-1.61674
-3.20693
-1.19975
0
-1.93201
-2.18939
-1.57462
-3.19394
-1.74316
-0.703704
-2.06498
-1.91515
-0.408937
-2.03991
-2.1605
-2.89211
-1.52674
-2.28451
-1.45628
-1.45081
-1.72202
-4.43333
-2.77991
-2.86529
-3.02216
-2.81752
-2.99702
-2.4816
-1.88384
-3.21404
-1.93201
0
-0.777081
-2.22252
-2.46835
-1.99959
-0.539072
-2.67147
-1.47603
-1.95027
-1.87818
-3.04776
-1.97221
-1.47229
-3.78857
-1.33233
-2.02264
-2.56945
-0.371434
-0.837388
-3.3465
0.229383
-2.52495
-0.961746
-0.618925
-1.21875
-2.41442
-2.18939
-0.777081
0
-2.02153
-3.36603
-1.25348
-2.47246
-1.62593
-3.13909
-0.982444
-1.13283
-2.93766
-1.6705
0.428424
-1.37492
-0.774422
-2.5915
-3.28532
-1.6706
-2.36538
0.287763
-0.428195
-1.86064
-3.59545
-2.15315
-2.27745
-2.31784
-1.57462
-2.22252
-2.02153
0
-0.621993
-4.09767
-3.20262
-3.33294
-2.44673
-0.419926
-1.65991
0.0982415
-2.80132
-2.7415
-1.28368
-1.83826
-3.09289
-1.97848
-1.66618
-2.84739
0.547634
-1.07111
-0.696363
-3.13195
-2.83423
-1.88985
-3.45967
-3.19394
-2.46835
-3.36603
-0.621993
0
-2.58249
-3.38658
-1.89545
-3.59204
-0.475321
-1.22547
-3.09785
-2.31691
-2.57355
-0.329418
-1.75047
-1.88682
-3.04651
-1.17853
-1.7545
-1.21159
-0.966198
-2.03485
-1.34086
-2.5816
-2.4843
-4.17761
-1.74316
-1.99959
-1.25348
-4.09767
-2.58249
0
-2.9277
-1.35585
-2.98714
-1.06421
-3.34757
-2.17154
-2.21398
-1.87506
-2.60972
-4.34225
-2.21754
-3.19967
-2.94287
-1.21117
-0.905789
-2.86001
-1.53916
-2.25246
-4.05847
-2.63234
-2.16815
-0.703704
-0.539072
-2.47246
-3.20262
-3.38658
-2.9277
0
-1.14159
-3.46721
-1.46705
-0.555389
-2.15169
-1.25682
-1.592
-1.79622
-1.10773
-0.974479
-2.65147
-2.60609
-2.19604
-3.04271
-1.18285
-1.19284
-1.68149
-1.03788
-2.85878
-1.38609
-2.06498
-2.67147
-1.62593
-3.33294
-1.89545
-1.35585
-1.14159
0
-2.44413
-2.02902
-2.44235
0.497772
-1.0843
-1.81737
-2.29388
-2.06026
-2.33199
-1.74912
-3.15453
-2.77364
-2.08383
-1.62332
-2.19154
0.0822182
-3.17755
-3.88137
-3.88287
-1.91515
-1.47603
-3.13909
-2.44673
-3.59204
-2.98714
-3.46721
-2.44413
0
-2.30933
-1.10113
-1.13176
-0.684709
-2.15299
-1.39729
-3.13912
-1.58063
-1.45062
-1.80361
-2.22117
-0.491032
-1.12047
-0.880002
-1.71187
-3.7666
-1.03715
-2.39952
-0.408937
-1.95027
-0.982444
-0.419926
-0.475321
-1.06421
-1.46705
-2.02902
-2.30933
0
-2.6733
-4.20346
-1.35803
-1.15127
-2.51753
-2.45359
-3.74015
-1.57473
-1.43605
-3.09533
-2.44399
-0.189426
-3.49008
-2.47974
-3.09605
-1.95919
-1.50655
-2.03991
-1.87818
-1.13283
-1.65991
-1.22547
-3.34757
-0.555389
-2.44235
-1.10113
-2.6733
0
