0
-1.90257
-2.96249
-3.42808
-2.23789
-0.6956
-1.33279
-0.252938
-2.43746
-1.46549
-2.1021
-2.46851
-3.38676
-1.31554
-1.74848
-2.36764
-2.72589
-1.60389
-1.29614
-0.172471
-2.24461
-2.45568
-2.20812
-2.50358
-3.60375
-2.24162
-1.8367
-1.90257
0
-1.1488
-2.11763
-2.76931
-1.5232
-2.29976
-3.25082
-2.44912
-2.30483
-0.475377
-1.91296
-1.55317
-3.23438
-0.577175
-1.1064
-0.736293
-2.34963
-1.88616
-2.36711
-1.66185
-1.86766
-1.19563
-1.22004
-3.59792
-2.08872
-1.05045
-2.96249
-1.1488
0
-2.90099
-3.815
-1.27023
-3.21336
-2.22299
-2.72493
-3.33207
-2.28049
-3.4421
-4.76954
0.568099
-1.17376
-3.15216
-3.32689
-3.69457
-2.22675
-1.2283
-1.40484
-2.33269
-4.06245
-1.29459
-2.41254
-1.66344
-1.84401
-3.42808
-2.11763
-2.90099
0
-1.13875
-0.9231
-1.94068
-2.26132
-1.76704
-2.82494
-3.82617
-1.90654
-0.741267
-3.56179
-0.322334
-1.68351
-0.526025
-1.00348
-2.86716
-4.10194
-1.99154
-3.00588
-2.09289
-1.06305
-2.31141
-0.801862
-2.15748
-2.23789
-2.76931
-3.815
-1.13875
0
-1.15581
-1.43573
-1.25868
-1.86357
-3.04715
-0.990755
-2.77722
-0.448222
-1.93212
-1.76216
-2.24353
-2.08091
-1.70812
-2.40625
-2.25244
-3.29542
-2.37864
-0.724309
-2.62024
-3.27014
-2.12148
-1.44378
-0.6956
-1.5232
-1.27023
-0.9231
-1.15581
0
-2.35075
-1.92478
-2.64041
-2.92664
-3.1563
-2.4127
-2.84773
-2.12004
-3.1057
-3.78485
0.186504
-3.71501
-2.45245
-1.89584
0.263096
-1.03324
-1.50872
-2.43539
-1.06427
-1.61287
-1.49726
-1.33279
-2.29976
-3.21336
-1.94068
-1.43573
-2.35075
0
0.207573
0.48137
-1.72728
-2.75031
-1.85274
-2.92764
-2.11223
-2.13977
-2.92165
-2.9475
-0.595188
-0.927026
-1.92708
-1.65287
-1.43066
-2.79009
-2.79554
-1.6902
-1.61949
-2.12053
-0.252938
-3.25082
-2.22299
-2.26132
-1.25868
-1.92478
0.207573
0
-2.72273
-1.88063
-1.15479
-1.48655
-1.07986
-4.05231
-2.28095
-0.835738
-2.61107
-1.68455
-4.56449
-1.30639
-3.18227
-2.13896
-3.29469
-2.92841
-1.57464
-2.02504
-1.2772
-2.43746
-2.44912
-2.72493
-1.76704
-1.86357
-2.64041
0.48137
-2.72273
0
-1.99283
-2.1359
-2.29017
-2.45968
-2.88636
-2.33888
-0.650337
-2.23376
-1.46998
-2.19453
-2.16659
-1.3455
-1.90613
-3.60854
-1.45232
-2.94298
-1.82563
-1.6427
-1.46549
-2.30483
-3.33207
-2.82494
-3.04715
-2.92664
-1.72728
-1.88063
-1.99283
0
-2.65133
-1.70242
-1.82112
-3.1537
0.281453
-2.89875
-2.40378
-3.18118
-1.60686
-2.39459
-2.07447
-0.199021
-1.89588
-1.30063
-3.76503
-3.40537
-1.63127
-2.1021
-0.475377
-2.28049
-3.82617
-0.990755
-3.1563
-2.75031
-1.15479
-2.1359
-2.65133
0
0.367651
-1.14277
-1.60077
-3.75412
-2.4633
-2.8438
-0.724607
-2.08579
-0.580296
-1.87301
-2.49306
-2.91216
-3.06293
-2.26364
0.266509
-3.34349
-2.46851
-1.91296
-3.4421
-1.90654
-2.77722
-2.4127
-1.85274
-1.48655
-2.29017
-1.70242
0.367651
0
-0.549229
-0.82894
-2.48802
-2.15292
-1.08465
-1.13362
-1.66761
-2.42617
-3.73489
-1.60249
-3.10174
-1.54368
-2.37885
-2.5068
-1.31665
-3.38676
-1.55317
-4.76954
-0.741267
-0.448222
-2.84773
-2.92764
-1.07986
-2.45968
-1.82112
-1.14277
-0.549229
0
-2.4692
0.66427
-3.65754
-2.19417
-1.92574
-2.40951
-1.82047
-2.54461
-0.339293
-0.986699
-1.22597
-1.33084
-1.27202
-3.07605
-1.31554
-3.23438
0.568099
-3.56179
-1.93212
-2.12004
-2.11223
-4.05231
-2.88636
-3.1537
-1.60077
-0.82894
-2.4692
0
-0.884171
-1.32631
-1.6637
-1.72639
-2.28221
-2.76768
-2.30692
-2.76304
-1.87309
-2.94182
-1.3494
-2.89818
-1.7416
-1.74848
-0.577175
-1.17376
-0.322334
-1.76216
-3.1057
-2.13977
-2.28095
-2.33888
0.281453
-3.75412
-2.48802
0.66427
-0.884171
0
-2.2349
-1.5533
-2.91982
0.876141
-1.30233
-0.514503
-3.73119
-0.867812
-2.27864
0.600644
-2.98089
-1.75779
-2.36764
-1.1064
-3.15216
-1.68351
-2.24353
-3.78485
-2.92165
-0.835738
-0.650337
-2.89875
-2.4633
-2.15292
-3.65754
-1.32631
-2.2349
0
-0.375516
-0.266519
-2.01828
-2.9585
-1.25333
-2.99847
-2.12018
-3.17345
-1.61466
-0.703206
-0.692986
-2.72589
-0.736293
-3.32689
-0.526025
-2.08091
0.186504
-2.9475
-2.61107
-2.23376
-2.40378
-2.8438
-1.08465
-2.19417
-1.6637
-1.5533
-0.375516
0
-1.97295
-0.614594
-2.2968
-1.25065
-1.3485
-1.88322
-2.82856
-2.63064
-2.28527
-2.39273
-1.60389
-2.34963
-3.69457
-1.00348
-1.70812
-3.71501
-0.595188
-1.68455
-1.46998
-3.18118
-0.724607
-1.13362
-1.92574
-1.72639
-2.91982
-0.266519
-1.97295
0
-1.85384
-1.71086
-3.27766
-3.15018
-3.26565
-1.17281
-0.680045
-1.63618
-3.50526
-1.29614
-1.88616
-2.22675
-2.86716
-2.40625
-2.45245
-0.927026
-4.56449
-2.19453
-1.60686
-2.08579
-1.66761
-2.40951
-2.28221
0.876141
-2.01828
-0.614594
-1.85384
0
-1.83006
-3.23114
-0.896502
-1.31468
-2.0662
-3.09579
-2.16054
-2.20408
-0.172471
-2.36711
-1.2283
-4.10194
-2.25244
-1.89584
-1.92708
-1.30639
-2.16659
-2.39459
-0.580296
-2.42617
-1.82047
-2.76768
-1.30233
-2.9585
-2.2968
-1.71086
-1.83006
0
0.650043
-0.660102
-0.2517
-0.738513
-2.25098
-0.892711
-2.62481
-2.24461
-1.66185
-1.40484
-1.99154
-3.29542
0.263096
-1.65287
-3.18227
-1.3455
-2.07447
-1.87301
-3.73489
-2.54461
-2.30692
-0.514503
-1.25333
-1.25065
-3.27766
-3.23114
0.650043
0
-1.1268
-3.30158
-0.599335
-1.66621
-0.102787
-2.41616
-2.45568
-1.86766
-2.33269
-3.00588
-2.37864
-1.03324
-1.43066
-2.13896
-1.90613
-0.199021
-2.49306
-1.60249
-0.339293
-2.76304
-3.73119
-2.99847
-1.3485
-3.15018
-0.896502
-0.660102
-1.1268
0
-1.25391
-1.43762
-2.5508
-2.07102
-1.51176
-2.20812
-1.19563
-4.06245
-2.09289
-0.724309
-1.50872
-2.79009
-3.29469
-3.60854
-1.89588
-2.91216
-3.10174
-0.986699
-1.87309
-0.867812
-2.12018
-1.88322
-3.26565
-1.31468
-0.2517
-3.30158
-1.25391
0
-3.28411
-1.73308
-2.55388
-1.14786
-2.50358
-1.22004
-1.29459
-1.06305
-2.62024
-2.43539
-2.79554
-2.92841
-1.45232
-1.30063
-3.06293
-1.54368
-1.22597
-2.94182
-2.27864
-3.17345
-2.82856
-1.17281
-2.0662
-0.738513
-0.599335
-1.43762
-3.28411
0
-2.35728
-2.59558
-0.960013
-3.60375
-3.59792
-2.41254
-2.31141
-3.27014
-1.06427
-1.6902
-1.57464
-2.94298
-3.76503
-2.26364
-2.37885
-1.33084
-1.3494
0.600644
-1.61466
-2.63064
-0.680045
-3.09579
-2.25098
-1.66621
-2.5508
-1.73308
-2.35728
0
-2.69627
-2.71555
-2.24162
-2.08872
-1.66344
-0.801862
-2.12148
-1.61287
-1.61949
-2.02504
-1.82563
-3.40537
0.266509
-2.5068
-1.27202
-2.89818
-2.98089
-0.703206
-2.28527
-1.63618
-2.16054
-0.892711
-0.102787
-2.07102
-2.55388
-2.59558
-2.69627
0
-1.70659
-1.8367
-1.05045
-1.84401
-2.15748
-1.44378
-1.49726
-2.12053
-1.2772
-1.6427
-1.63127
-3.34349
-1.31665
-3.07605
-1.7416
-1.75779
-0.692986
-2.39273
-3.50526
-2.20408
-2.62481
-2.41616
-1.51176
-1.14786
-0.960013
-2.71555
-1.70659
0
