0
-2.68705
-2.8388
-1.16565
-2.44707
-3.17728
-1.0777
-3.86292
-2.85662
-0.796132
-2.0739
-2.37453
-2.27405
-2.39542
-2.74263
-0.623988
-1.30148
-3.37538
-2.73937
-1.15327
-1.37291
-2.9752
-2.87862
-0.942873
-2.03127
-0.801259
-2.20904
-2.68705
0
-2.05234
-2.01455
-1.59549
-1.83063
-2.17247
-3.89852
-0.363835
-2.9496
-2.0813
-2.6563
-1.93089
-2.07649
-3.57887
-2.26846
-2.86005
-1.16466
-2.38107
-4.06203
-2.31369
-2.97687
-4.77074
-2.62422
-0.989835
-5.53466
-2.18633
-2.8388
-2.05234
0
-1.74519
0.00843776
-1.9312
-1.5946
-1.80761
-0.286242
-3.85572
-2.79876
-2.08868
-3.59616
-1.87335
-1.67807
-1.2692
-3.14007
-2.725
-0.594907
-2.83844
-2.58146
-4.43842
-0.6596
-1.17471
-1.89927
-1.63841
-1.63281
-1.16565
-2.01455
-1.74519
0
-2.44385
-2.08119
-4.06069
-3.38908
-2.86784
-2.7259
-1.06932
-1.02487
-1.65534
-2.70824
-1.131
-2.29103
-2.94879
-0.399964
-1.38221
-3.0548
-2.16356
-2.95086
-1.92341
-3.35078
-1.14834
-2.34269
-2.37918
-2.44707
-1.59549
0.00843776
-2.44385
0
-2.15705
-3.60302
-1.3333
-1.49673
-0.442158
-1.22871
-2.43159
-3.04189
-1.61957
-2.71879
-2.38704
-1.84162
-0.915024
-1.02327
-1.2586
-2.38226
-0.709639
-3.0988
-1.87873
-4.61227
-1.05199
-3.6083
-3.17728
-1.83063
-1.9312
-2.08119
-2.15705
0
-3.32406
0.268398
-0.894026
-1.16951
-2.73313
-0.481628
-1.68246
-3.2109
-1.17084
-1.42113
-1.34108
-2.03011
-1.82867
-2.31065
-2.54714
-2.28083
-2.31811
-2.5212
1.16211
-3.91532
-4.26051
-1.0777
-2.17247
-1.5946
-4.06069
-3.60302
-3.32406
0
-2.03662
-0.749572
-1.5401
-3.01905
-2.2402
-0.689805
-2.75979
-1.80445
-3.65101
-1.66405
-2.20129
0.0943595
-1.71403
-1.94382
-1.99294
0.203053
-0.891677
-4.47244
-2.91466
-2.5158
-3.86292
-3.89852
-1.80761
-3.38908
-1.3333
0.268398
-2.03662
0
-2.50366
1.20412
-1.09556
-3.22751
-2.04412
-2.22507
-2.36299
-3.7644
-4.00049
-1.20215
-3.28036
-3.79216
-1.86946
-1.02612
-1.4273
-2.61021
-0.634086
-1.91255
-1.291
-2.85662
-0.363835
-0.286242
-2.86784
-1.49673
-0.894026
-0.749572
-2.50366
0
-2.34946
-1.99432
-5.51004
-2.48102
-4.62285
-1.99993
-1.05024
-3.23419
0.633694
-2.15401
-2.42166
-2.60879
-0.592852
-1.98702
-1.83562
-3.34295
-1.61332
-1.92085
-0.796132
-2.9496
-3.85572
-2.7259
-0.442158
-1.16951
-1.5401
1.20412
-2.34946
0
-1.76789
-2.65746
-1.4779
-1.73003
-2.9165
-1.95887
-1.73346
-2.70358
-1.8357
-2.42496
-3.91307
-2.58772
-0.880293
0.528949
-3.01852
-2.67208
-2.47507
-2.0739
-2.0813
-2.79876
-1.06932
-1.22871
-2.73313
-3.01905
-1.09556
-1.99432
-1.76789
0
-2.91146
-0.636471
-1.92288
-1.74749
-2.08689
-0.862717
-2.39792
-1.92697
-1.26499
-3.1096
-1.73897
-2.46376
-4.00862
-0.533005
-1.67531
-0.48529
-2.37453
-2.6563
-2.08868
-1.02487
-2.43159
-0.481628
-2.2402
-3.22751
-5.51004
-2.65746
-2.91146
0
-0.285811
-2.55487
-2.71023
-3.06775
-1.76924
-3.11429
-1.8118
-2.10724
-2.33414
-0.844252
-2.55007
-0.404548
-1.54623
-2.60338
-3.00066
-2.27405
-1.93089
-3.59616
-1.65534
-3.04189
-1.68246
-0.689805
-2.04412
-2.48102
-1.4779
-0.636471
-0.285811
0
-1.34054
-2.36946
-1.70158
-1.36807
-2.62553
-0.227066
-1.12847
-2.76928
-0.857672
-2.14039
-2.4732
-0.70969
-4.22954
-2.14315
-2.39542
-2.07649
-1.87335
-2.70824
-1.61957
-3.2109
-2.75979
-2.22507
-4.62285
-1.73003
-1.92288
-2.55487
-1.34054
0
-2.89724
-2.42184
-2.38179
0.262517
-4.74387
-1.01496
-2.30318
-2.99347
-2.84463
-2.1344
-2.01223
-3.48322
-1.90961
-2.74263
-3.57887
-1.67807
-1.131
-2.71879
-1.17084
-1.80445
-2.36299
-1.99993
-2.9165
-1.74749
-2.71023
-2.36946
-2.89724
0
-0.419071
-2.41717
-2.86558
-3.53992
-2.30877
-1.01536
-2.87516
-0.549843
-3.41935
-2.38408
-2.80598
-1.39982
-0.623988
-2.26846
-1.2692
-2.29103
-2.38704
-1.42113
-3.65101
-3.7644
-1.05024
-1.95887
-2.08689
-3.06775
-1.70158
-2.42184
-0.419071
0
0.358974
-3.28131
-2.29917
-1.57534
-2.36491
-1.24167
-1.68032
-2.44036
-3.53749
-2.90778
-1.95801
-1.30148
-2.86005
-3.14007
-2.94879
-1.84162
-1.34108
-1.66405
-4.00049
-3.23419
-1.73346
-0.862717
-1.76924
-1.36807
-2.38179
-2.41717
0.358974
0
-2.29251
-1.9882
-1.17058
-1.8479
-1.8357
-4.51231
-2.50616
-2.43035
-2.72845
-2.57272
-3.37538
-1.16466
-2.725
-0.399964
-0.915024
-2.03011
-2.20129
-1.20215
0.633694
-2.70358
-2.39792
-3.11429
-2.62553
0.262517
-2.86558
-3.28131
-2.29251
0
-0.373119
-0.96347
-3.23955
-2.44097
-0.153956
-0.400111
-3.14981
-3.51917
-1.84774
-2.73937
-2.38107
-0.594907
-1.38221
-1.02327
-1.82867
0.0943595
-3.28036
-2.15401
-1.8357
-1.92697
-1.8118
-0.227066
-4.74387
-3.53992
-2.29917
-1.9882
-0.373119
0
-2.94103
-1.97309
-2.05572
-2.07093
-3.1286
-2.14879
-3.35221
-2.01657
-1.15327
-4.06203
-2.83844
-3.0548
-1.2586
-2.31065
-1.71403
-3.79216
-2.42166
-2.42496
-1.26499
-2.10724
-1.12847
-1.01496
-2.30877
-1.57534
-1.17058
-0.96347
-2.94103
0
-2.66415
-2.26114
-2.95533
-1.62855
-4.87008
-0.888664
-1.48425
-1.37291
-2.31369
-2.58146
-2.16356
-2.38226
-2.54714
-1.94382
-1.86946
-2.60879
-3.91307
-3.1096
-2.33414
-2.76928
-2.30318
-1.01536
-2.36491
-1.8479
-3.23955
-1.97309
-2.66415
0
-0.358952
-2.35781
-2.67676
-2.42881
-1.7104
-2.88443
-2.9752
-2.97687
-4.43842
-2.95086
-0.709639
-2.28083
-1.99294
-1.02612
-0.592852
-2.58772
-1.73897
-0.844252
-0.857672
-2.99347
-2.87516
-1.24167
-1.8357
-2.44097
-2.05572
-2.26114
-0.358952
0
-1.54849
-2.85322
-0.564801
-2.8954
-1.41565
-2.87862
-4.77074
-0.6596
-1.92341
-3.0988
-2.31811
0.203053
-1.4273
-1.98702
-0.880293
-2.46376
-2.55007
-2.14039
-2.84463
-0.549843
-1.68032
-4.51231
-0.153956
-2.07093
-2.95533
-2.35781
-1.54849
0
-1.57733
-0.0851837
-2.49831
-1.61429
-0.942873
-2.62422
-1.17471
-3.35078
-1.87873
-2.5212
-0.891677
-2.61021
-1.83562
0.528949
-4.00862
-0.404548
-2.4732
-2.1344
-3.41935
-2.44036
-2.50616
-0.400111
-3.1286
-1.62855
-2.67676
-2.85322
-1.57733
0
-1.20459
-3.16627
-2.45798
-2.03127
-0.989835
-1.89927
-1.14834
-4.61227
1.16211
-4.47244
-0.634086
-3.34295
-3.01852
-0.533005
-1.54623
-0.70969
-2.01223
-2.38408
-3.53749
-2.43035
-3.14981
-2.14879
-4.87008
-2.42881
-0.564801
-0.0851837
-1.20459
0
-1.5308
-2.45934
-0.801259
-5.53466
-1.63841
-2.34269
-1.05199
-3.91532
-2.91466
-1.91255
-1.61332
-2.67208
-1.67531
-2.60338
-4.22954
-3.48322
-2.80598
-2.90778
-2.72845
-3.51917
-3.35221
-0.888664
-1.7104
-2.8954
-2.49831
-3.16627
-1.5308
0
-1.15195
-2.20904
-2.18633
-1.63281
-2.37918
-3.6083
-4.26051
-2.5158
-1.291
-1.92085
-2.47507
-0.48529
-3.00066
-2.14315
-1.90961
-1.39982
-1.95801
-2.57272
-1.84774
-2.01657
-1.48425
-2.88443
-1.41565
-1.61429
-2.45798
-2.45934
-1.15195
0
