0
-1.40749
-0.118201
-2.40024
-1.58486
-3.5983
-1.49371
-3.19712
-3.21208
-3.31462
-2.34391
-2.66207
-3.25014
-2.01457
-3.32402
-2.31402
-2.23461
-1.85541
-2.74452
-4.74643
-1.80606
-0.459327
-0.257946
-1.87234
-2.76729
-1.53537
-3.5112
-1.40749
0
-0.795007
-1.15782
-0.979653
-3.39497
-2.12952
-1.93781
-0.648003
-1.09463
-2.73284
-2.10303
-2.5261
-0.883204
-1.61689
-2.78318
-1.27325
-0.421316
-1.2107
-2.44856
-2.51041
-1.54787
-1.82875
-1.68181
-3.56488
-2.0682
-1.38883
-0.118201
-0.795007
0
-3.72549
-1.45075
0.445495
-1.87506
-1.95552
-2.14192
-1.38578
-2.42246
-4.74166
-3.68187
-2.28695
-0.754437
-2.0841
-1.3488
-2.24208
-2.17067
-2.55073
-2.31404
-1.31275
-1.78728
-2.09341
-2.32534
-2.78787
-1.79854
-2.40024
-1.15782
-3.72549
0
-1.55622
-3.03259
-1.58273
-1.56714
-2.46386
-2.05602
-0.969706
-3.0187
-2.39097
-3.90112
-2.3074
-2.80379
-3.52871
-1.85694
-0.785513
-3.39295
-2.30367
-0.378287
-2.09019
-3.67513
-1.93836
-4.48628
-3.4813
-1.58486
-0.979653
-1.45075
-1.55622
0
-2.84081
-1.46423
-1.36869
-1.59329
-1.328
-1.60242
-3.25882
-1.30149
-4.41063
-3.62676
-0.830922
-2.21457
-3.43482
-1.96456
0.0758461
-1.49526
-2.21897
-3.91298
0.136561
-1.93036
-0.972715
-2.97511
-3.5983
-3.39497
0.445495
-3.03259
-2.84081
0
-3.07734
-1.4787
-2.76957
-1.1891
-1.89701
-0.687655
-2.21755
-0.738621
-1.66564
-2.56406
-2.38161
-0.880004
-3.12668
-4.38568
-0.357672
-2.32031
0.189718
-3.94473
-1.9869
-1.59231
-1.05343
-1.49371
-2.12952
-1.87506
-1.58273
-1.46423
-3.07734
0
-2.6187
-1.48295
-2.3231
-2.10809
-2.78975
-2.59967
-1.69241
-2.14853
-0.133314
-2.34029
-2.69853
-3.64092
-3.45975
-2.84923
-0.551582
-1.46954
-3.10284
-2.07898
-2.46288
-1.90965
-3.19712
-1.93781
-1.95552
-1.56714
-1.36869
-1.4787
-2.6187
0
-3.35671
-2.80197
-1.62649
-3.22711
-2.76611
-1.82093
-2.3236
0.151023
-1.56223
0.212765
-1.07025
-0.81362
-1.55438
-2.41057
-0.599235
-1.03546
-0.848752
-1.46109
-1.97935
-3.21208
-0.648003
-2.14192
-2.46386
-1.59329
-2.76957
-1.48295
-3.35671
0
-0.253184
-0.866573
-2.25307
-0.801474
-2.18158
-1.82024
-1.90905
-1.82433
-2.89978
-3.08984
-2.56669
-2.15569
-1.57653
-1.16501
-1.34411
-1.44707
-2.70367
-2.52903
-3.31462
-1.09463
-1.38578
-2.05602
-1.328
-1.1891
-2.3231
-2.80197
-0.253184
0
-1.86735
-2.56795
-0.673709
-2.50898
-1.39198
-1.87557
-1.96762
-1.47071
-2.4699
-3.67032
-1.43825
-3.93329
-2.6793
-3.76817
-3.62724
-2.79773
-0.818446
-2.34391
-2.73284
-2.42246
-0.969706
-1.60242
-1.89701
-2.10809
-1.62649
-0.866573
-1.86735
0
-3.50394
-2.53306
-0.772225
-2.86142
-2.90036
-3.11446
-2.28315
-3.06213
-2.29702
-1.07625
-2.56558
-3.21961
-2.16286
-2.84391
-4.55451
-2.12263
-2.66207
-2.10303
-4.74166
-3.0187
-3.25882
-0.687655
-2.78975
-3.22711
-2.25307
-2.56795
-3.50394
0
-2.44574
-1.28682
-2.94954
-2.19488
-1.84474
-0.211267
-2.07675
-1.98907
-1.08504
-1.83295
-2.07183
-1.2125
-2.05599
-1.2077
-3.44792
-3.25014
-2.5261
-3.68187
-2.39097
-1.30149
-2.21755
-2.59967
-2.76611
-0.801474
-0.673709
-2.53306
-2.44574
0
-2.59063
-4.06581
-3.35322
0.104711
-2.37994
-1.03856
-2.07668
-1.17134
-2.47301
-1.86735
-1.69017
-1.97043
-3.6216
-1.859
-2.01457
-0.883204
-2.28695
-3.90112
-4.41063
-0.738621
-1.69241
-1.82093
-2.18158
-2.50898
-0.772225
-1.28682
-2.59063
0
-1.12778
-2.07183
0.209576
-2.17847
-2.46281
-2.08326
-2.23844
-0.385897
-1.52849
-2.84742
-2.35588
-2.07746
-0.838659
-3.32402
-1.61689
-0.754437
-2.3074
-3.62676
-1.66564
-2.14853
-2.3236
-1.82024
-1.39198
-2.86142
-2.94954
-4.06581
-1.12778
0
-0.625034
-0.570435
-1.26974
-3.76524
-3.16141
-1.55
-1.62839
-2.02802
-2.47001
-0.21602
-3.44553
-3.1643
-2.31402
-2.78318
-2.0841
-2.80379
-0.830922
-2.56406
-0.133314
0.151023
-1.90905
-1.87557
-2.90036
-2.19488
-3.35322
-2.07183
-0.625034
0
-2.31495
-2.37809
-2.30645
-2.80383
-2.05605
-0.707481
-1.90146
-3.04665
-1.83584
-1.99829
-1.81984
-2.23461
-1.27325
-1.3488
-3.52871
-2.21457
-2.38161
-2.34029
-1.56223
-1.82433
-1.96762
-3.11446
-1.84474
0.104711
0.209576
-0.570435
-2.31495
0
-2.54371
-3.46495
-3.20901
-0.80083
-0.860719
-1.5066
-3.09752
-2.71505
-2.81116
-1.63428
-1.85541
-0.421316
-2.24208
-1.85694
-3.43482
-0.880004
-2.69853
0.212765
-2.89978
-1.47071
-2.28315
-0.211267
-2.37994
-2.17847
-1.26974
-2.37809
-2.54371
0
-2.77096
-2.681
-2.69355
-2.36395
-2.25984
-1.92547
-2.72221
-1.2401
-2.26046
-2.74452
-1.2107
-2.17067
-0.785513
-1.96456
-3.12668
-3.64092
-1.07025
-3.08984
-2.4699
-3.06213
-2.07675
-1.03856
-2.46281
-3.76524
-2.30645
-3.46495
-2.77096
0
-3.3237
-1.85772
-3.22106
-1.70634
-3.0457
-2.20329
-2.6037
-0.525417
-4.74643
-2.44856
-2.55073
-3.39295
0.0758461
-4.38568
-3.45975
-0.81362
-2.56669
-3.67032
-2.29702
-1.98907
-2.07668
-2.08326
-3.16141
-2.80383
-3.20901
-2.681
-3.3237
0
-3.26237
-3.28001
-3.26208
-4.23284
-2.71082
-1.92097
-2.347
-1.80606
-2.51041
-2.31404
-2.30367
-1.49526
-0.357672
-2.84923
-1.55438
-2.15569
-1.43825
-1.07625
-1.08504
-1.17134
-2.23844
-1.55
-2.05605
-0.80083
-2.69355
-1.85772
-3.26237
0
-1.39278
-0.853805
-2.10148
-0.337964
-1.39294
-1.81607
-0.459327
-1.54787
-1.31275
-0.378287
-2.21897
-2.32031
-0.551582
-2.41057
-1.57653
-3.93329
-2.56558
-1.83295
-2.47301
-0.385897
-1.62839
-0.707481
-0.860719
-2.36395
-3.22106
-3.28001
-1.39278
0
-0.67165
-2.36954
-2.83324
-3.20587
-2.34214
-0.257946
-1.82875
-1.78728
-2.09019
-3.91298
0.189718
-1.46954
-0.599235
-1.16501
-2.6793
-3.21961
-2.07183
-1.86735
-1.52849
-2.02802
-1.90146
-1.5066
-2.25984
-1.70634
-3.26208
-0.853805
-0.67165
0
-4.03334
-0.0300846
-1.55112
-3.23884
-1.87234
-1.68181
-2.09341
-3.67513
0.136561
-3.94473
-3.10284
-1.03546
-1.34411
-3.76817
-2.16286
-1.2125
-1.69017
-2.84742
-2.47001
-3.04665
-3.09752
-1.92547
-3.0457
-4.23284
-2.10148
-2.36954
-4.03334
0
-1.08391
-1.9931
-2.23091
-2.76729
-3.56488
-2.32534
-1.93836
-1.93036
-1.9869
-2.07898
-0.848752
-1.44707
-3.62724
-2.84391
-2.05599
-1.97043
-2.35588
-0.21602
-1.83584
-2.71505
-2.72221
-2.20329
-2.71082
-0.337964
-2.83324
-0.0300846
-1.08391
0
-1.13905
-0.987861
-1.53537
-2.0682
-2.78787
-4.48628
-0.972715
-1.59231
-2.46288
-1.46109
-2.70367
-2.79773
-4.55451
-1.2077
-3.6216
-2.07746
-3.44553
-1.99829
-2.81116
-1.2401
-2.6037
-1.92097
-1.39294
-3.20587
-1.55112
-1.9931
-1.13905
0
-1.30012
-3.5112
-1.38883
-1.79854
-3.4813
-2.97511
-1.05343
-1.90965
-1.97935
-2.52903
-0.818446
-2.12263
-3.44792
-1.859
-0.838659
-3.1643
-1.81984
-1.63428
-2.26046
-0.525417
-2.347
-1.81607
-2.34214
-3.23884
-2.23091
-0.987861
-1.30012
0
