0
-2.4628
-2.03935
-0.546129
-1.63586
-3.06235
-2.07805
-2.94674
-0.194195
-1.85518
-2.29164
-2.11532
-3.04963
-3.02154
-3.65009
-2.08014
-1.71667
-0.998524
-1.61698
-3.36872
-1.62667
-2.00364
-1.59394
-0.947696
-2.32958
0.439532
-1.76304
-2.4628
0
-1.67093
-1.14885
-0.225221
-3.3862
-1.77506
-0.719733
-3.23922
-3.27639
-1.66698
-1.72856
-0.706893
-1.77634
-1.83748
0.617657
-1.45632
-3.31114
-2.32507
-2.78999
-2.61318
-2.53251
-0.737384
-3.60478
-1.92271
-2.98966
-3.2473
-2.03935
-1.67093
0
-1.56301
-2.98312
-1.70105
-3.08785
-0.560942
-1.44255
-1.49378
-1.88849
-3.821
-1.32313
-1.17918
-1.69016
-3.41942
-1.4068
-2.60761
-2.19713
-1.78525
-2.42186
-1.26233
-1.85577
-0.887187
-2.97226
-3.57444
-1.73955
-0.546129
-1.14885
-1.56301
0
-2.01048
-2.9317
-2.46976
-1.26139
-2.06789
-3.62623
-2.21628
-2.35682
-2.2064
1.07454
-2.05777
-2.85486
-2.75657
-1.19544
-0.232515
-1.94064
-2.502
-0.372021
-2.17047
-2.36038
-2.60503
-1.72043
-0.429859
-1.63586
-0.225221
-2.98312
-2.01048
0
-0.686601
-0.343628
-1.31021
-1.92961
-1.1233
-2.21387
-2.4059
-2.23826
-0.985422
-2.05437
-2.34282
-2.2232
-1.88448
-3.7174
-2.75191
-3.54803
-0.953073
-1.60336
0.539883
-1.32902
-0.40758
-1.99073
-3.06235
-3.3862
-1.70105
-2.9317
-0.686601
0
-3.15958
-1.33234
-1.19067
-0.262797
-2.0987
-3.28432
-2.17156
-0.965052
-1.14738
-0.548606
-1.23507
-1.98072
-4.4801
-1.41093
-1.71986
-3.20931
-0.902986
-3.14752
-3.37543
-1.32899
-0.61829
-2.07805
-1.77506
-3.08785
-2.46976
-0.343628
-3.15958
0
-1.25168
-0.695593
-4.51288
-3.71969
-3.49146
-1.02811
-1.09805
-1.33984
-1.851
-2.69408
-2.04333
-1.86612
-1.50464
-2.62147
-3.04578
-3.5524
-2.79549
-1.19203
-2.02817
-0.413339
-2.94674
-0.719733
-0.560942
-1.26139
-1.31021
-1.33234
-1.25168
0
-2.8299
-2.7949
-2.06815
-4.77787
-2.81343
-1.3294
-1.5781
-2.81793
-1.50508
-0.899308
-2.55112
-2.01616
-2.36872
-2.86708
0.18432
-0.791427
-1.23479
-0.865706
-1.89294
-0.194195
-3.23922
-1.44255
-2.06789
-1.92961
-1.19067
-0.695593
-2.8299
0
-2.63788
-1.98631
-3.16288
-1.42629
-1.68161
-1.54711
-1.11178
-1.80063
-3.16703
-0.901335
-2.19354
-2.36213
-2.85156
-2.32736
-1.76497
-1.38785
-1.683
-2.09224
-1.85518
-3.27639
-1.49378
-3.62623
-1.1233
-0.262797
-4.51288
-2.7949
-2.63788
0
0.204497
-3.20192
-1.32923
-2.37047
-1.9576
-0.762346
-2.90459
-1.84594
-2.10596
-2.31181
-1.43658
-1.47857
-3.26949
-3.87509
-2.87531
-2.17048
-2.67916
-2.29164
-1.66698
-1.88849
-2.21628
-2.21387
-2.0987
-3.71969
-2.06815
-1.98631
0.204497
0
-0.636708
-1.5594
-1.35873
-1.90025
-0.803045
-0.486727
-2.71614
-2.74969
-1.14986
-2.99834
-1.73413
-1.61528
-2.16852
-1.95184
-1.23041
-3.13995
-2.11532
-1.72856
-3.821
-2.35682
-2.4059
-3.28432
-3.49146
-4.77787
-3.16288
-3.20192
-0.636708
0
-1.11059
0.0875909
-2.9283
-1.80335
-2.94501
-1.19041
-2.30294
-2.91844
-2.75602
-1.80578
-3.61544
-1.66642
-2.73944
-2.92153
-2.39737
-3.04963
-0.706893
-1.32313
-2.2064
-2.23826
-2.17156
-1.02811
-2.81343
-1.42629
-1.32923
-1.5594
-1.11059
0
-1.20487
-1.35465
-1.4389
-1.00436
-2.76834
-2.12313
-2.1931
-1.80348
-2.17726
-1.81681
0.279696
-2.28776
-2.07562
-1.47292
-3.02154
-1.77634
-1.17918
1.07454
-0.985422
-0.965052
-1.09805
-1.3294
-1.68161
-2.37047
-1.35873
0.0875909
-1.20487
0
0.288426
0.182466
-1.89678
-2.78424
-1.39655
-2.18726
-1.13673
-0.15064
-0.257909
-1.89724
-2.46746
-1.71673
-1.14538
-3.65009
-1.83748
-1.69016
-2.05777
-2.05437
-1.14738
-1.33984
-1.5781
-1.54711
-1.9576
-1.90025
-2.9283
-1.35465
0.288426
0
-0.627739
-1.84322
-2.28593
-2.16717
-2.1704
-2.58556
-2.29084
-2.99241
-3.06144
-0.999993
-1.61812
-3.04293
-2.08014
0.617657
-3.41942
-2.85486
-2.34282
-0.548606
-1.851
-2.81793
-1.11178
-0.762346
-0.803045
-1.80335
-1.4389
0.182466
-0.627739
0
-2.07381
-1.6444
-2.01133
-2.542
-2.87731
-0.324917
-1.612
-1.80297
-2.9955
-1.28837
-2.77436
-1.71667
-1.45632
-1.4068
-2.75657
-2.2232
-1.23507
-2.69408
-1.50508
-1.80063
-2.90459
-0.486727
-2.94501
-1.00436
-1.89678
-1.84322
-2.07381
0
-1.43417
-2.85566
-1.94493
-1.92494
-3.08791
-0.988747
-2.17573
-2.0088
0.0541135
-1.48316
-0.998524
-3.31114
-2.60761
-1.19544
-1.88448
-1.98072
-2.04333
-0.899308
-3.16703
-1.84594
-2.71614
-1.19041
-2.76834
-2.78424
-2.28593
-1.6444
-1.43417
0
-1.56485
-1.06349
-2.19659
-2.04688
-1.45047
-3.24767
-2.59716
-1.56534
-3.14569
-1.61698
-2.32507
-2.19713
-0.232515
-3.7174
-4.4801
-1.86612
-2.55112
-0.901335
-2.10596
-2.74969
-2.30294
-2.12313
-1.39655
-2.16717
-2.01133
-2.85566
-1.56485
0
-3.72905
-1.48983
-1.77104
-3.1692
-0.738284
-1.88427
-2.61502
-1.02411
-3.36872
-2.78999
-1.78525
-1.94064
-2.75191
-1.41093
-1.50464
-2.01616
-2.19354
-2.31181
-1.14986
-2.91844
-2.1931
-2.18726
-2.1704
-2.542
-1.94493
-1.06349
-3.72905
0
-1.91948
-2.57651
-1.36939
-2.49102
-2.84427
-3.41852
-2.42673
-1.62667
-2.61318
-2.42186
-2.502
-3.54803
-1.71986
-2.62147
-2.36872
-2.36213
-1.43658
-2.99834
-2.75602
-1.80348
-1.13673
-2.58556
-2.87731
-1.92494
-2.19659
-1.48983
-1.91948
0
-1.66604
-2.14878
-0.798957
-0.789123
-1.2307
-2.60883
-2.00364
-2.53251
-1.26233
-0.372021
-0.953073
-3.20931
-3.04578
-2.86708
-2.85156
-1.47857
-1.73413
-1.80578
-2.17726
-0.15064
-2.29084
-0.324917
-3.08791
-2.04688
-1.77104
-2.57651
-1.66604
0
-1.91819
-1.43424
-0.576618
-2.41609
-1.9603
-1.59394
-0.737384
-1.85577
-2.17047
-1.60336
-0.902986
-3.5524
0.18432
-2.32736
-3.26949
-1.61528
-3.61544
-1.81681
-0.257909
-2.99241
-1.612
-0.988747
-1.45047
-3.1692
-1.36939
-2.14878
-1.91819
0
-1.67905
-2.98492
-3.53255
-0.314353
-0.947696
-3.60478
-0.887187
-2.36038
0.539883
-3.14752
-2.79549
-0.791427
-1.76497
-3.87509
-2.16852
-1.66642
0.279696
-1.89724
-3.06144
-1.80297
-2.17573
-3.24767
-0.738284
-2.49102
-0.798957
-1.43424
-1.67905
0
-1.81729
0.0645162
-0.284169
-2.32958
-1.92271
-2.97226
-2.60503
-1.32902
-3.37543
-1.19203
-1.23479
-1.38785
-2.87531
-1.95184
-2.73944
-2.28776
-2.46746
-0.999993
-2.9955
-2.0088
-2.59716
-1.88427
-2.84427
-0.789123
-0.576618
-2.98492
-1.81729
0
-0.422596
-2.08277
0.439532
-2.98966
-3.57444
-1.72043
-0.40758
-1.32899
-2.02817
-0.865706
-1.683
-2.17048
-1.23041
-2.92153
-2.07562
-1.71673
-1.61812
-1.28837
0.0541135
-1.56534
-2.61502
-3.41852
-1.2307
-2.41609
-3.53255
0.0645162
-0.422596
0
-2.30019
-1.76304
-3.2473
-1.73955
-0.429859
-1.99073
-0.61829
-0.413339
-1.89294
-2.09224
-2.67916
-3.13995
-2.39737
-1.47292
-1.14538
-3.04293
-2.77436
-1.48316
-3.14569
-1.02411
-2.42673
-2.60883
-1.9603
-0.314353
-0.284169
-2.08277
-2.30019
0
