0
-3.09308
-2.74838
-0.826719
-2.36833
-2.13856
-1.68835
-3.15706
-3.15279
-0.23534
-1.70693
-2.24866
-2.29063
-1.13124
-1.52097
-1.92783
-0.656335
0.33274
-1.02546
-1.72722
-2.70636
-2.8205
-1.60978
-1.99415
-1.5005
-3.08103
-3.07621
-3.09308
0
-2.09075
-2.25828
-4.88175
-3.36534
-2.86068
-1.67465
-1.56265
-2.50296
-2.4544
-1.34161
-0.304368
-1.92389
-1.99564
-2.71669
-3.03904
-2.1385
-3.43654
-1.29865
-1.96615
-3.15458
-0.916067
-0.419718
-1.47214
-1.33318
-1.22166
-2.74838
-2.09075
0
-1.57999
-3.22669
-4.60198
-1.86893
0.0716736
-3.53017
-2.37129
-0.450933
-1.44455
-0.75933
-2.07356
-0.16356
-2.0709
-2.64258
-1.99996
-3.35714
-2.41141
-0.460571
-2.53986
-1.85547
-3.72184
-1.4522
-3.07437
-3.12869
-0.826719
-2.25828
-1.57999
0
-1.06568
-0.333083
-0.831574
-1.57557
-3.40784
-2.31437
-1.79552
-2.88797
-2.79854
-1.85337
-2.3926
-1.34923
-1.98073
-1.86569
-2.54263
-2.34764
-2.46989
-2.02046
-1.79729
-0.553549
-0.653557
-0.94587
-3.05196
-2.36833
-4.88175
-3.22669
-1.06568
0
-2.64561
-2.82993
-0.633285
-2.61611
-2.59614
-3.10639
-2.00704
-2.09324
-1.98449
-2.06251
-3.27501
-3.37166
-1.83811
-2.82746
-2.9118
-1.00481
-3.13278
-0.877729
-3.16834
-3.26295
-0.605729
-2.20061
-2.13856
-3.36534
-4.60198
-0.333083
-2.64561
0
-4.50475
-1.34158
-1.5086
-1.98586
-2.06497
-4.02759
-1.73097
-1.62453
-3.56888
-2.4841
-0.374583
-4.45589
-3.00464
-3.10424
-0.708184
-2.12783
-1.65663
-2.67798
-0.606978
-1.39384
-2.41607
-1.68835
-2.86068
-1.86893
-0.831574
-2.82993
-4.50475
0
-2.21299
-1.14826
-2.44496
-0.706336
-1.8175
-2.23526
-3.06286
-3.30255
-3.0236
-2.57359
-0.441145
-1.97506
-1.48258
-0.781778
-1.68581
-2.62166
-2.12888
-2.25946
-2.76279
-3.90927
-3.15706
-1.67465
0.0716736
-1.57557
-0.633285
-1.34158
-2.21299
0
-3.262
-2.26044
-2.42521
-0.613521
-2.01964
-2.57909
-0.308757
-3.10114
-2.2476
-2.43336
-2.74512
-1.85721
-1.84448
-1.90176
-2.94422
-2.2957
-2.83638
0.326347
-2.63428
-3.15279
-1.56265
-3.53017
-3.40784
-2.61611
-1.5086
-1.14826
-3.262
0
-0.632913
-3.64371
-2.18599
-1.33591
-0.725093
-1.17364
-0.815452
-2.29498
-1.40194
-2.69349
-2.50776
-2.94073
-2.31832
-1.4632
-2.97843
-0.617471
-0.755465
-0.95022
-0.23534
-2.50296
-2.37129
-2.31437
-2.59614
-1.98586
-2.44496
-2.26044
-0.632913
0
-3.52478
-1.64869
-2.50341
-2.2865
-3.31055
-1.15806
-0.864472
-1.88531
-3.36296
-2.69374
0.219392
-2.48348
-1.21491
-1.38196
-1.34649
-1.66891
-1.43516
-1.70693
-2.4544
-0.450933
-1.79552
-3.10639
-2.06497
-0.706336
-2.42521
-3.64371
-3.52478
0
-2.10665
-1.51619
-1.40356
-2.65332
-2.15777
-1.51858
-2.40364
-2.63815
-0.665087
-1.30616
-0.332115
-1.9891
-2.54262
-1.84641
-2.64613
-3.35896
-2.24866
-1.34161
-1.44455
-2.88797
-2.00704
-4.02759
-1.8175
-0.613521
-2.18599
-1.64869
-2.10665
0
-3.53837
-1.98081
-3.21353
-3.03826
-0.618944
-1.29096
-1.39199
0.687686
-2.16173
-1.35096
-2.15081
-0.976632
-2.28199
-2.20389
-1.08778
-2.29063
-0.304368
-0.75933
-2.79854
-2.09324
-1.73097
-2.23526
-2.01964
-1.33591
-2.50341
-1.51619
-3.53837
0
-3.6055
-1.33797
-2.37484
-3.66041
-1.1876
-0.394101
-2.3028
-0.0442403
-3.73031
-1.54525
-1.46124
-2.21739
-2.49035
-1.65843
-1.13124
-1.92389
-2.07356
-1.85337
-1.98449
-1.62453
-3.06286
-2.57909
-0.725093
-2.2865
-1.40356
-1.98081
-3.6055
0
-1.94453
-4.30571
-2.55725
-3.32181
-3.42318
-2.49151
-1.32649
-2.36029
-3.28982
-2.22244
-2.0654
-1.15817
-1.53744
-1.52097
-1.99564
-0.16356
-2.3926
-2.06251
-3.56888
-3.30255
-0.308757
-1.17364
-3.31055
-2.65332
-3.21353
-1.33797
-1.94453
0
-3.34177
-2.04076
-3.03128
-2.60423
-3.8357
-1.948
-0.169033
-0.635396
-1.0518
-0.917901
-3.6882
-2.04006
-1.92783
-2.71669
-2.0709
-1.34923
-3.27501
-2.4841
-3.0236
-3.10114
-0.815452
-1.15806
-2.15777
-3.03826
-2.37484
-4.30571
-3.34177
0
-1.42247
-2.75216
0.0899273
-2.45611
-1.81869
0.188618
-3.00224
-2.4905
-2.93959
-3.4638
-2.94298
-0.656335
-3.03904
-2.64258
-1.98073
-3.37166
-0.374583
-2.57359
-2.2476
-2.29498
-0.864472
-1.51858
-0.618944
-3.66041
-2.55725
-2.04076
-1.42247
0
-2.57101
-3.02168
-1.99028
-3.31641
-0.599813
-0.905702
-3.19532
-1.18031
-2.82471
-2.11326
0.33274
-2.1385
-1.99996
-1.86569
-1.83811
-4.45589
-0.441145
-2.43336
-1.40194
-1.88531
-2.40364
-1.29096
-1.1876
-3.32181
-3.03128
-2.75216
-2.57101
0
-2.76895
-2.80538
-0.786001
-2.39993
-2.9662
-1.60558
-2.44113
-1.02629
-1.8735
-1.02546
-3.43654
-3.35714
-2.54263
-2.82746
-3.00464
-1.97506
-2.74512
-2.69349
-3.36296
-2.63815
-1.39199
-0.394101
-3.42318
-2.60423
0.0899273
-3.02168
-2.76895
0
-3.20379
-1.70857
-1.18931
-2.47939
-3.79284
-2.70768
-2.23045
-1.99819
-1.72722
-1.29865
-2.41141
-2.34764
-2.9118
-3.10424
-1.48258
-1.85721
-2.50776
-2.69374
-0.665087
0.687686
-2.3028
-2.49151
-3.8357
-2.45611
-1.99028
-2.80538
-3.20379
0
-3.34199
-2.45507
-3.82268
-2.132
-0.954761
-1.69161
-2.75084
-2.70636
-1.96615
-0.460571
-2.46989
-1.00481
-0.708184
-0.781778
-1.84448
-2.94073
0.219392
-1.30616
-2.16173
-0.0442403
-1.32649
-1.948
-1.81869
-3.31641
-0.786001
-1.70857
-3.34199
0
-2.07945
-1.47599
-2.34019
-0.294551
-2.64822
-3.86155
-2.8205
-3.15458
-2.53986
-2.02046
-3.13278
-2.12783
-1.68581
-1.90176
-2.31832
-2.48348
-0.332115
-1.35096
-3.73031
-2.36029
-0.169033
0.188618
-0.599813
-2.39993
-1.18931
-2.45507
-2.07945
0
-1.07505
-2.09716
-1.53438
-1.51553
-1.88182
-1.60978
-0.916067
-1.85547
-1.79729
-0.877729
-1.65663
-2.62166
-2.94422
-1.4632
-1.21491
-1.9891
-2.15081
-1.54525
-3.28982
-0.635396
-3.00224
-0.905702
-2.9662
-2.47939
-3.82268
-1.47599
-1.07505
0
-1.20206
-2.46201
-1.96762
-2.82468
-1.99415
-0.419718
-3.72184
-0.553549
-3.16834
-2.67798
-2.12888
-2.2957
-2.97843
-1.38196
-2.54262
-0.976632
-1.46124
-2.22244
-1.0518
-2.4905
-3.19532
-1.60558
-3.79284
-2.132
-2.34019
-2.09716
-1.20206
0
-3.38258
-3.54946
-3.00759
-1.5005
-1.47214
-1.4522
-0.653557
-3.26295
-0.606978
-2.25946
-2.83638
-0.617471
-1.34649
-1.84641
-2.28199
-2.21739
-2.0654
-0.917901
-2.93959
-1.18031
-2.44113
-2.70768
-0.954761
-0.294551
-1.53438
-2.46201
-3.38258
0
-1.93055
-3.09551
-3.08103
-1.33318
-3.07437
-0.94587
-0.605729
-1.39384
-2.76279
0.326347
-0.755465
-1.66891
-2.64613
-2.20389
-2.49035
-1.15817
-3.6882
-3.4638
-2.82471
-1.02629
-2.23045
-1.69161
-2.64822
-1.51553
-1.96762
-3.54946
-1.93055
0
-2.67058
-3.07621
-1.22166
-3.12869
-3.05196
-2.20061
-2.41607
-3.90927
-2.63428
-0.95022
-1.43516
-3.35896
-1.08778
-1.65843
-1.53744
-2.04006
-2.94298
-2.11326
-1.8735
-1.99819
-2.75084
-3.86155
-1.88182
-2.82468
-3.00759
-3.09551
-2.67058
0
