0
-1.97314
-0.450149
-1.748
-1.43301
-3.311
-1.00346
-2.36528
-2.9136
-1.38581
-1.47642
-1.1504
-5.05243
-2.40488
-3.36146
-3.00157
-2.36357
-2.2441
-1.20069
-1.5851
-2.37756
0.0432634
-1.45349
-1.73242
-1.86392
-3.58103
-2.13063
-1.97314
0
-0.699561
-1.85421
-2.44698
-0.41888
-1.80749
-2.37744
-4.90837
-1.78651
-1.14777
-2.4444
0.550312
-1.99817
-1.14541
-1.48696
-1.43877
-0.567151
-1.86146
-1.23198
-1.10265
-2.92758
-1.63697
-1.95361
-2.41056
-1.63765
-0.319883
-0.450149
-0.699561
0
-0.578244
-1.38019
-3.69232
-2.88929
-0.75593
-1.75837
-2.08588
0.157693
-3.28722
-1.86701
-2.64607
-1.31216
-2.6364
-2.53035
-2.28453
-1.02905
-1.99884
-2.43885
-3.23231
-3.97484
-2.6127
-1.17275
-2.07419
-2.80546
-1.748
-1.85421
-0.578244
0
-0.815884
-1.71651
-4.98989
-1.90837
-1.04293
-2.21035
-1.82064
-2.66038
-1.34702
-2.07218
-1.34803
-3.26509
-0.473106
-3.82677
-2.48221
-3.22649
-2.32769
-0.860416
-0.51361
-0.405769
0.298492
-3.14515
-2.05642
-1.43301
-2.44698
-1.38019
-0.815884
0
-1.71667
-0.930493
-4.4778
-1.40313
-2.3367
-1.08275
-1.615
-3.24422
-2.63119
0.389743
-1.7267
-1.9103
-1.64507
-1.9406
-3.03229
-0.723731
-1.11718
-2.90324
-2.05842
-2.05896
-2.98959
-0.148924
-3.311
-0.41888
-3.69232
-1.71651
-1.71667
0
-2.27936
-1.33516
-3.59922
-1.40112
-2.53203
-1.48241
-0.853493
-1.78099
-2.51175
-2.99918
-1.37451
-2.24919
-3.78702
-3.63773
-1.47404
-1.74926
-2.60895
-1.04412
-0.450314
-3.1007
-1.44083
-1.00346
-1.80749
-2.88929
-4.98989
-0.930493
-2.27936
0
-1.26375
-2.67305
-2.7844
-1.54816
-1.36775
-1.93844
-1.13625
-3.61988
-1.98753
-0.763937
-1.10697
-1.80905
-2.57795
-1.90044
-0.461547
-1.47692
-3.38447
-2.56737
-1.40046
-1.70813
-2.36528
-2.37744
-0.75593
-1.90837
-4.4778
-1.33516
-1.26375
0
-0.895409
-1.43755
-0.093428
-2.8945
-1.59767
-3.84494
-2.08742
-2.50506
-3.11709
-2.77236
-2.20315
-2.06572
-1.54208
-0.783563
-1.90953
0.232236
-1.1936
-2.29435
-2.2936
-2.9136
-4.90837
-1.75837
-1.04293
-1.40313
-3.59922
-2.67305
-0.895409
0
-2.17306
-2.2444
-2.7034
-2.58067
-0.649345
-2.98599
-3.05857
-3.22329
-1.86091
-2.33659
-1.32165
-1.83069
-2.74465
-1.7326
-3.3029
-1.32431
-3.21367
-2.54122
-1.38581
-1.78651
-2.08588
-2.21035
-2.3367
-1.40112
-2.7844
-1.43755
-2.17306
0
-2.66721
-1.71
-3.60399
-1.00365
-1.42797
-1.46652
-2.50807
-2.45988
-1.58035
-0.580245
-3.12497
-1.39898
-2.26262
-2.11866
-0.614614
-4.24744
-1.64162
-1.47642
-1.14777
0.157693
-1.82064
-1.08275
-2.53203
-1.54816
-0.093428
-2.2444
-2.66721
0
-2.11328
-2.21005
-2.8318
-1.40093
-0.196014
-2.41793
-1.13803
-3.17945
-1.13843
-2.44953
-1.66299
-2.47947
-0.751896
-1.83868
-1.24853
-0.600032
-1.1504
-2.4444
-3.28722
-2.66038
-1.615
-1.48241
-1.36775
-2.8945
-2.7034
-1.71
-2.11328
0
-1.0345
-0.754108
-2.24679
-2.14749
-2.28158
-0.354656
-2.72299
-0.753692
-1.73217
-3.30737
-2.23598
-1.06605
-2.84899
-0.789126
-2.78878
-5.05243
0.550312
-1.86701
-1.34702
-3.24422
-0.853493
-1.93844
-1.59767
-2.58067
-3.60399
-2.21005
-1.0345
0
-0.987062
-1.27608
-4.07828
-2.76658
-1.86277
-2.11761
-2.62843
-1.5558
-2.67095
-2.96256
-2.30372
-1.41183
-2.35023
-1.30394
-2.40488
-1.99817
-2.64607
-2.07218
-2.63119
-1.78099
-1.13625
-3.84494
-0.649345
-1.00365
-2.8318
-0.754108
-0.987062
0
-2.04119
-1.99908
-1.76751
-2.15436
-2.87254
-2.76784
-1.0218
-1.53507
-2.77455
-2.84886
-2.02703
-1.03232
-3.41363
-3.36146
-1.14541
-1.31216
-1.34803
0.389743
-2.51175
-3.61988
-2.08742
-2.98599
-1.42797
-1.40093
-2.24679
-1.27608
-2.04119
0
-4.4451
-1.85019
-0.609909
-1.90028
-3.3721
-1.35145
-2.46884
-2.51353
-1.51746
-3.09499
-0.475918
-1.52695
-3.00157
-1.48696
-2.6364
-3.26509
-1.7267
-2.99918
-1.98753
-2.50506
-3.05857
-1.46652
-0.196014
-2.14749
-4.07828
-1.99908
-4.4451
0
-0.502466
-1.72477
-2.14871
-1.26399
-0.98661
-1.94452
-0.799085
-2.87253
-0.995777
-2.51238
-2.29803
-2.36357
-1.43877
-2.53035
-0.473106
-1.9103
-1.37451
-0.763937
-3.11709
-3.22329
-2.50807
-2.41793
-2.28158
-2.76658
-1.76751
-1.85019
-0.502466
0
-1.61519
-3.594
-1.24463
-1.31642
-1.43903
-1.88317
-2.65995
-3.39223
-0.924615
-2.9921
-2.2441
-0.567151
-2.28453
-3.82677
-1.64507
-2.24919
-1.10697
-2.77236
-1.86091
-2.45988
-1.13803
-0.354656
-1.86277
-2.15436
-0.609909
-1.72477
-1.61519
0
-2.4587
-1.72744
-2.26291
-1.96195
0.492503
-1.87929
-0.863546
-1.37646
-0.918179
-1.20069
-1.86146
-1.02905
-2.48221
-1.9406
-3.78702
-1.80905
-2.20315
-2.33659
-1.58035
-3.17945
-2.72299
-2.11761
-2.87254
-1.90028
-2.14871
-3.594
-2.4587
0
-2.81118
-2.19454
-1.17451
-1.96736
-1.67235
-0.824724
-2.04963
-1.381
-1.5851
-1.23198
-1.99884
-3.22649
-3.03229
-3.63773
-2.57795
-2.06572
-1.32165
-0.580245
-1.13843
-0.753692
-2.62843
-2.76784
-3.3721
-1.26399
-1.24463
-1.72744
-2.81118
0
-1.0572
-2.38887
-1.18519
-2.26604
-1.38543
-1.17187
-3.25971
-2.37756
-1.10265
-2.43885
-2.32769
-0.723731
-1.47404
-1.90044
-1.54208
-1.83069
-3.12497
-2.44953
-1.73217
-1.5558
-1.0218
-1.35145
-0.98661
-1.31642
-2.26291
-2.19454
-1.0572
0
-2.59992
-1.81732
-2.72823
-3.79974
-2.68772
-0.585545
0.0432634
-2.92758
-3.23231
-0.860416
-1.11718
-1.74926
-0.461547
-0.783563
-2.74465
-1.39898
-1.66299
-3.30737
-2.67095
-1.53507
-2.46884
-1.94452
-1.43903
-1.96195
-1.17451
-2.38887
-2.59992
0
-4.22874
-4.36736
-1.00763
-4.22352
-3.1354
-1.45349
-1.63697
-3.97484
-0.51361
-2.90324
-2.60895
-1.47692
-1.90953
-1.7326
-2.26262
-2.47947
-2.23598
-2.96256
-2.77455
-2.51353
-0.799085
-1.88317
0.492503
-1.96736
-1.18519
-1.81732
-4.22874
0
-2.30707
0.319647
-2.09848
-2.51208
-1.73242
-1.95361
-2.6127
-0.405769
-2.05842
-1.04412
-3.38447
0.232236
-3.3029
-2.11866
-0.751896
-1.06605
-2.30372
-2.84886
-1.51746
-2.87253
-2.65995
-1.87929
-1.67235
-2.26604
-2.72823
-4.36736
-2.30707
0
-1.11243
-1.66199
-1.11745
-1.86392
-2.41056
-1.17275
0.298492
-2.05896
-0.450314
-2.56737
-1.1936
-1.32431
-0.614614
-1.83868
-2.84899
-1.41183
-2.02703
-3.09499
-0.995777
-3.39223
-0.863546
-0.824724
-1.38543
-3.79974
-1.00763
0.319647
-1.11243
0
-2.45564
-1.74658
-3.58103
-1.63765
-2.07419
-3.14515
-2.98959
-3.1007
-1.40046
-2.29435
-3.21367
-4.24744
-1.24853
-0.789126
-2.35023
-1.03232
-0.475918
-2.51238
-0.924615
-1.37646
-2.04963
-1.17187
-2.68772
-4.22352
-2.09848
-1.66199
-2.45564
0
-1.6062
-2.13063
-0.319883
-2.80546
-2.05642
-0.148924
-1.44083
-1.70813
-2.2936
-2.54122
-1.64162
-0.600032
-2.78878
-1.30394
-3.41363
-1.52695
-2.29803
-2.9921
-0.918179
-1.381
-3.25971
-0.585545
-3.1354
-2.51208
-1.11745
-1.74658
-1.6062
0
