0
-2.72425
-2.3881
-2.07808
-2.73828
-3.12922
-1.28278
-3.73477
-2.0151
-1.20613
-2.97293
-3.42049
-3.22273
-1.68898
-3.18004
-1.22871
-2.47711
-2.56972
-2.39178
-1.3196
-2.67511
-3.18422
-1.81706
-2.39417
-1.56449
-3.11917
-1.58482
-2.72425
0
-0.839363
-2.01877
-2.4137
-1.45437
-1.5185
-4.95886
-3.78317
-1.35575
0.410998
-1.38303
-2.56632
-1.93926
-2.6057
-0.610609
-2.54607
-0.357284
-3.03952
-3.32582
-1.46741
-2.8715
-1.8578
-1.55126
-2.61213
-0.754571
-2.56275
-2.3881
-0.839363
0
-1.67644
-1.76712
-1.54345
-2.2702
-1.85046
-0.932527
-3.24362
-2.66414
-2.78085
-2.33633
-2.53772
-2.12836
-2.36095
-2.84348
-2.11079
-2.4591
-2.15265
-1.75808
-3.3143
-3.59807
-1.39446
-0.461278
-3.63138
0.0124722
-2.07808
-2.01877
-1.67644
0
-0.61174
-1.8164
-1.73668
0.734312
-1.31231
-2.31177
-1.98219
-2.74916
-1.15879
-1.46874
-0.551436
-2.1714
-1.60024
-2.42869
-2.49583
-4.18226
-2.67193
-3.53269
-2.02634
-1.86393
-2.07133
-2.02168
-1.84822
-2.73828
-2.4137
-1.76712
-0.61174
0
-2.46599
-0.723715
-1.85327
-1.82831
-0.938778
-4.30421
-1.89122
-3.43908
-1.06794
-1.86709
-5.06287
-1.24837
-1.93979
0.245392
-1.275
-2.93052
-1.02399
-1.18348
-1.43492
-2.33988
-1.94518
-3.58243
-3.12922
-1.45437
-1.54345
-1.8164
-2.46599
0
-2.52197
-2.66217
-1.39376
-2.06625
-1.21608
-2.47403
-1.02673
-1.89304
-2.54436
-2.52966
-0.898706
-3.11151
-2.09241
-1.47379
-1.68456
-1.56577
-2.24837
-1.67203
-1.3562
-3.47517
-1.24972
-1.28278
-1.5185
-2.2702
-1.73668
-0.723715
-2.52197
0
-2.09302
-2.32196
-0.818213
-1.93939
-1.56864
-2.9033
-2.28748
-1.86822
-2.54021
-2.99482
-2.57694
-2.14678
-2.4046
-2.55347
-1.99343
-2.69925
-2.69284
-2.21595
-1.49778
-1.81982
-3.73477
-4.95886
-1.85046
0.734312
-1.85327
-2.66217
-2.09302
0
-1.70887
-0.693971
-1.95561
-1.4749
-3.18949
0.319128
-0.270024
-2.72161
-1.00973
-1.43177
-3.05145
-0.480489
-1.88575
-3.13678
-2.03074
-2.77077
-2.61006
-2.70253
-1.8338
-2.0151
-3.78317
-0.932527
-1.31231
-1.82831
-1.39376
-2.32196
-1.70887
0
-2.07653
-0.349663
-2.48189
-1.09877
-0.573315
-0.689371
-1.67242
-1.13809
-2.90309
-1.2773
-2.04402
-2.54476
-1.84251
-1.34474
-2.48629
-2.91416
-1.39039
0.33894
-1.20613
-1.35575
-3.24362
-2.31177
-0.938778
-2.06625
-0.818213
-0.693971
-2.07653
0
-3.2309
-2.86782
-2.36605
-3.10757
-1.89228
-2.19371
-2.02517
-0.936685
-1.72561
-2.89372
-1.4915
-1.50901
-2.84698
-2.07579
-2.77699
-2.77378
-3.27986
-2.97293
0.410998
-2.66414
-1.98219
-4.30421
-1.21608
-1.93939
-1.95561
-0.349663
-3.2309
0
-4.37663
-0.998719
-1.87336
-2.61072
-1.69475
-1.5053
-2.23006
-1.94054
-1.06382
-2.9005
-1.23825
-4.493
-1.65313
-2.23967
-4.38919
0.110436
-3.42049
-1.38303
-2.78085
-2.74916
-1.89122
-2.47403
-1.56864
-1.4749
-2.48189
-2.86782
-4.37663
0
-1.35961
-0.751816
-1.59181
-3.56004
-2.83422
-2.02226
-0.624247
-2.23622
-1.92256
-0.654376
-1.38875
-1.53157
-1.85643
0.453894
-2.17062
-3.22273
-2.56632
-2.33633
-1.15879
-3.43908
-1.02673
-2.9033
-3.18949
-1.09877
-2.36605
-0.998719
-1.35961
0
-2.87209
-0.380294
-2.13788
-0.590557
-1.79053
-1.95419
-2.39865
-3.15094
-2.6105
-1.40311
-2.86439
-1.19471
-3.06498
-1.4005
-1.68898
-1.93926
-2.53772
-1.46874
-1.06794
-1.89304
-2.28748
0.319128
-0.573315
-3.10757
-1.87336
-0.751816
-2.87209
0
-2.34688
0.195895
-2.29746
-2.2185
0.00610745
-1.48213
-1.20497
-1.95769
-1.35349
-3.52996
-2.43069
-2.21696
-1.5287
-3.18004
-2.6057
-2.12836
-0.551436
-1.86709
-2.54436
-1.86822
-0.270024
-0.689371
-1.89228
-2.61072
-1.59181
-0.380294
-2.34688
0
-4.40915
-2.00183
-1.91367
-2.56968
-1.3674
-2.0921
-2.52517
-4.00063
-1.76365
-3.19027
-0.235125
-0.0620036
-1.22871
-0.610609
-2.36095
-2.1714
-5.06287
-2.52966
-2.54021
-2.72161
-1.67242
-2.19371
-1.69475
-3.56004
-2.13788
0.195895
-4.40915
0
-1.97589
-1.90573
-0.66141
-3.82816
-0.278406
-0.600319
-3.1218
-2.56062
-1.42825
-1.69833
-1.83958
-2.47711
-2.54607
-2.84348
-1.60024
-1.24837
-0.898706
-2.99482
-1.00973
-1.13809
-2.02517
-1.5053
-2.83422
-0.590557
-2.29746
-2.00183
-1.97589
0
-3.34295
-3.33764
-1.23501
-2.64615
-2.59266
-2.5824
-3.2373
-2.68915
-3.28054
-2.52355
-2.56972
-0.357284
-2.11079
-2.42869
-1.93979
-3.11151
-2.57694
-1.43177
-2.90309
-0.936685
-2.23006
-2.02226
-1.79053
-2.2185
-1.91367
-1.90573
-3.34295
0
-2.76984
-4.10519
-4.11512
-2.55713
-2.87227
-2.80226
-3.04597
0.132093
-1.11677
-2.39178
-3.03952
-2.4591
-2.49583
0.245392
-2.09241
-2.14678
-3.05145
-1.2773
-1.72561
-1.94054
-0.624247
-1.95419
0.00610745
-2.56968
-0.66141
-3.33764
-2.76984
0
-2.97152
0.199594
-1.90169
-0.85236
-2.71928
-2.76345
-2.06719
-1.43774
-1.3196
-3.32582
-2.15265
-4.18226
-1.275
-1.47379
-2.4046
-0.480489
-2.04402
-2.89372
-1.06382
-2.23622
-2.39865
-1.48213
-1.3674
-3.82816
-1.23501
-4.10519
-2.97152
0
-1.63378
-3.52528
-2.11781
-1.83772
-2.95245
-2.10328
-1.23011
-2.67511
-1.46741
-1.75808
-2.67193
-2.93052
-1.68456
-2.55347
-1.88575
-2.54476
-1.4915
-2.9005
-1.92256
-3.15094
-1.20497
-2.0921
-0.278406
-2.64615
-4.11512
0.199594
-1.63378
0
-3.83551
-3.11736
-3.58621
-1.75016
-3.22974
-2.24596
-3.18422
-2.8715
-3.3143
-3.53269
-1.02399
-1.56577
-1.99343
-3.13678
-1.84251
-1.50901
-1.23825
-0.654376
-2.6105
-1.95769
-2.52517
-0.600319
-2.59266
-2.55713
-1.90169
-3.52528
-3.83551
0
-3.34403
-2.3747
-3.37525
-1.68288
-1.86824
-1.81706
-1.8578
-3.59807
-2.02634
-1.18348
-2.24837
-2.69925
-2.03074
-1.34474
-2.84698
-4.493
-1.38875
-1.40311
-1.35349
-4.00063
-3.1218
-2.5824
-2.87227
-0.85236
-2.11781
-3.11736
-3.34403
0
-1.91781
-1.56783
-1.22838
-3.19463
-2.39417
-1.55126
-1.39446
-1.86393
-1.43492
-1.67203
-2.69284
-2.77077
-2.48629
-2.07579
-1.65313
-1.53157
-2.86439
-3.52996
-1.76365
-2.56062
-3.2373
-2.80226
-2.71928
-1.83772
-3.58621
-2.3747
-1.91781
0
-3.06127
-0.204168
-2.36065
-1.56449
-2.61213
-0.461278
-2.07133
-2.33988
-1.3562
-2.21595
-2.61006
-2.91416
-2.77699
-2.23967
-1.85643
-1.19471
-2.43069
-3.19027
-1.42825
-2.68915
-3.04597
-2.76345
-2.95245
-1.75016
-3.37525
-1.56783
-3.06127
0
-3.34158
-2.15735
-3.11917
-0.754571
-3.63138
-2.02168
-1.94518
-3.47517
-1.49778
-2.70253
-1.39039
-2.77378
-4.38919
0.453894
-3.06498
-2.21696
-0.235125
-1.69833
-3.28054
0.132093
-2.06719
-2.10328
-3.22974
-1.68288
-1.22838
-0.204168
-3.34158
0
-0.501635
-1.58482
-2.56275
0.0124722
-1.84822
-3.58243
-1.24972
-1.81982
-1.8338
0.33894
-3.27986
0.110436
-2.17062
-1.4005
-1.5287
-0.0620036
-1.83958
-2.52355
-1.11677
-1.43774
-1.23011
-2.24596
-1.86824
-3.19463
-2.36065
-2.15735
-0.501635
0
