0
-2.60809
-2.3976
-2.75487
-1.49573
-3.69965
-1.61584
-1.54093
-0.505392
-3.07823
-1.70676
-1.59345
-2.86638
-3.3764
-2.48887
-1.23064
-2.0978
-0.141405
-0.692898
-2.71254
-0.866786
-1.37407
-3.26141
-1.70209
-0.111283
-2.96646
-0.998098
-2.60809
0
-2.3733
-2.70122
-2.31865
-2.69771
-0.513372
-2.34721
-2.51949
-1.94624
-2.51608
-1.16498
-0.784614
-2.54685
-1.56978
-1.33049
-0.609217
-3.29455
-1.60869
-3.54154
-1.47408
-3.09947
-2.54112
-2.24704
-0.592883
-1.35968
-3.36896
-2.3976
-2.3733
0
-1.11988
-1.22023
-0.393178
-1.55492
-0.874439
-1.87822
-1.07274
-1.93227
-1.2265
-2.21357
-2.6391
-2.56968
-0.542171
-3.19232
-4.16791
-2.1927
-1.65505
-2.27899
-0.930344
-2.34197
-1.01884
-1.83698
-2.55952
-4.40356
-2.75487
-2.70122
-1.11988
0
-1.73747
-2.28475
-0.673335
-2.03432
-3.07327
-2.80344
-2.65943
-0.195927
-2.07658
-2.44803
-3.33799
-1.6035
-2.98379
-3.10855
-2.36775
-2.1125
-2.69606
-2.70927
-2.23115
-0.146896
-1.71961
-1.97603
-3.14396
-1.49573
-2.31865
-1.22023
-1.73747
0
-1.73422
-2.50789
-3.77138
-0.0144391
-2.58186
-2.92155
-2.44158
-3.52145
-1.0786
-0.407704
-1.37382
-4.31175
-0.873939
-0.479203
-2.46128
-3.51907
-1.8602
-1.99522
-1.58911
-0.0435884
-1.6055
-1.40908
-3.69965
-2.69771
-0.393178
-2.28475
-1.73422
0
-1.95125
-1.65344
-2.82875
-2.5221
-0.993991
-3.77594
-2.21452
-1.74559
-3.68651
-1.87251
-1.71554
-3.15945
-1.87954
-2.36035
-2.40068
-3.31535
-2.07715
-2.48587
-1.6533
-2.82024
-2.60054
-1.61584
-0.513372
-1.55492
-0.673335
-2.50789
-1.95125
0
-1.81748
-1.67528
-1.80324
-2.60946
-1.66956
-3.42492
-1.97795
-2.48958
-2.70849
-2.11591
-3.81805
-1.68234
-1.44132
-1.20011
-1.01939
-2.72155
-2.85895
-0.13979
-1.27829
-1.14394
-1.54093
-2.34721
-0.874439
-2.03432
-3.77138
-1.65344
-1.81748
0
-0.996882
-3.75841
-0.639168
-2.31698
-2.78507
-0.444264
-0.554664
-2.56961
-0.701896
-1.43567
-2.51232
-2.5136
-2.32705
-1.29803
-2.36086
-2.90502
-1.99458
-1.90988
-1.86815
-0.505392
-2.51949
-1.87822
-3.07327
-0.0144391
-2.82875
-1.67528
-0.996882
0
-1.91354
-1.26557
-1.7106
-0.588409
-1.18772
-2.10567
-0.473559
-2.37571
-4.11629
-2.05617
-1.85571
-2.20834
-1.35948
-0.86332
-1.29013
-2.35475
-1.57637
-2.3829
-3.07823
-1.94624
-1.07274
-2.80344
-2.58186
-2.5221
-1.80324
-3.75841
-1.91354
0
-2.34535
-2.32278
-1.45584
-3.71277
-2.05169
-1.44174
-2.55016
-3.32955
-0.960577
-1.1702
-3.37829
-2.59044
-1.80879
-1.5754
-1.54245
-2.24143
-3.33839
-1.70676
-2.51608
-1.93227
-2.65943
-2.92155
-0.993991
-2.60946
-0.639168
-1.26557
-2.34535
0
-1.02305
-1.00839
-2.8374
-2.68879
-1.24929
-2.63997
-1.94447
-1.27418
-1.8176
-3.95758
-1.53363
-1.48531
0.292102
-1.73573
-1.2623
-2.17081
-1.59345
-1.16498
-1.2265
-0.195927
-2.44158
-3.77594
-1.66956
-2.31698
-1.7106
-2.32278
-1.02305
0
-1.5263
-0.72913
-2.51808
0.263384
-1.40947
-2.83784
-3.00043
-1.23274
-1.99403
-2.79915
-0.365076
-2.00316
-3.98243
-2.40804
-1.40089
-2.86638
-0.784614
-2.21357
-2.07658
-3.52145
-2.21452
-3.42492
-2.78507
-0.588409
-1.45584
-1.00839
-1.5263
0
-0.202839
-0.839171
-2.1837
-0.553927
-0.983364
-1.96845
-1.15823
-2.03204
-2.66706
-1.38863
-1.38206
-3.32509
-1.45083
-1.71785
-3.3764
-2.54685
-2.6391
-2.44803
-1.0786
-1.74559
-1.97795
-0.444264
-1.18772
-3.71277
-2.8374
-0.72913
-0.202839
0
-0.408966
-1.79481
-1.35684
-0.938717
-1.56405
-3.33126
-0.175238
-2.385
-0.400666
-2.02506
-2.98869
-3.27027
-3.09871
-2.48887
-1.56978
-2.56968
-3.33799
-0.407704
-3.68651
-2.48958
-0.554664
-2.10567
-2.05169
-2.68879
-2.51808
-0.839171
-0.408966
0
-2.6487
-3.2547
-2.998
-2.53199
-2.16364
-2.7258
-0.958837
-2.19331
-1.33534
-2.38737
-1.60407
-1.29524
-1.23064
-1.33049
-0.542171
-1.6035
-1.37382
-1.87251
-2.70849
-2.56961
-0.473559
-1.44174
-1.24929
0.263384
-2.1837
-1.79481
-2.6487
0
-1.65732
-1.78071
-2.00744
-1.65628
-1.21324
-3.79919
-1.64316
-0.596802
-0.848458
-1.83315
-1.07214
-2.0978
-0.609217
-3.19232
-2.98379
-4.31175
-1.71554
-2.11591
-0.701896
-2.37571
-2.55016
-2.63997
-1.40947
-0.553927
-1.35684
-3.2547
-1.65732
0
-2.80537
-3.199
-3.81368
-2.37139
-2.55188
-1.38047
-1.22337
-2.43426
-2.99024
-4.11369
-0.141405
-3.29455
-4.16791
-3.10855
-0.873939
-3.15945
-3.81805
-1.43567
-4.11629
-3.32955
-1.94447
-2.83784
-0.983364
-0.938717
-2.998
-1.78071
-2.80537
0
-1.37918
-1.34268
-1.02526
-1.69995
0.165206
-0.948
-1.92968
-3.20241
-1.87951
-0.692898
-1.60869
-2.1927
-2.36775
-0.479203
-1.87954
-1.68234
-2.51232
-2.05617
-0.960577
-1.27418
-3.00043
-1.96845
-1.56405
-2.53199
-2.00744
-3.199
-1.37918
0
-1.88404
-2.1721
-2.2754
-1.1086
-2.81726
-1.5875
-2.02928
-3.99677
-2.71254
-3.54154
-1.65505
-2.1125
-2.46128
-2.36035
-1.44132
-2.5136
-1.85571
-1.1702
-1.8176
-1.23274
-1.15823
-3.33126
-2.16364
-1.65628
-3.81368
-1.34268
-1.88404
0
0.853716
-1.52222
-1.52373
-1.56217
-2.08869
-1.04645
-1.35475
-0.866786
-1.47408
-2.27899
-2.69606
-3.51907
-2.40068
-1.20011
-2.32705
-2.20834
-3.37829
-3.95758
-1.99403
-2.03204
-0.175238
-2.7258
-1.21324
-2.37139
-1.02526
-2.1721
0.853716
0
-2.60232
-2.35231
-0.326735
0.0854592
-3.62033
-1.89944
-1.37407
-3.09947
-0.930344
-2.70927
-1.8602
-3.31535
-1.01939
-1.29803
-1.35948
-2.59044
-1.53363
-2.79915
-2.66706
-2.385
-0.958837
-3.79919
-2.55188
-1.69995
-2.2754
-1.52222
-2.60232
0
-2.17481
-0.771494
-1.52334
-4.02229
-0.987181
-3.26141
-2.54112
-2.34197
-2.23115
-1.99522
-2.07715
-2.72155
-2.36086
-0.86332
-1.80879
-1.48531
-0.365076
-1.38863
-0.400666
-2.19331
-1.64316
-1.38047
0.165206
-1.1086
-1.52373
-2.35231
-2.17481
0
-1.33119
-2.83163
-2.6621
-3.33247
-1.70209
-2.24704
-1.01884
-0.146896
-1.58911
-2.48587
-2.85895
-2.90502
-1.29013
-1.5754
0.292102
-2.00316
-1.38206
-2.02506
-1.33534
-0.596802
-1.22337
-0.948
-2.81726
-1.56217
-0.326735
-0.771494
-1.33119
0
-3.38868
-2.69977
-3.46125
-0.111283
-0.592883
-1.83698
-1.71961
-0.0435884
-1.6533
-0.13979
-1.99458
-2.35475
-1.54245
-1.73573
-3.98243
-3.32509
-2.98869
-2.38737
-0.848458
-2.43426
-1.92968
-1.5875
-2.08869
0.0854592
-1.52334
-2.83163
-3.38868
0
-0.894916
-3.20081
-2.96646
-1.35968
-2.55952
-1.97603
-1.6055
-2.82024
-1.27829
-1.90988
-1.57637
-2.24143
-1.2623
-2.40804
-1.45083
-3.27027
-1.60407
-1.83315
-2.99024
-3.20241
-2.02928
-1.04645
-3.62033
-4.02229
-2.6621
-2.69977
-0.894916
0
-1.51811
-0.998098
-3.36896
-4.40356
-3.14396
-1.40908
-2.60054
-1.14394
-1.86815
-2.3829
-3.33839
-2.17081
-1.40089
-1.71785
-3.09871
-1.29524
-1.07214
-4.11369
-1.87951
-3.99677
-1.35475
-1.89944
-0.987181
-3.33247
-3.46125
-3.20081
-1.51811
0
