0
-1.47218
-0.996205
-0.554346
-2.77601
-2.60552
-0.807229
-1.86467
-2.80353
-0.740357
-2.02214
-1.91719
-1.95949
-2.62539
-1.2322
-1.47449
-3.13551
-0.8861
-2.84821
-2.34253
-1.3161
-0.464901
-0.438395
-3.57242
-0.746382
-1.55748
-1.75132
-1.47218
0
-3.64519
-2.01077
-1.27645
-2.72522
-2.61299
-1.43974
-2.18171
-1.56851
-1.99321
-3.68608
-1.58429
-2.33207
-1.87621
-1.94672
-2.3038
-2.47391
-0.770826
-2.12192
-2.91962
-1.55621
-1.00133
-1.4862
-1.38141
-2.48364
-2.76128
-0.996205
-3.64519
0
-3.70057
-2.38153
-1.78307
-2.12522
-3.31359
-1.73929
-2.85378
-0.278227
-1.1409
-2.16152
-1.5604
-0.00302411
-3.21666
-0.514606
-2.28812
-2.43186
-1.64223
-1.1055
-1.89242
-1.83536
-1.38988
-1.52234
-1.98973
-1.32853
-0.554346
-2.01077
-3.70057
0
-2.63383
-3.14742
-0.421232
-2.22994
-2.36116
-3.58331
-2.06929
-2.09452
-1.83641
-1.92338
0.297836
-2.72344
-2.13632
-2.29852
-0.922164
-3.53065
-2.93394
-2.61972
-2.79346
-2.53793
-2.69231
-2.09802
-1.57028
-2.77601
-1.27645
-2.38153
-2.63383
0
-2.9959
-2.32882
-1.69044
-1.89942
-3.14308
-0.678998
-0.985242
-1.80092
-2.27304
-3.98039
-1.32115
-0.773857
-1.52935
-1.90717
-4.44479
-1.52644
-3.3269
-3.40935
-2.69367
-2.2661
-3.83318
-1.91074
-2.60552
-2.72522
-1.78307
-3.14742
-2.9959
0
-1.15481
-1.78504
-3.01699
-1.57564
-1.75657
-0.703952
-1.97321
-2.21976
-2.91676
-3.09392
-3.61196
-1.86564
-3.56759
-1.70448
-1.99463
-1.47692
-2.39771
-1.0161
-2.14336
-0.963508
-1.36485
-0.807229
-2.61299
-2.12522
-0.421232
-2.32882
-1.15481
0
-0.643481
-1.14564
-2.07931
-3.72626
-4.17053
-2.14141
-3.96881
-2.99783
-0.793344
-2.19725
-0.98736
-1.71256
-0.836605
-2.97799
-2.34569
-2.96593
-2.82808
-0.586682
-2.23847
-0.769059
-1.86467
-1.43974
-3.31359
-2.22994
-1.69044
-1.78504
-0.643481
0
-1.57762
-0.77704
-0.705181
-2.55792
-3.58674
-1.73235
-2.74839
0.205743
-3.41004
-1.5605
-1.51297
-2.13694
-0.0733005
-1.50793
-3.09406
-0.820008
-0.958989
-1.72289
-2.24809
-2.80353
-2.18171
-1.73929
-2.36116
-1.89942
-3.01699
-1.14564
-1.57762
0
-1.8307
-1.79996
-1.81833
-2.34251
-2.3514
-2.74506
-2.09956
-2.64742
-0.667955
-1.65726
-2.82855
-4.2342
-1.85569
-3.01169
-1.16978
-2.30487
-2.42598
-1.97773
-0.740357
-1.56851
-2.85378
-3.58331
-3.14308
-1.57564
-2.07931
-0.77704
-1.8307
0
-2.79914
-3.46605
-1.20205
-1.48739
-2.38597
-2.00325
-2.0231
-2.51076
-2.52337
-2.71489
-2.76967
-1.13867
-2.65703
-2.21973
-0.729807
-2.41942
-1.56457
-2.02214
-1.99321
-0.278227
-2.06929
-0.678998
-1.75657
-3.72626
-0.705181
-1.79996
-2.79914
0
-2.22108
-1.88648
-2.71242
-1.1175
-1.85614
-1.80845
-2.02064
-4.41831
-2.71011
-2.76201
-1.62098
-1.23081
-4.24798
-1.56235
-1.97684
0.740661
-1.91719
-3.68608
-1.1409
-2.09452
-0.985242
-0.703952
-4.17053
-2.55792
-1.81833
-3.46605
-2.22108
0
-1.76232
-1.90375
-2.52026
-2.10239
-0.144756
-4.09217
-3.43044
-2.74836
-2.23446
-1.55272
-0.904569
-1.5719
-4.1119
-2.43201
-1.74944
-1.95949
-1.58429
-2.16152
-1.83641
-1.80092
-1.97321
-2.14141
-3.58674
-2.34251
-1.20205
-1.88648
-1.76232
0
-3.38014
-2.77599
-2.37109
-2.87415
-2.09575
-2.92708
-3.49869
-0.377052
-1.14103
-1.28486
-2.64858
-1.26718
-0.819102
-1.98798
-2.62539
-2.33207
-1.5604
-1.92338
-2.27304
-2.21976
-3.96881
-1.73235
-2.3514
-1.48739
-2.71242
-1.90375
-3.38014
0
-1.50521
-1.8965
-1.22989
-1.2804
-1.68771
-3.38579
-1.77673
-1.16898
-2.1074
-3.82624
-2.12523
-0.874207
-2.63965
-1.2322
-1.87621
-0.00302411
0.297836
-3.98039
-2.91676
-2.99783
-2.74839
-2.74506
-2.38597
-1.1175
-2.52026
-2.77599
-1.50521
0
-2.8399
-1.31316
-1.07552
-2.33316
-1.68632
-2.5276
-2.42938
-1.2614
-1.12042
-0.560775
-2.47273
-2.04531
-1.47449
-1.94672
-3.21666
-2.72344
-1.32115
-3.09392
-0.793344
0.205743
-2.09956
-2.00325
-1.85614
-2.10239
-2.37109
-1.8965
-2.8399
0
-1.22618
-0.807454
-2.01883
-1.80584
-2.32821
-0.135425
-1.12496
-2.51361
-1.64084
-1.19753
0.295635
-3.13551
-2.3038
-0.514606
-2.13632
-0.773857
-3.61196
-2.19725
-3.41004
-2.64742
-2.0231
-1.80845
-0.144756
-2.87415
-1.22989
-1.31316
-1.22618
0
-2.66811
-2.17048
-2.43264
-4.42377
-1.59074
-1.54522
-2.96568
-1.17844
-1.23828
-2.11989
-0.8861
-2.47391
-2.28812
-2.29852
-1.52935
-1.86564
-0.98736
-1.5605
-0.667955
-2.51076
-2.02064
-4.09217
-2.09575
-1.2804
-1.07552
-0.807454
-2.66811
0
-3.23684
-1.7028
-2.8884
0.466529
-2.68317
-2.14249
-2.36899
-1.23574
-1.98274
-2.84821
-0.770826
-2.43186
-0.922164
-1.90717
-3.56759
-1.71256
-1.51297
-1.65726
-2.52337
-4.41831
-3.43044
-2.92708
-1.68771
-2.33316
-2.01883
-2.17048
-3.23684
0
-1.80844
-2.65049
-0.472909
-2.31207
-3.69001
-1.32443
-2.7233
-2.44573
-2.34253
-2.12192
-1.64223
-3.53065
-4.44479
-1.70448
-0.836605
-2.13694
-2.82855
-2.71489
-2.71011
-2.74836
-3.49869
-3.38579
-1.68632
-1.80584
-2.43264
-1.7028
-1.80844
0
-1.80874
-1.59152
-2.17905
-2.74534
-3.91914
-1.45535
-2.57723
-1.3161
-2.91962
-1.1055
-2.93394
-1.52644
-1.99463
-2.97799
-0.0733005
-4.2342
-2.76967
-2.76201
-2.23446
-0.377052
-1.77673
-2.5276
-2.32821
-4.42377
-2.8884
-2.65049
-1.80874
0
-2.94542
-2.84144
-2.8467
-2.31536
-1.06997
-1.88868
-0.464901
-1.55621
-1.89242
-2.61972
-3.3269
-1.47692
-2.34569
-1.50793
-1.85569
-1.13867
-1.62098
-1.55272
-1.14103
-1.16898
-2.42938
-0.135425
-1.59074
0.466529
-0.472909
-1.59152
-2.94542
0
-2.01023
-1.60778
-3.18601
-1.71925
-3.38021
-0.438395
-1.00133
-1.83536
-2.79346
-3.40935
-2.39771
-2.96593
-3.09406
-3.01169
-2.65703
-1.23081
-0.904569
-1.28486
-2.1074
-1.2614
-1.12496
-1.54522
-2.68317
-2.31207
-2.17905
-2.84144
-2.01023
0
-4.60185
-3.61799
-2.87349
-3.35378
-3.57242
-1.4862
-1.38988
-2.53793
-2.69367
-1.0161
-2.82808
-0.820008
-1.16978
-2.21973
-4.24798
-1.5719
-2.64858
-3.82624
-1.12042
-2.51361
-2.96568
-2.14249
-3.69001
-2.74534
-2.8467
-1.60778
-4.60185
0
-0.611539
-1.08312
-1.21407
-0.746382
-1.38141
-1.52234
-2.69231
-2.2661
-2.14336
-0.586682
-0.958989
-2.30487
-0.729807
-1.56235
-4.1119
-1.26718
-2.12523
-0.560775
-1.64084
-1.17844
-2.36899
-1.32443
-3.91914
-2.31536
-3.18601
-3.61799
-0.611539
0
-2.63486
-0.421492
-1.55748
-2.48364
-1.98973
-2.09802
-3.83318
-0.963508
-2.23847
-1.72289
-2.42598
-2.41942
-1.97684
-2.43201
-0.819102
-0.874207
-2.47273
-1.19753
-1.23828
-1.23574
-2.7233
-1.45535
-1.06997
-1.71925
-2.87349
-1.08312
-2.63486
0
-3.95887
-1.75132
-2.76128
-1.32853
-1.57028
-1.91074
-1.36485
-0.769059
-2.24809
-1.97773
-1.56457
0.740661
-1.74944
-1.98798
-2.63965
-2.04531
0.295635
-2.11989
-1.98274
-2.44573
-2.57723
-1.88868
-3.38021
-3.35378
-1.21407
-0.421492
-3.95887
0
