0
-2.41481
-1.35461
-0.466165
-1.04126
-2.10682
-0.865191
-2.1532
-2.68439
-1.6709
-2.76011
-1.57694
-1.86433
-1.25798
-1.35776
-0.995611
-3.12836
-1.21528
-1.17208
-3.30883
-1.42944
-3.49077
-2.31213
-2.48941
-0.879032
-1.6482
-1.14802
-2.41481
0
-3.19485
-1.34587
-0.127714
-1.10134
-1.51929
-3.01858
-1.22805
-2.31058
-1.3157
-2.77931
-2.9526
0.33938
-2.85025
-0.839689
-0.612217
-2.13137
-4.27554
-1.86684
-3.20521
-1.82251
-2.94552
-1.66213
-3.93537
-0.459577
-1.1016
-1.35461
-3.19485
0
-3.89844
-1.92383
-1.43449
-3.78746
-1.53055
-2.03857
-1.7314
-0.0601753
-2.84369
-2.83517
-2.21775
-1.432
-1.88113
0.209815
1.16335
-0.859033
-1.08905
-1.94106
-3.16176
-3.99328
-2.08704
-1.70243
-1.86659
-2.94496
-0.466165
-1.34587
-3.89844
0
-0.42055
-2.55319
-1.67259
-3.34359
-2.19965
-3.03665
-3.88736
-3.06043
-0.992332
-1.82836
-1.30935
-2.14411
-1.85266
-1.62192
-1.65494
-3.86504
-2.18572
-1.11845
-1.78482
-3.3598
-1.20809
-1.05886
-1.29162
-1.04126
-0.127714
-1.92383
-0.42055
0
-3.66624
-0.0217702
-2.20209
-1.55715
-0.19396
-3.0618
-1.45393
-3.85086
-3.02398
-2.57008
-0.968501
-1.28229
-3.48977
-0.238749
-2.45475
-2.01439
-1.49751
-0.680944
-1.46168
-1.64802
0.44825
-2.81919
-2.10682
-1.10134
-1.43449
-2.55319
-3.66624
0
-2.13751
-2.52842
-4.00806
-0.923837
-1.10779
-1.66955
-1.23755
-0.764201
-1.04501
-1.98458
-4.21572
-0.43796
-1.24971
-2.06953
-2.99547
-1.54779
-1.89452
-2.19954
-2.27199
-1.7285
-1.65665
-0.865191
-1.51929
-3.78746
-1.67259
-0.0217702
-2.13751
0
-4.08525
-2.48282
0.0788312
-0.221996
-1.84763
-3.29556
-2.48957
-3.47496
-1.10087
-0.553975
-0.895463
-3.84707
-1.73732
-3.00412
-0.679768
-2.53153
-3.9311
-2.74626
-1.43868
-2.93715
-2.1532
-3.01858
-1.53055
-3.34359
-2.20209
-2.52842
-4.08525
0
-3.12784
-1.40388
-1.95411
-2.24194
-0.192887
-0.870814
-2.06467
-0.827804
0.38491
-1.90331
-1.59808
-0.957117
-2.66797
-0.927895
-2.00345
-2.50594
-2.52412
-2.29747
-3.87475
-2.68439
-1.22805
-2.03857
-2.19965
-1.55715
-4.00806
-2.48282
-3.12784
0
-2.19628
-2.24358
-0.402556
-1.92474
-2.24765
-1.89773
-2.94203
-2.11209
-3.21412
-2.28449
-0.741461
-0.304789
-4.25315
-1.39569
-1.04877
-1.83767
-3.09565
-1.76217
-1.6709
-2.31058
-1.7314
-3.03665
-0.19396
-0.923837
0.0788312
-1.40388
-2.19628
0
-2.12375
-0.889786
-2.28104
-2.24608
-2.56714
-1.46131
0.0417481
-3.01871
-2.93637
-1.86623
-2.40308
-2.19699
-1.67708
-1.30787
-1.8643
-0.910403
-2.33252
-2.76011
-1.3157
-0.0601753
-3.88736
-3.0618
-1.10779
-0.221996
-1.95411
-2.24358
-2.12375
0
-1.08684
-1.53537
-3.14301
-2.2745
0.225147
-1.09284
-1.23489
-2.31364
-3.45649
-1.57582
-1.67002
-1.20833
-1.75567
-2.74504
-1.66377
-1.54762
-1.57694
-2.77931
-2.84369
-3.06043
-1.45393
-1.66955
-1.84763
-2.24194
-0.402556
-0.889786
-1.08684
0
-1.37037
-0.771772
-3.46646
-1.56325
-1.01262
-3.79886
-2.41433
-3.53014
0.909255
-1.28629
-2.17416
-1.85287
-1.5405
-1.69638
-0.0779134
-1.86433
-2.9526
-2.83517
-0.992332
-3.85086
-1.23755
-3.29556
-0.192887
-1.92474
-2.28104
-1.53537
-1.37037
0
-2.48869
-0.867059
-1.74338
-1.28562
-2.086
-3.65578
-1.92963
-2.57614
-0.958697
-2.08791
-3.07445
0.0572213
-1.78789
-0.177049
-1.25798
0.33938
-2.21775
-1.82836
-3.02398
-0.764201
-2.48957
-0.870814
-2.24765
-2.24608
-3.14301
-0.771772
-2.48869
0
-1.77598
-1.89639
-1.79628
-1.6247
-2.45581
-0.930371
-1.78103
-0.318778
-1.25804
-0.682327
-1.89711
-2.08838
-3.89962
-1.35776
-2.85025
-1.432
-1.30935
-2.57008
-1.04501
-3.47496
-2.06467
-1.89773
-2.56714
-2.2745
-3.46646
-0.867059
-1.77598
0
-2.50188
-0.765271
-1.2394
-2.64034
-4.46319
-0.905764
-1.21911
-1.44854
-2.27241
-2.59831
-4.08384
-0.775766
-0.995611
-0.839689
-1.88113
-2.14411
-0.968501
-1.98458
-1.10087
-0.827804
-2.94203
-1.46131
0.225147
-1.56325
-1.74338
-1.89639
-2.50188
0
-1.92327
-3.44773
-0.858111
-3.04197
-1.62312
-1.65716
-2.44456
-0.815073
-0.217214
-3.73942
-2.26064
-3.12836
-0.612217
0.209815
-1.85266
-1.28229
-4.21572
-0.553975
0.38491
-2.11209
0.0417481
-1.09284
-1.01262
-1.28562
-1.79628
-0.765271
-1.92327
0
-1.01006
-1.00726
-1.99686
-2.98524
-1.89536
-2.81007
-4.01969
-3.32927
-0.420494
-1.73591
-1.21528
-2.13137
1.16335
-1.62192
-3.48977
-0.43796
-0.895463
-1.90331
-3.21412
-3.01871
-1.23489
-3.79886
-2.086
-1.6247
-1.2394
-3.44773
-1.01006
0
-2.02559
-1.68666
-1.8729
-1.53468
-1.25666
-1.82245
-2.27785
-1.62235
-2.69505
-1.17208
-4.27554
-0.859033
-1.65494
-0.238749
-1.24971
-3.84707
-1.59808
-2.28449
-2.93637
-2.31364
-2.41433
-3.65578
-2.45581
-2.64034
-0.858111
-1.00726
-2.02559
0
-0.812011
-2.23252
-2.85141
-1.90719
-1.31717
-2.22561
-3.83741
-0.0719044
-3.30883
-1.86684
-1.08905
-3.86504
-2.45475
-2.06953
-1.73732
-0.957117
-0.741461
-1.86623
-3.45649
-3.53014
-1.92963
-0.930371
-4.46319
-3.04197
-1.99686
-1.68666
-0.812011
0
-2.01393
-1.33061
-2.43578
-2.72537
-1.6934
-1.62627
-1.48129
-1.42944
-3.20521
-1.94106
-2.18572
-2.01439
-2.99547
-3.00412
-2.66797
-0.304789
-2.40308
-1.57582
0.909255
-2.57614
-1.78103
-0.905764
-1.62312
-2.98524
-1.8729
-2.23252
-2.01393
0
-3.54128
-1.25797
-2.5198
-2.28126
-1.42186
-1.54287
-3.49077
-1.82251
-3.16176
-1.11845
-1.49751
-1.54779
-0.679768
-0.927895
-4.25315
-2.19699
-1.67002
-1.28629
-0.958697
-0.318778
-1.21911
-1.65716
-1.89536
-1.53468
-2.85141
-1.33061
-3.54128
0
-3.33831
-1.40511
-0.520534
-2.79181
-0.538942
-2.31213
-2.94552
-3.99328
-1.78482
-0.680944
-1.89452
-2.53153
-2.00345
-1.39569
-1.67708
-1.20833
-2.17416
-2.08791
-1.25804
-1.44854
-2.44456
-2.81007
-1.25666
-1.90719
-2.43578
-1.25797
-3.33831
0
-1.77993
-3.27841
-1.59633
-2.6675
-2.48941
-1.66213
-2.08704
-3.3598
-1.46168
-2.19954
-3.9311
-2.50594
-1.04877
-1.30787
-1.75567
-1.85287
-3.07445
-0.682327
-2.27241
-0.815073
-4.01969
-1.82245
-1.31717
-2.72537
-2.5198
-1.40511
-1.77993
0
-0.700453
-0.694785
-2.60295
-0.879032
-3.93537
-1.70243
-1.20809
-1.64802
-2.27199
-2.74626
-2.52412
-1.83767
-1.8643
-2.74504
-1.5405
0.0572213
-1.89711
-2.59831
-0.217214
-3.32927
-2.27785
-2.22561
-1.6934
-2.28126
-0.520534
-3.27841
-0.700453
0
-1.83175
-1.1339
-1.6482
-0.459577
-1.86659
-1.05886
0.44825
-1.7285
-1.43868
-2.29747
-3.09565
-0.910403
-1.66377
-1.69638
-1.78789
-2.08838
-4.08384
-3.73942
-0.420494
-1.62235
-3.83741
-1.62627
-1.42186
-2.79181
-1.59633
-0.694785
-1.83175
0
-0.600619
-1.14802
-1.1016
-2.94496
-1.29162
-2.81919
-1.65665
-2.93715
-3.87475
-1.76217
-2.33252
-1.54762
-0.0779134
-0.177049
-3.89962
-0.775766
-2.26064
-1.73591
-2.69505
-0.0719044
-1.48129
-1.54287
-0.538942
-2.6675
-2.60295
-1.1339
-0.600619
0
