0
-3.55466
-3.28702
-2.39555
-2.59436
-2.80705
-1.8989
-1.96784
-0.341256
-1.72066
-0.39928
-0.758118
-1.69179
-1.68672
-1.31015
-2.36471
-2.26817
-2.05768
-0.39216
-2.69674
-1.98983
-0.973113
-2.94844
-0.927583
-3.56604
-1.57044
-1.14827
-3.55466
0
-3.09898
-1.74934
-2.97445
-3.69446
-2.26591
-1.75366
-1.7784
-1.6871
-1.91352
-2.13557
-4.43114
-0.594851
-0.389615
-1.77226
-2.80341
-2.861
-1.42332
-0.190309
-2.05833
-3.61817
-4.23305
-3.71887
-0.769517
-2.83591
-1.72654
-3.28702
-3.09898
0
-1.03918
-2.13487
-0.606035
-1.30485
-2.93672
-3.62312
-2.88264
-2.69778
-2.21697
-2.14741
-2.74364
-1.01086
-3.18613
-3.17978
-0.8145
-1.44931
-1.97064
-2.19539
0.227428
-1.33579
-2.18959
-2.81709
-4.16757
-1.4971
-2.39555
-1.74934
-1.03918
0
-1.70924
-1.91149
-1.99642
-1.49003
-1.64255
-3.55131
-3.19105
-3.19295
-3.75944
-1.06238
-3.45142
-0.643449
-2.74237
-0.576045
-2.31945
-0.758794
-2.54531
-2.97216
-3.37747
-1.54671
-1.9298
-1.42601
-0.840424
-2.59436
-2.97445
-2.13487
-1.70924
0
-2.93993
-0.858784
-1.91261
-2.6544
-3.39382
-1.29787
-4.65565
-1.87973
-2.27202
-0.378153
-1.01735
-1.58211
-1.92713
-1.50586
-1.76683
0.248519
-2.78401
-2.56332
-1.24196
-2.64771
-2.87819
-2.76889
-2.80705
-3.69446
-0.606035
-1.91149
-2.93993
0
-1.36079
-3.39153
-1.89089
-3.06644
-1.01729
-2.78846
-2.53177
-2.71199
-3.194
-2.73795
-0.672312
-2.70125
-0.24412
-0.830671
-1.8338
-1.10542
-2.71173
-0.896498
-2.69768
-2.88294
-0.820995
-1.8989
-2.26591
-1.30485
-1.99642
-0.858784
-1.36079
0
-1.2815
-3.60072
-2.3021
-3.21943
-1.89407
-1.18731
-0.688956
-1.61434
-2.11009
-1.83146
-1.34467
-1.27935
-1.89502
-1.8555
-0.616575
-1.50229
-1.22619
-0.245598
-1.98648
-1.18887
-1.96784
-1.75366
-2.93672
-1.49003
-1.91261
-3.39153
-1.2815
0
-5.05779
-2.5393
-3.61054
-2.85672
-2.16761
-2.52183
-0.0369838
-1.83813
-2.47164
-0.546635
-4.12512
-1.8481
-1.36693
-3.95764
-0.732508
-2.60381
-1.11944
-1.49521
-2.56526
-0.341256
-1.7784
-3.62312
-1.64255
-2.6544
-1.89089
-3.60072
-5.05779
0
-2.3441
-1.98466
-3.22293
-0.743997
-0.791573
-3.17516
-2.06372
-2.65783
-0.0288053
-1.46883
-3.51292
-0.01213
-1.31065
-3.44799
-0.453334
-0.504733
-2.31317
-1.77152
-1.72066
-1.6871
-2.88264
-3.55131
-3.39382
-3.06644
-2.3021
-2.5393
-2.3441
0
-2.97634
-2.05316
-2.26066
-1.84211
-2.62469
-1.62887
-2.76589
-2.5323
-1.4029
-1.24877
-0.459794
-0.757382
-3.24027
-1.66293
-1.05424
-3.28647
-4.33664
-0.39928
-1.91352
-2.69778
-3.19105
-1.29787
-1.01729
-3.21943
-3.61054
-1.98466
-2.97634
0
-1.49628
-2.77973
-2.0217
-1.58395
-1.95037
-2.22134
-1.98418
-0.139094
-2.59886
-1.79119
-2.75062
-1.15281
-0.813388
-1.05892
-1.53041
-1.8918
-0.758118
-2.13557
-2.21697
-3.19295
-4.65565
-2.78846
-1.89407
-2.85672
-3.22293
-2.05316
-1.49628
0
-3.9279
-0.672231
-2.36219
0.0546191
-1.74881
-1.16738
-1.97467
-2.85512
-1.29475
-3.14365
-1.59027
-2.3839
-2.75991
-2.56917
-3.52195
-1.69179
-4.43114
-2.14741
-3.75944
-1.87973
-2.53177
-1.18731
-2.16761
-0.743997
-2.26066
-2.77973
-3.9279
0
-1.18239
-1.5443
-3.03451
-5.63575
-3.80047
-0.310099
-0.601251
-1.96362
-1.57373
-2.19263
-1.28858
-2.30593
-1.98842
-1.53588
-1.68672
-0.594851
-2.74364
-1.06238
-2.27202
-2.71199
-0.688956
-2.52183
-0.791573
-1.84211
-2.0217
-0.672231
-1.18239
0
-3.44905
-4.38654
-1.84951
-2.04771
-0.595438
-3.04512
-2.57778
-2.43844
-1.78579
-0.793628
-3.59452
-2.90454
-2.4798
-1.31015
-0.389615
-1.01086
-3.45142
-0.378153
-3.194
-1.61434
-0.0369838
-3.17516
-2.62469
-1.58395
-2.36219
-1.5443
-3.44905
0
-1.86356
-2.33673
-1.88879
-3.16265
-1.5866
-3.53142
-3.01876
-2.65231
-1.88494
-1.51182
-1.90795
-3.2847
-2.36471
-1.77226
-3.18613
-0.643449
-1.01735
-2.73795
-2.11009
-1.83813
-2.06372
-1.62887
-1.95037
0.0546191
-3.03451
-4.38654
-1.86356
0
-2.94219
-1.81209
-2.78711
-1.19791
-1.78079
-3.14881
-2.26427
-2.45437
-2.23379
0.661618
-2.67129
-2.26817
-2.80341
-3.17978
-2.74237
-1.58211
-0.672312
-1.83146
-2.47164
-2.65783
-2.76589
-2.22134
-1.74881
-5.63575
-1.84951
-2.33673
-2.94219
0
-1.38104
-1.24392
-2.88665
-1.31992
-0.698846
-1.47253
-2.55501
-0.980331
0.965818
-3.22778
-2.05768
-2.861
-0.8145
-0.576045
-1.92713
-2.70125
-1.34467
-0.546635
-0.0288053
-2.5323
-1.98418
-1.16738
-3.80047
-2.04771
-1.88879
-1.81209
-1.38104
0
-1.01034
-4.0015
-3.73025
-2.0427
-1.18843
-4.12543
-1.84898
-2.55955
-2.51269
-0.39216
-1.42332
-1.44931
-2.31945
-1.50586
-0.24412
-1.27935
-4.12512
-1.46883
-1.4029
-0.139094
-1.97467
-0.310099
-0.595438
-3.16265
-2.78711
-1.24392
-1.01034
0
-1.65658
-2.39409
-0.641918
-3.16871
-0.397664
-1.66159
-1.26044
-3.1814
-2.69674
-0.190309
-1.97064
-0.758794
-1.76683
-0.830671
-1.89502
-1.8481
-3.51292
-1.24877
-2.59886
-2.85512
-0.601251
-3.04512
-1.5866
-1.19791
-2.88665
-4.0015
-1.65658
0
-1.67593
-3.16027
-1.7857
-1.68768
-2.1595
-2.87686
-2.20222
-1.98983
-2.05833
-2.19539
-2.54531
0.248519
-1.8338
-1.8555
-1.36693
-0.01213
-0.459794
-1.79119
-1.29475
-1.96362
-2.57778
-3.53142
-1.78079
-1.31992
-3.73025
-2.39409
-1.67593
0
-1.86854
-2.23101
-1.97266
-1.30136
-2.69409
-1.56292
-0.973113
-3.61817
0.227428
-2.97216
-2.78401
-1.10542
-0.616575
-3.95764
-1.31065
-0.757382
-2.75062
-3.14365
-1.57373
-2.43844
-3.01876
-3.14881
-0.698846
-2.0427
-0.641918
-3.16027
-1.86854
0
-0.781125
-0.168042
-1.87102
-2.05982
-2.01387
-2.94844
-4.23305
-1.33579
-3.37747
-2.56332
-2.71173
-1.50229
-0.732508
-3.44799
-3.24027
-1.15281
-1.59027
-2.19263
-1.78579
-2.65231
-2.26427
-1.47253
-1.18843
-3.16871
-1.7857
-2.23101
-0.781125
0
-0.810207
-0.729194
-2.81938
0.232916
-0.927583
-3.71887
-2.18959
-1.54671
-1.24196
-0.896498
-1.22619
-2.60381
-0.453334
-1.66293
-0.813388
-2.3839
-1.28858
-0.793628
-1.88494
-2.45437
-2.55501
-4.12543
-0.397664
-1.68768
-1.97266
-0.168042
-0.810207
0
-0.5164
-2.04019
-2.29023
-3.56604
-0.769517
-2.81709
-1.9298
-2.64771
-2.69768
-0.245598
-1.11944
-0.504733
-1.05424
-1.05892
-2.75991
-2.30593
-3.59452
-1.51182
-2.23379
-0.980331
-1.84898
-1.66159
-2.1595
-1.30136
-1.87102
-0.729194
-0.5164
0
-3.42426
-3.54687
-1.57044
-2.83591
-4.16757
-1.42601
-2.87819
-2.88294
-1.98648
-1.49521
-2.31317
-3.28647
-1.53041
-2.56917
-1.98842
-2.90454
-1.90795
0.661618
0.965818
-2.55955
-1.26044
-2.87686
-2.69409
-2.05982
-2.81938
-2.04019
-3.42426
0
-1.95662
-1.14827
-1.72654
-1.4971
-0.840424
-2.76889
-0.820995
-1.18887
-2.56526
-1.77152
-4.33664
-1.8918
-3.52195
-1.53588
-2.4798
-3.2847
-2.67129
-3.22778
-2.51269
-3.1814
-2.20222
-1.56292
-2.01387
0.232916
-2.29023
-3.54687
-1.95662
0
