0
-2.58212
-1.87274
-1.07655
-0.917808
-0.967064
-3.66175
-1.20671
-0.997036
-1.03693
0.557416
-1.80288
-2.71796
-1.69487
-2.61268
-2.99035
-3.35095
-2.85624
-1.31933
-2.0481
-1.83203
-2.32824
-2.39426
-0.312902
-1.38001
-1.60396
-1.24583
-2.58212
0
-3.34149
-3.76748
-1.07883
-3.13758
-2.29395
-1.03172
-1.59978
-0.85797
-1.93296
-2.01486
-1.9874
-3.27666
-0.473523
-2.91417
-4.43346
-1.56656
-2.37991
-2.34052
0.447167
-2.47617
-1.91587
-2.66843
-3.5429
-4.00036
-0.788385
-1.87274
-3.34149
0
-2.12416
-1.38112
-3.55558
-1.87532
-0.836449
-0.428308
-2.73996
-2.12578
-2.98507
-2.21785
-3.57455
-0.176173
-1.07577
-0.32889
-1.13622
-2.09772
-1.75332
-1.40502
-0.712386
-1.19444
-1.60244
-3.53463
-3.06194
-0.972523
-1.07655
-3.76748
-2.12416
0
-2.58412
-0.769899
-0.559859
-1.60805
-2.18552
-1.92066
-0.674684
-1.23669
-3.47723
-2.89129
-3.08263
-1.98702
-2.33502
-2.4853
-2.561
-1.67725
-2.16834
-3.4873
-3.19493
-1.8041
-2.98292
-3.0344
-2.9001
-0.917808
-1.07883
-1.38112
-2.58412
0
-2.78323
-0.796356
-2.11396
-1.46367
-2.11943
-1.26507
-0.678484
-1.30783
-4.58047
-1.47097
-2.44376
-0.559095
-2.63399
-2.99117
-2.60883
-0.569023
-1.9815
0.20268
-0.978139
-1.52144
-2.62649
-0.888941
-0.967064
-3.13758
-3.55558
-0.769899
-2.78323
0
-1.26257
-0.550141
-0.377663
-0.88979
-2.34462
-2.75873
-0.832986
-3.04263
-2.66058
-2.99382
-1.94556
-1.68505
0.247299
-0.546182
-2.39436
-3.29134
-2.98973
-1.95068
-1.73249
-1.88742
-0.683114
-3.66175
-2.29395
-1.87532
-0.559859
-0.796356
-1.26257
0
-2.01683
-1.12466
-2.27123
-0.961054
-0.476123
-1.61514
-1.25367
-2.9592
-2.38974
-1.47269
-1.4326
-1.23993
-1.41047
-2.44164
-2.97312
-3.35158
0.248807
-2.01504
-2.69874
-1.35975
-1.20671
-1.03172
-0.836449
-1.60805
-2.11396
-0.550141
-2.01683
0
-2.05073
-0.627409
-2.09028
-2.90322
-2.4965
-0.969867
-1.3174
-3.12804
-1.40609
-1.16753
-1.6767
-2.25769
-1.85794
-1.84221
-1.77118
-2.73073
-0.815551
-0.634778
-0.117787
-0.997036
-1.59978
-0.428308
-2.18552
-1.46367
-0.377663
-1.12466
-2.05073
0
-1.83265
-3.3004
-2.43249
-3.00153
-2.75722
-2.40196
-2.48879
-3.43373
-2.39674
0.146687
-2.76836
-3.0402
-1.58942
-1.6304
-1.1121
-1.54748
-1.54741
-3.54823
-1.03693
-0.85797
-2.73996
-1.92066
-2.11943
-0.88979
-2.27123
-0.627409
-1.83265
0
-1.69326
-2.77793
-3.66864
-1.36107
-2.522
-1.13484
-1.5636
-2.53362
-2.14825
-3.4411
-2.85237
-2.73415
-3.05532
-1.45851
-3.44441
-3.11248
-4.05562
0.557416
-1.93296
-2.12578
-0.674684
-1.26507
-2.34462
-0.961054
-2.09028
-3.3004
-1.69326
0
-1.84877
-1.24945
-2.22965
-1.92022
-2.58328
-1.89696
-4.09975
-0.582699
-2.66591
-2.5789
-1.32706
-0.33141
-2.02145
-1.69275
-2.36237
-1.06392
-1.80288
-2.01486
-2.98507
-1.23669
-0.678484
-2.75873
-0.476123
-2.90322
-2.43249
-2.77793
-1.84877
0
-3.4756
-2.3045
-1.32865
-2.96823
-0.964391
-2.23404
-2.14916
-1.99958
-2.4128
-1.89457
-0.590393
-1.53836
-2.43774
-2.68934
-1.42806
-2.71796
-1.9874
-2.21785
-3.47723
-1.30783
-0.832986
-1.61514
-2.4965
-3.00153
-3.66864
-1.24945
-3.4756
0
-2.13679
-0.837187
-2.21864
-1.51465
-2.92608
-2.66816
-2.38092
-1.81007
-1.29793
-1.33977
-2.38992
-2.91001
-1.16156
-0.411125
-1.69487
-3.27666
-3.57455
-2.89129
-4.58047
-3.04263
-1.25367
-0.969867
-2.75722
-1.36107
-2.22965
-2.3045
-2.13679
0
-0.230032
-2.0873
-1.81945
-0.0609705
-2.45554
-2.41983
-0.608925
-0.684354
-2.68655
-2.74167
-1.41678
-2.09014
-2.23401
-2.61268
-0.473523
-0.176173
-3.08263
-1.47097
-2.66058
-2.9592
-1.3174
-2.40196
-2.522
-1.92022
-1.32865
-0.837187
-0.230032
0
-4.01338
-3.25355
-0.593551
-0.514631
-1.66966
-1.37107
-2.19584
-3.03224
-0.810918
-1.42666
-3.06912
-2.00442
-2.99035
-2.91417
-1.07577
-1.98702
-2.44376
-2.99382
-2.38974
-3.12804
-2.48879
-1.13484
-2.58328
-2.96823
-2.21864
-2.0873
-4.01338
0
-2.20051
0.252692
-1.01189
-0.543431
-3.05373
-3.42438
-1.88529
-1.10247
-1.03161
-1.11149
-1.74116
-3.35095
-4.43346
-0.32889
-2.33502
-0.559095
-1.94556
-1.47269
-1.40609
-3.43373
-1.5636
-1.89696
-0.964391
-1.51465
-1.81945
-3.25355
-2.20051
0
-2.52729
-2.75072
-1.5184
-2.4812
-1.28027
-1.1743
-1.26618
-0.235781
-2.10211
-1.77097
-2.85624
-1.56656
-1.13622
-2.4853
-2.63399
-1.68505
-1.4326
-1.16753
-2.39674
-2.53362
-4.09975
-2.23404
-2.92608
-0.0609705
-0.593551
0.252692
-2.52729
0
-2.54337
-2.44301
-2.82064
-2.73356
-1.70076
-3.12511
-0.312902
-2.49701
-3.45637
-1.31933
-2.37991
-2.09772
-2.561
-2.99117
0.247299
-1.23993
-1.6767
0.146687
-2.14825
-0.582699
-2.14916
-2.66816
-2.45554
-0.514631
-1.01189
-2.75072
-2.54337
0
-1.9168
-1.56499
-2.65138
-1.04689
-0.426492
-2.44585
-1.00579
-3.23042
-2.0481
-2.34052
-1.75332
-1.67725
-2.60883
-0.546182
-1.41047
-2.25769
-2.76836
-3.4411
-2.66591
-1.99958
-2.38092
-2.41983
-1.66966
-0.543431
-1.5184
-2.44301
-1.9168
0
-2.21186
-0.859703
-2.5118
-2.75021
-1.6591
-2.78511
-1.82347
-1.83203
0.447167
-1.40502
-2.16834
-0.569023
-2.39436
-2.44164
-1.85794
-3.0402
-2.85237
-2.5789
-2.4128
-1.81007
-0.608925
-1.37107
-3.05373
-2.4812
-2.82064
-1.56499
-2.21186
0
-2.08019
-1.54638
-1.25261
-2.28033
-1.293
-1.99372
-2.32824
-2.47617
-0.712386
-3.4873
-1.9815
-3.29134
-2.97312
-1.84221
-1.58942
-2.73415
-1.32706
-1.89457
-1.29793
-0.684354
-2.19584
-3.42438
-1.28027
-2.73356
-2.65138
-0.859703
-2.08019
0
-2.29357
-2.18733
-3.94358
-3.13664
-1.82797
-2.39426
-1.91587
-1.19444
-3.19493
0.20268
-2.98973
-3.35158
-1.77118
-1.6304
-3.05532
-0.33141
-0.590393
-1.33977
-2.68655
-3.03224
-1.88529
-1.1743
-1.70076
-1.04689
-2.5118
-1.54638
-2.29357
0
-1.69258
-2.86962
-1.81653
0.30427
-0.312902
-2.66843
-1.60244
-1.8041
-0.978139
-1.95068
0.248807
-2.73073
-1.1121
-1.45851
-2.02145
-1.53836
-2.38992
-2.74167
-0.810918
-1.10247
-1.26618
-3.12511
-0.426492
-2.75021
-1.25261
-2.18733
-1.69258
0
-2.23272
-1.25897
-2.13384
-1.38001
-3.5429
-3.53463
-2.98292
-1.52144
-1.73249
-2.01504
-0.815551
-1.54748
-3.44441
-1.69275
-2.43774
-2.91001
-1.41678
-1.42666
-1.03161
-0.235781
-0.312902
-2.44585
-1.6591
-2.28033
-3.94358
-2.86962
-2.23272
0
-2.62983
-1.9729
-1.60396
-4.00036
-3.06194
-3.0344
-2.62649
-1.88742
-2.69874
-0.634778
-1.54741
-3.11248
-2.36237
-2.68934
-1.16156
-2.09014
-3.06912
-1.11149
-2.10211
-2.49701
-1.00579
-2.78511
-1.293
-3.13664
-1.81653
-1.25897
-2.62983
0
-1.88614
-1.24583
-0.788385
-0.972523
-2.9001
-0.888941
-0.683114
-1.35975
-0.117787
-3.54823
-4.05562
-1.06392
-1.42806
-0.411125
-2.23401
-2.00442
-1.74116
-1.77097
-3.45637
-3.23042
-1.82347
-1.99372
-1.82797
0.30427
-2.13384
-1.9729
-1.88614
0
