0
-1.24181
0.0475721
-0.561657
-1.68674
-2.29436
-0.852602
-4.13378
-1.15242
-1.67635
-1.72618
-1.52014
-1.79283
-0.705128
0.267986
-0.493561
-1.4719
-2.97459
-3.77019
-0.0788327
-1.98687
-1.04226
-1.89321
-1.33119
-2.05038
-2.28062
-3.15701
-1.24181
0
-1.87946
-3.30183
-0.778163
-2.82582
-3.09349
-2.80374
-2.89025
-2.37216
-1.13046
-2.03238
-2.30372
-1.05893
-2.12528
-2.27247
-1.39456
-3.38627
-0.621617
-3.34271
-2.16853
-1.1299
-3.2929
-3.77768
-3.92262
-1.60675
-2.56146
0.0475721
-1.87946
0
-1.63711
-1.43283
-3.02812
-4.31567
-3.47554
-1.05257
-1.73472
-1.13826
-1.1601
-1.48909
-2.42735
-2.63572
-0.608852
-1.49602
-2.29784
-1.21237
-2.46662
-2.24263
-3.57509
-1.09716
-2.39815
-2.6597
-2.24126
-1.98174
-0.561657
-3.30183
-1.63711
0
-3.30091
-1.86167
-3.33476
-1.28467
-0.558729
-1.49363
-2.25992
-1.1343
-1.23589
-2.34226
-1.90905
-1.22256
-2.05491
-1.15223
-2.79631
-1.1205
-1.75123
-1.86242
-1.47646
-1.89819
-2.01679
-1.71259
-0.973884
-1.68674
-0.778163
-1.43283
-3.30091
0
-1.90569
-1.06228
-2.0641
-0.194212
-1.44658
-2.77292
-2.33932
-1.54011
-0.464679
-3.19221
-0.734098
-1.2931
-2.2536
-2.79634
-1.77371
-3.38796
-1.6636
-3.32493
-1.43528
-2.77509
-2.74107
-1.62256
-2.29436
-2.82582
-3.02812
-1.86167
-1.90569
0
-1.57516
-3.09281
-5.23532
-0.179297
-2.19566
-3.13861
-2.75809
-1.981
-1.30683
-1.61929
-2.94177
-3.37004
-1.85739
-2.36555
-1.4926
-2.07844
-1.82257
-2.2008
-2.2925
-1.03081
-2.68831
-0.852602
-3.09349
-4.31567
-3.33476
-1.06228
-1.57516
0
-0.715812
-1.78227
-3.76497
-1.42951
-1.70952
-3.1517
-1.99357
-0.82719
-1.26632
-2.24203
-0.687551
-1.97599
-3.26036
-0.766494
-0.91089
-1.47685
-2.40086
-0.0113152
-0.509481
-1.64828
-4.13378
-2.80374
-3.47554
-1.28467
-2.0641
-3.09281
-0.715812
0
-0.827482
-2.31806
-0.858505
-0.529867
-2.28732
-3.0944
-0.0444971
-1.00228
-4.01431
-3.1139
-1.9619
-3.15076
-3.92331
-1.37234
-3.07147
-2.05001
-2.08622
-2.48116
-1.76432
-1.15242
-2.89025
-1.05257
-0.558729
-0.194212
-5.23532
-1.78227
-0.827482
0
-1.56081
-1.72362
-0.857858
-2.61017
-0.722798
-2.5686
-1.97351
-1.45354
-2.63895
-4.4302
-2.49375
-1.30827
-1.51513
-1.74171
-4.02172
-2.62453
-3.11256
-1.16215
-1.67635
-2.37216
-1.73472
-1.49363
-1.44658
-0.179297
-3.76497
-2.31806
-1.56081
0
-2.01546
-1.39033
-0.521332
-1.84572
-0.318657
-2.10299
-1.09922
-1.21782
-1.76298
-3.07284
-1.75305
-1.9074
-3.36102
-1.23431
-2.16786
-0.81528
-3.35742
-1.72618
-1.13046
-1.13826
-2.25992
-2.77292
-2.19566
-1.42951
-0.858505
-1.72362
-2.01546
0
-2.16923
-3.65474
-1.23783
-1.3952
-3.33131
-1.52989
-2.4378
-1.91456
-0.929391
-0.863129
-1.62596
-2.20033
-1.54554
-1.32834
-1.55883
-2.08788
-1.52014
-2.03238
-1.1601
-1.1343
-2.33932
-3.13861
-1.70952
-0.529867
-0.857858
-1.39033
-2.16923
0
-3.28833
-1.9929
-3.72252
0.0884648
-2.548
-3.96389
-2.95932
-1.71417
-1.94588
-1.02787
-2.17347
-1.1133
0.113122
-2.09132
-0.326662
-1.79283
-2.30372
-1.48909
-1.23589
-1.54011
-2.75809
-3.1517
-2.28732
-2.61017
-0.521332
-3.65474
-3.28833
0
-1.61128
-1.64468
-2.27197
-1.11662
-3.79628
-0.741715
-3.05594
-1.63521
-1.48934
0.440187
-2.92339
-1.11719
-1.72967
-3.51235
-0.705128
-1.05893
-2.42735
-2.34226
-0.464679
-1.981
-1.99357
-3.0944
-0.722798
-1.84572
-1.23783
-1.9929
-1.61128
0
-1.2623
-1.16787
-1.72455
-2.88732
-1.8969
-2.22054
-1.58167
-1.91207
-1.47949
-1.60781
-1.80699
-1.54928
-3.63102
0.267986
-2.12528
-2.63572
-1.90905
-3.19221
-1.30683
-0.82719
-0.0444971
-2.5686
-0.318657
-1.3952
-3.72252
-1.64468
-1.2623
0
-2.53693
-2.36512
-2.83846
-2.23412
0.0896816
-2.41205
-2.44175
-0.0792345
-2.03507
-2.13924
-2.99789
-1.94184
-0.493561
-2.27247
-0.608852
-1.22256
-0.734098
-1.61929
-1.26632
-1.00228
-1.97351
-2.10299
-3.33131
0.0884648
-2.27197
-1.16787
-2.53693
0
-1.97899
-1.50293
-1.37477
-2.77056
-3.89384
-1.67577
-1.54058
-1.46813
-1.9452
-2.98403
-1.23008
-1.4719
-1.39456
-1.49602
-2.05491
-1.2931
-2.94177
-2.24203
-4.01431
-1.45354
-1.09922
-1.52989
-2.548
-1.11662
-1.72455
-2.36512
-1.97899
0
-1.99474
-0.892833
-4.43131
-1.42318
-2.24995
-1.20095
-2.7387
-3.17753
-1.14048
-2.17405
-2.97459
-3.38627
-2.29784
-1.15223
-2.2536
-3.37004
-0.687551
-3.1139
-2.63895
-1.21782
-2.4378
-3.96389
-3.79628
-2.88732
-2.83846
-1.50293
-1.99474
0
-2.68211
-3.01462
-0.566258
-2.88484
-2.1794
-1.44506
-3.58984
-2.35964
-3.15293
-3.77019
-0.621617
-1.21237
-2.79631
-2.79634
-1.85739
-1.97599
-1.9619
-4.4302
-1.76298
-1.91456
-2.95932
-0.741715
-1.8969
-2.23412
-1.37477
-0.892833
-2.68211
0
-0.898676
-0.424224
-3.82012
-3.16333
-3.03963
-4.23872
-0.730876
-1.84287
-0.0788327
-3.34271
-2.46662
-1.1205
-1.77371
-2.36555
-3.26036
-3.15076
-2.49375
-3.07284
-0.929391
-1.71417
-3.05594
-2.22054
0.0896816
-2.77056
-4.43131
-3.01462
-0.898676
0
-2.83555
-4.26432
-1.65062
-2.20946
-0.17518
-1.73254
-2.76148
-1.98687
-2.16853
-2.24263
-1.75123
-3.38796
-1.4926
-0.766494
-3.92331
-1.30827
-1.75305
-0.863129
-1.94588
-1.63521
-1.58167
-2.41205
-3.89384
-1.42318
-0.566258
-0.424224
-2.83555
0
-1.64766
0.212267
-2.34199
-2.65492
-1.47241
-2.61108
-1.04226
-1.1299
-3.57509
-1.86242
-1.6636
-2.07844
-0.91089
-1.37234
-1.51513
-1.9074
-1.62596
-1.02787
-1.48934
-1.91207
-2.44175
-1.67577
-2.24995
-2.88484
-3.82012
-4.26432
-1.64766
0
-1.98884
-2.2436
-1.61798
-1.20658
-1.72929
-1.89321
-3.2929
-1.09716
-1.47646
-3.32493
-1.82257
-1.47685
-3.07147
-1.74171
-3.36102
-2.20033
-2.17347
0.440187
-1.47949
-0.0792345
-1.54058
-1.20095
-2.1794
-3.16333
-1.65062
0.212267
-1.98884
0
-0.432008
-1.64711
-1.16079
-0.930609
-1.33119
-3.77768
-2.39815
-1.89819
-1.43528
-2.2008
-2.40086
-2.05001
-4.02172
-1.23431
-1.54554
-1.1133
-2.92339
-1.60781
-2.03507
-1.46813
-2.7387
-1.44506
-3.03963
-2.20946
-2.34199
-2.2436
-0.432008
0
-0.522699
-1.61227
-2.20004
-2.05038
-3.92262
-2.6597
-2.01679
-2.77509
-2.2925
-0.0113152
-2.08622
-2.62453
-2.16786
-1.32834
0.113122
-1.11719
-1.80699
-2.13924
-1.9452
-3.17753
-3.58984
-4.23872
-0.17518
-2.65492
-1.61798
-1.64711
-0.522699
0
-1.29888
-2.19463
-2.28062
-1.60675
-2.24126
-1.71259
-2.74107
-1.03081
-0.509481
-2.48116
-3.11256
-0.81528
-1.55883
-2.09132
-1.72967
-1.54928
-2.99789
-2.98403
-1.14048
-2.35964
-0.730876
-1.73254
-1.47241
-1.20658
-1.16079
-1.61227
-1.29888
0
-2.96
-3.15701
-2.56146
-1.98174
-0.973884
-1.62256
-2.68831
-1.64828
-1.76432
-1.16215
-3.35742
-2.08788
-0.326662
-3.51235
-3.63102
-1.94184
-1.23008
-2.17405
-3.15293
-1.84287
-2.76148
-2.61108
-1.72929
-0.930609
-2.20004
-2.19463
-2.96
0
