0
-0.756556
-0.787974
-1.51776
-1.95757
0.732042
-1.95707
-2.2361
-2.84537
-2.21335
-2.73593
-2.99054
-4.48474
-0.53693
-2.84427
-1.18058
-0.771715
-2.11065
-2.45039
-1.0453
-0.586566
-2.70803
-2.69863
-2.87066
-3.54437
-0.812014
-3.2916
-0.756556
0
-1.26042
-2.42262
-1.48249
-3.11428
-2.16912
-0.338521
-0.995595
-2.72864
-1.82929
-2.4681
-2.90569
-2.76357
-2.73212
-2.64036
-1.14734
-3.19149
-2.40396
-1.55511
-1.70983
-1.53744
-1.64219
-1.38484
-1.21243
-2.5733
-1.55572
-0.787974
-1.26042
0
-3.18882
-3.00414
-1.95484
-2.3796
-0.0980697
-2.26276
-1.14067
-3.58991
-0.476952
-4.35806
-1.18237
-2.90122
-2.90971
-1.74032
-2.29303
-2.69347
-1.61398
-2.43281
-1.61394
-2.07349
-2.33488
-1.46192
-2.50875
-1.99937
-1.51776
-2.42262
-3.18882
0
-2.618
-2.98887
-2.36177
-1.34151
-1.814
-1.8221
-1.72984
-2.63659
-2.3599
-3.10704
-2.33225
-2.5051
-1.42764
-2.76978
-2.37373
-1.37408
-0.982003
-0.333479
-0.909379
-2.65519
-0.822651
-1.53928
-3.49208
-1.95757
-1.48249
-3.00414
-2.618
0
-1.59947
-2.03795
-2.92827
0.114588
-1.77799
-2.72647
-2.27211
-2.71885
-0.597283
-3.7803
-2.73811
-1.93008
-2.00727
-1.61856
-2.15735
-2.36498
-1.75885
-0.850661
-1.64439
-1.52536
-1.91908
-0.240325
0.732042
-3.11428
-1.95484
-2.98887
-1.59947
0
-2.34038
-1.43393
-3.11384
-2.21605
-2.08204
-1.615
-1.28357
-2.01827
-1.63119
-3.15955
-2.12096
-1.50964
-1.88989
-0.0333548
-2.16701
-2.94632
-2.01584
-2.40447
-1.15798
-2.04853
-0.296542
-1.95707
-2.16912
-2.3796
-2.36177
-2.03795
-2.34038
0
-1.85108
-1.22424
-1.58301
-2.61242
-1.65673
-2.74157
-1.29602
-0.159315
-1.02913
-2.20228
-3.06824
-2.92758
-4.18848
-0.856025
-1.44222
-3.07414
-2.07257
-0.346864
-3.19961
-3.13818
-2.2361
-0.338521
-0.0980697
-1.34151
-2.92827
-1.43393
-1.85108
0
-2.0858
-3.78552
-2.79507
-1.8965
-0.548382
-2.62409
-2.64235
-0.694446
-2.32706
-1.53921
0.602706
-1.82434
-1.80653
-2.67185
-3.31186
-3.8209
-2.5617
-3.37528
-4.28992
-2.84537
-0.995595
-2.26276
-1.814
0.114588
-3.11384
-1.22424
-2.0858
0
-1.13686
-2.23486
-2.62078
-0.464038
-3.32234
-2.39799
-2.94888
-1.52709
-2.65047
-2.30376
-2.20891
-2.39278
-4.16514
-2.55694
-3.84468
-2.92292
-2.46433
-2.99388
-2.21335
-2.72864
-1.14067
-1.8221
-1.77799
-2.21605
-1.58301
-3.78552
-1.13686
0
-2.32349
-1.13156
-1.13148
-3.36634
-2.07082
-1.1978
-2.22785
-0.32258
-1.24533
-1.4965
-1.13187
-3.22045
-0.282199
-3.16165
-1.9661
-1.12084
-2.04297
-2.73593
-1.82929
-3.58991
-1.72984
-2.72647
-2.08204
-2.61242
-2.79507
-2.23486
-2.32349
0
-0.733992
-0.733954
-2.17977
0.316588
-3.20875
-2.57714
-1.01034
-2.36893
-1.85145
-1.08189
-2.98624
-1.70538
-3.11016
-1.32212
-1.1324
-2.4827
-2.99054
-2.4681
-0.476952
-2.63659
-2.27211
-1.615
-1.65673
-1.8965
-2.62078
-1.13156
-0.733992
0
-4.47772
-1.58085
-1.83021
-2.73076
-0.849411
-1.93051
-2.63652
-1.0941
-1.17946
-3.09825
-1.09033
-3.01011
-1.52689
-1.59961
-0.942177
-4.48474
-2.90569
-4.35806
-2.3599
-2.71885
-1.28357
-2.74157
-0.548382
-0.464038
-1.13148
-0.733954
-4.47772
0
-2.46234
-2.33763
-2.13149
-2.29983
-2.18738
-1.54743
-2.96659
0.495075
-0.738381
-2.2507
-2.66135
-3.06679
-1.92941
-2.48148
-0.53693
-2.76357
-1.18237
-3.10704
-0.597283
-2.01827
-1.29602
-2.62409
-3.32234
-3.36634
-2.17977
-1.58085
-2.46234
0
-2.77853
-3.63698
-1.62736
-0.731232
-2.92989
-1.04318
-1.31367
-0.0760876
-3.56098
-2.16524
-1.79589
-3.54604
-0.494731
-2.84427
-2.73212
-2.90122
-2.33225
-3.7803
-1.63119
-0.159315
-2.64235
-2.39799
-2.07082
0.316588
-1.83021
-2.33763
-2.77853
0
-3.17572
-2.03778
-3.4206
-2.4068
-0.31655
-1.52709
-2.94255
-3.57633
-3.40399
-2.70112
-3.42289
-1.0737
-1.18058
-2.64036
-2.90971
-2.5051
-2.73811
-3.15955
-1.02913
-0.694446
-2.94888
-1.1978
-3.20875
-2.73076
-2.13149
-3.63698
-3.17572
0
-1.56723
-0.571222
-0.498931
-2.58321
-1.83844
-3.16616
-1.92407
-2.05587
-3.04679
-3.31416
-1.81227
-0.771715
-1.14734
-1.74032
-1.42764
-1.93008
-2.12096
-2.20228
-2.32706
-1.52709
-2.22785
-2.57714
-0.849411
-2.29983
-1.62736
-2.03778
-1.56723
0
-3.43776
-1.64093
-2.50466
-0.954807
-2.5816
-3.05567
-2.60299
-3.17185
-2.53913
-2.18357
-2.11065
-3.19149
-2.29303
-2.76978
-2.00727
-1.50964
-3.06824
-1.53921
-2.65047
-0.32258
-1.01034
-1.93051
-2.18738
-0.731232
-3.4206
-0.571222
-3.43776
0
-2.78328
-0.710919
-2.03671
-3.40546
-2.6465
-2.44445
-2.62564
-1.17688
-0.68433
-2.45039
-2.40396
-2.69347
-2.37373
-1.61856
-1.88989
-2.92758
0.602706
-2.30376
-1.24533
-2.36893
-2.63652
-1.54743
-2.92989
-2.4068
-0.498931
-1.64093
-2.78328
0
-0.936795
-3.50724
-3.02328
-1.96451
-1.27301
-0.820375
-1.52446
-1.88734
-1.0453
-1.55511
-1.61398
-1.37408
-2.15735
-0.0333548
-4.18848
-1.82434
-2.20891
-1.4965
-1.85145
-1.0941
-2.96659
-1.04318
-0.31655
-2.58321
-2.50466
-0.710919
-0.936795
0
-1.60755
-1.58178
-2.62459
-1.51914
0.0139468
-2.61165
-2.08958
-0.586566
-1.70983
-2.43281
-0.982003
-2.36498
-2.16701
-0.856025
-1.80653
-2.39278
-1.13187
-1.08189
-1.17946
0.495075
-1.31367
-1.52709
-1.83844
-0.954807
-2.03671
-3.50724
-1.60755
0
-1.23599
-2.42887
-1.81357
-1.05593
-1.09371
-0.0447043
-2.70803
-1.53744
-1.61394
-0.333479
-1.75885
-2.94632
-1.44222
-2.67185
-4.16514
-3.22045
-2.98624
-3.09825
-0.738381
-0.0760876
-2.94255
-3.16616
-2.5816
-3.40546
-3.02328
-1.58178
-1.23599
0
-3.00454
-0.672537
-2.22577
-1.26087
1.26491
-2.69863
-1.64219
-2.07349
-0.909379
-0.850661
-2.01584
-3.07414
-3.31186
-2.55694
-0.282199
-1.70538
-1.09033
-2.2507
-3.56098
-3.57633
-1.92407
-3.05567
-2.6465
-1.96451
-2.62459
-2.42887
-3.00454
0
-3.00135
-1.39238
-2.26891
-2.26844
-2.87066
-1.38484
-2.33488
-2.65519
-1.64439
-2.40447
-2.07257
-3.8209
-3.84468
-3.16165
-3.11016
-3.01011
-2.66135
-2.16524
-3.40399
-2.05587
-2.60299
-2.44445
-1.27301
-1.51914
-1.81357
-0.672537
-3.00135
0
-1.36578
-2.35242
-0.951186
-3.54437
-1.21243
-1.46192
-0.822651
-1.52536
-1.15798
-0.346864
-2.5617
-2.92292
-1.9661
-1.32212
-1.52689
-3.06679
-1.79589
-2.70112
-3.04679
-3.17185
-2.62564
-0.820375
0.0139468
-1.05593
-2.22577
-1.39238
-1.36578
0
-3.40086
-1.62678
-0.812014
-2.5733
-2.50875
-1.53928
-1.91908
-2.04853
-3.19961
-3.37528
-2.46433
-1.12084
-1.1324
-1.59961
-1.92941
-3.54604
-3.42289
-3.31416
-2.53913
-1.17688
-1.52446
-2.61165
-1.09371
-1.26087
-2.26891
-2.35242
-3.40086
0
0.401652
-3.2916
-1.55572
-1.99937
-3.49208
-0.240325
-0.296542
-3.13818
-4.28992
-2.99388
-2.04297
-2.4827
-0.942177
-2.48148
-0.494731
-1.0737
-1.81227
-2.18357
-0.68433
-1.88734
-2.08958
-0.0447043
1.26491
-2.26844
-0.951186
-1.62678
0.401652
0
