0
-2.72708
-0.551758
-2.30933
-2.18021
-3.8815
-1.42391
-1.06351
-2.64582
-1.23929
-0.473217
-0.658838
-1.02366
-1.98677
-2.27206
-1.14078
-0.163193
-3.20055
-1.6044
-2.16547
-2.84341
-2.74665
-2.8883
-2.15263
-2.7743
-0.972313
-2.0611
-2.72708
0
-1.53319
-0.225328
-0.0765002
-0.830186
-2.04733
-1.97362
-1.42123
-4.44868
-3.21274
-2.19608
-1.76644
-0.44122
-0.968617
-0.998367
-2.25994
-2.61271
-3.54314
-1.85381
-2.34097
-1.79142
-1.75133
-1.96716
-3.00126
-2.14664
-2.08038
-0.551758
-1.53319
0
0.055929
-1.7479
-2.85575
-1.96136
-1.19612
-2.09926
-2.60699
-1.67523
-1.37647
-2.79774
-2.18508
-2.82011
-1.71412
-1.86965
-1.00999
-0.381782
-0.479597
-0.993016
-1.37308
-1.63865
-2.66257
-4.34439
-1.85284
-3.03605
-2.30933
-0.225328
0.055929
0
-0.750737
-0.0414049
-0.246363
-1.93628
-2.11254
-2.42986
-1.03642
-2.22279
-2.56105
-0.957443
-1.29949
-2.99085
-0.37422
-3.48778
-1.39463
-2.58157
-0.875194
-0.994593
-1.00361
-1.17123
-0.702026
-2.61791
-2.28243
-2.18021
-0.0765002
-1.7479
-0.750737
0
-2.34399
-3.26965
-1.02238
-0.317345
-3.01054
-0.864107
-2.60913
-4.23183
-2.89418
-0.518689
-1.60864
-3.28325
-2.953
-2.28133
-0.903723
-2.9421
-2.89567
-3.68714
-1.10518
-2.75443
-2.40002
-3.50581
-3.8815
-0.830186
-2.85575
-0.0414049
-2.34399
0
-1.10875
-3.66615
-3.30117
-2.54044
-1.34978
0.172301
-1.94624
-1.58933
-0.338969
-1.69573
-2.45864
-1.76019
-2.16191
-2.72121
-2.12944
-2.73377
-3.08248
-0.992442
-2.40451
-4.32617
-1.0574
-1.42391
-2.04733
-1.96136
-0.246363
-3.26965
-1.10875
0
1.26543
-1.61339
-2.18038
-2.949
-2.39091
-3.63829
-0.903428
-1.79177
-1.13594
-0.643016
-0.788942
-2.63742
-1.34458
-1.57373
-1.93905
-0.410005
-1.25048
-2.15364
-1.008
-0.322523
-1.06351
-1.97362
-1.19612
-1.93628
-1.02238
-3.66615
1.26543
0
-1.1123
-1.61811
-2.63597
-2.36419
-3.86563
-3.78584
-0.593243
-1.72531
-2.34019
-1.41277
-1.66048
-2.40659
-1.1516
-2.76349
-1.22001
-1.57342
-2.91741
-1.90633
-1.8878
-2.64582
-1.42123
-2.09926
-2.11254
-0.317345
-3.30117
-1.61339
-1.1123
0
-1.17937
-4.00897
-4.57393
-1.94298
-0.786054
-1.89328
-3.87991
-2.15752
-1.94393
-2.9201
-2.4939
-1.24408
-1.21816
-0.83522
-2.99675
-0.91195
-2.67543
-1.95801
-1.23929
-4.44868
-2.60699
-2.42986
-3.01054
-2.54044
-2.18038
-1.61811
-1.17937
0
-1.4941
-1.27825
-3.73482
-0.72241
-1.64269
-1.85715
-3.01743
-3.59769
-3.24782
-2.04283
-2.08237
-1.91392
-0.710217
0.042596
-1.2265
-2.37835
-1.81795
-0.473217
-3.21274
-1.67523
-1.03642
-0.864107
-1.34978
-2.949
-2.63597
-4.00897
-1.4941
0
-2.27575
-1.9292
-1.74089
-1.45846
-0.62636
-1.67586
0.112358
-0.353503
-2.68971
-2.06946
-2.67819
-3.36779
-2.49903
-1.68295
-3.56509
-2.57993
-0.658838
-2.19608
-1.37647
-2.22279
-2.60913
0.172301
-2.39091
-2.36419
-4.57393
-1.27825
-2.27575
0
-0.861014
-1.81258
-3.14457
-3.60002
0.495453
-3.68996
-2.74964
-0.566668
-1.56223
-1.19981
-2.15279
-1.79169
-1.04971
-1.7139
-3.16246
-1.02366
-1.76644
-2.79774
-2.56105
-4.23183
-1.94624
-3.63829
-3.86563
-1.94298
-3.73482
-1.9292
-0.861014
0
-3.08398
-0.502844
-3.81035
-2.96595
-1.94624
-1.62747
-3.38445
-3.47041
-2.4357
-1.29495
-2.0121
-2.52097
-1.92036
-2.57825
-1.98677
-0.44122
-2.18508
-0.957443
-2.89418
-1.58933
-0.903428
-3.78584
-0.786054
-0.72241
-1.74089
-1.81258
-3.08398
0
-3.60103
-2.37871
-0.93826
-2.09172
-2.6309
-1.08902
-3.84789
-2.57972
-3.0022
-2.2324
-1.85053
-3.69247
-1.76549
-2.27206
-0.968617
-2.82011
-1.29949
-0.518689
-0.338969
-1.79177
-0.593243
-1.89328
-1.64269
-1.45846
-3.14457
-0.502844
-3.60103
0
-1.72893
-0.482445
-0.903768
-2.34609
-2.3457
-0.0802568
-2.11218
-1.60647
-0.105162
-2.07272
-2.47299
-0.965441
-1.14078
-0.998367
-1.71412
-2.99085
-1.60864
-1.69573
-1.13594
-1.72531
-3.87991
-1.85715
-0.62636
-3.60002
-3.81035
-2.37871
-1.72893
0
-2.40908
-3.63091
-1.89654
-2.07335
-2.71062
-1.11229
-0.879373
-1.80916
-0.313497
-2.8352
-1.93695
-0.163193
-2.25994
-1.86965
-0.37422
-3.28325
-2.45864
-0.643016
-2.34019
-2.15752
-3.01743
-1.67586
0.495453
-2.96595
-0.93826
-0.482445
-2.40908
0
-0.01527
-2.81373
-1.9864
-1.94557
-0.944424
-1.12004
-0.792708
-2.11089
-0.401235
-2.08403
-3.20055
-2.61271
-1.00999
-3.48778
-2.953
-1.76019
-0.788942
-1.41277
-1.94393
-3.59769
0.112358
-3.68996
-1.94624
-2.09172
-0.903768
-3.63091
-0.01527
0
-2.66154
-1.86426
-1.34196
-0.536769
-1.52733
-1.00203
-2.24784
-3.60128
-2.4259
-1.6044
-3.54314
-0.381782
-1.39463
-2.28133
-2.16191
-2.63742
-1.66048
-2.9201
-3.24782
-0.353503
-2.74964
-1.62747
-2.6309
-2.34609
-1.89654
-2.81373
-2.66154
0
-2.53811
-2.00356
-2.85659
-1.10654
-0.0719423
-4.22751
-3.17337
-1.30967
-2.16547
-1.85381
-0.479597
-2.58157
-0.903723
-2.72121
-1.34458
-2.40659
-2.4939
-2.04283
-2.68971
-0.566668
-3.38445
-1.08902
-2.3457
-2.07335
-1.9864
-1.86426
-2.53811
0
-3.40542
-0.698162
-0.418573
-3.89387
-1.94187
-0.906132
-1.54556
-2.84341
-2.34097
-0.993016
-0.875194
-2.9421
-2.12944
-1.57373
-1.1516
-1.24408
-2.08237
-2.06946
-1.56223
-3.47041
-3.84789
-0.0802568
-2.71062
-1.94557
-1.34196
-2.00356
-3.40542
0
-2.45758
-0.728099
-3.02242
-0.801227
-3.84306
-2.25232
-2.74665
-1.79142
-1.37308
-0.994593
-2.89567
-2.73377
-1.93905
-2.76349
-1.21816
-1.91392
-2.67819
-1.19981
-2.4357
-2.57972
-2.11218
-1.11229
-0.944424
-0.536769
-2.85659
-0.698162
-2.45758
0
-1.22654
-1.27998
-2.43314
-1.20425
-4.34211
-2.8883
-1.75133
-1.63865
-1.00361
-3.68714
-3.08248
-0.410005
-1.22001
-0.83522
-0.710217
-3.36779
-2.15279
-1.29495
-3.0022
-1.60647
-0.879373
-1.12004
-1.52733
-1.10654
-0.418573
-0.728099
-1.22654
0
-2.62995
-4.34348
-2.2961
-1.65221
-2.15263
-1.96716
-2.66257
-1.17123
-1.10518
-0.992442
-1.25048
-1.57342
-2.99675
0.042596
-2.49903
-1.79169
-2.0121
-2.2324
-0.105162
-1.80916
-0.792708
-1.00203
-0.0719423
-3.89387
-3.02242
-1.27998
-2.62995
0
-1.73405
-3.34046
-1.16975
-2.7743
-3.00126
-4.34439
-0.702026
-2.75443
-2.40451
-2.15364
-2.91741
-0.91195
-1.2265
-1.68295
-1.04971
-2.52097
-1.85053
-2.07272
-0.313497
-2.11089
-2.24784
-4.22751
-1.94187
-0.801227
-2.43314
-4.34348
-1.73405
0
-3.82664
-0.894888
-0.972313
-2.14664
-1.85284
-2.61791
-2.40002
-4.32617
-1.008
-1.90633
-2.67543
-2.37835
-3.56509
-1.7139
-1.92036
-3.69247
-2.47299
-2.8352
-0.401235
-3.60128
-3.17337
-0.906132
-3.84306
-1.20425
-2.2961
-3.34046
-3.82664
0
-0.0253901
-2.0611
-2.08038
-3.03605
-2.28243
-3.50581
-1.0574
-0.322523
-1.8878
-1.95801
-1.81795
-2.57993
-3.16246
-2.57825
-1.76549
-0.965441
-1.93695
-2.08403
-2.4259
-1.30967
-1.54556
-2.25232
-4.34211
-1.65221
-1.16975
-0.894888
-0.0253901
0
