0
-2.47134
-1.56862
-3.78625
-0.974595
-2.79494
-2.87863
-1.91522
-1.81763
-1.70302
-3.10352
-0.806845
-1.19213
-2.07197
-2.57385
-2.8028
-1.59792
-2.5516
-2.02874
-3.67048
-1.55462
-3.34594
-2.31229
-0.507246
-3.41383
-1.22478
-2.64232
-2.47134
0
-0.926226
-2.66098
-0.589587
-1.22534
-2.04363
-2.5949
-0.501983
-1.1451
-2.19651
-2.29235
-2.2401
-1.69006
-0.112216
-1.64207
-2.9339
-1.69354
-3.9383
-0.940053
-2.21384
-0.164894
-3.2827
-1.88873
-1.6204
-0.893383
0.973342
-1.56862
-0.926226
0
-1.28103
-1.46287
-1.95194
-1.41376
-2.41556
-1.24515
-2.61481
-2.22144
-3.78029
-4.50418
-1.73293
-1.42928
-1.75569
-2.57645
-2.62854
-0.26616
-0.615718
-1.09167
-2.28066
-2.06836
-2.46334
-2.00939
-0.820601
0.283887
-3.78625
-2.66098
-1.28103
0
-2.5938
-2.10434
-1.26143
-1.50189
-1.18513
-2.38342
-1.82151
-1.84042
-1.71605
-0.851465
-1.50795
-1.63824
-2.80243
-2.96585
-0.209462
-1.1496
-3.2223
-2.02329
-1.29986
-1.16746
-2.35252
-2.12769
-2.73001
-0.974595
-0.589587
-1.46287
-2.5938
0
-2.27153
-1.46603
-1.75423
-1.98966
-2.29772
-2.9482
-1.50537
-2.3512
-2.74163
-1.14895
-0.0747029
-1.14531
-2.18607
-3.90623
-2.10884
-1.89559
-1.17133
-3.20109
-0.614308
-2.8154
-1.96784
-1.46517
-2.79494
-1.22534
-1.95194
-2.10434
-2.27153
0
0.613547
-2.42417
-2.37798
-2.59376
-1.86669
-3.48515
-1.98945
-1.35858
-1.33688
-2.60844
-1.11561
-2.09014
-1.60444
-0.119163
-0.423554
-1.69995
-0.979643
-2.27515
-3.11199
-0.42967
-1.08929
-2.87863
-2.04363
-1.41376
-1.26143
-1.46603
0.613547
0
-1.40329
-3.37517
-1.59996
-2.01428
-2.18325
-2.61632
-1.48064
-2.7139
-3.11614
-2.2977
-1.25172
-2.27958
-1.77097
-2.08872
-2.75437
-0.776159
-1.79744
-2.07425
-3.10617
-1.5683
-1.91522
-2.5949
-2.41556
-1.50189
-1.75423
-2.42417
-1.40329
0
-2.44003
-1.48961
-1.92917
-1.66914
-2.56108
-1.93546
-1.29992
-2.51502
-2.0009
-0.113074
-2.40729
-3.44075
-3.81392
-4.27483
-2.34819
-1.90021
-3.10255
-2.25682
-1.64663
-1.81763
-0.501983
-1.24515
-1.18513
-1.98966
-2.37798
-3.37517
-2.44003
0
-3.32663
-2.95216
-1.5737
-1.92671
-3.02615
-2.66664
-3.7111
-1.28823
-2.47331
-3.09268
-1.55886
-1.38665
-1.94674
-3.19487
-1.51277
-2.01672
-2.42363
-0.257931
-1.70302
-1.1451
-2.61481
-2.38342
-2.29772
-2.59376
-1.59996
-1.48961
-3.32663
0
-2.14462
-2.13281
-1.69154
-1.48125
-1.52695
-0.976578
-2.55515
-1.9461
-2.59031
-3.62644
-1.46963
-2.83962
-2.16649
-1.12606
-1.86543
-2.85384
-3.20622
-3.10352
-2.19651
-2.22144
-1.82151
-2.9482
-1.86669
-2.01428
-1.92917
-2.95216
-2.14462
0
-1.55773
-3.45546
-1.73257
-1.96956
-4.42807
-2.96373
-3.73556
-0.599048
-1.20517
-3.29731
-3.40837
-0.32392
-2.65971
-1.74433
-0.869215
-2.84143
-0.806845
-2.29235
-3.78029
-1.84042
-1.50537
-3.48515
-2.18325
-1.66914
-1.5737
-2.13281
-1.55773
0
1.15813
-1.23148
-1.98493
-2.4655
-1.34106
-1.65762
-0.0359143
-0.752393
-3.02694
-0.634449
-1.5523
-0.481417
-1.32974
-2.9042
-0.921431
-1.19213
-2.2401
-4.50418
-1.71605
-2.3512
-1.98945
-2.61632
-2.56108
-1.92671
-1.69154
-3.45546
1.15813
0
-2.30597
-2.18923
-1.57323
-1.84299
-2.28572
-2.61995
-1.89512
-0.798621
-2.92482
-1.54343
-2.17407
-0.661101
-2.73728
-1.42633
-2.07197
-1.69006
-1.73293
-0.851465
-2.74163
-1.35858
-1.48064
-1.93546
-3.02615
-1.48125
-1.73257
-1.23148
-2.30597
0
-1.90433
-2.14888
-1.93474
-0.537142
-0.237406
-3.64779
-2.34292
-2.87718
1.24683
-3.12353
-0.952426
-0.201638
-1.67765
-2.57385
-0.112216
-1.42928
-1.50795
-1.14895
-1.33688
-2.7139
-1.29992
-2.66664
-1.52695
-1.96956
-1.98493
-2.18923
-1.90433
0
-1.56282
-2.01578
-0.887165
-2.15875
-2.42959
-2.39086
0.378494
-1.73738
-2.05558
-1.96165
-2.13907
-0.151154
-2.8028
-1.64207
-1.75569
-1.63824
-0.0747029
-2.60844
-3.11614
-2.51502
-3.7111
-0.976578
-4.42807
-2.4655
-1.57323
-2.14888
-1.56282
0
-0.156653
-1.91381
-1.97201
-2.7036
-1.99714
-1.78273
-1.68421
-3.67883
0.663095
-2.24213
-2.67886
-1.59792
-2.9339
-2.57645
-2.80243
-1.14531
-1.11561
-2.2977
-2.0009
-1.28823
-2.55515
-2.96373
-1.34106
-1.84299
-1.93474
-2.01578
-0.156653
0
-2.66956
-1.19937
-3.38396
0.807463
-2.42249
-1.69351
-1.44364
-1.50327
-1.43436
-1.13352
-2.5516
-1.69354
-2.62854
-2.96585
-2.18607
-2.09014
-1.25172
-0.113074
-2.47331
-1.9461
-3.73556
-1.65762
-2.28572
-0.537142
-0.887165
-1.91381
-2.66956
0
-1.89511
-1.47706
-2.41123
-0.659778
-3.42488
-3.35761
-1.33617
-0.608582
-1.83614
-2.02874
-3.9383
-0.26616
-0.209462
-3.90623
-1.60444
-2.27958
-2.40729
-3.09268
-2.59031
-0.599048
-0.0359143
-2.61995
-0.237406
-2.15875
-1.97201
-1.19937
-1.89511
0
-2.92915
-2.51807
-2.23362
-2.20788
-1.19394
-2.36304
-2.71201
-1.50826
-3.67048
-0.940053
-0.615718
-1.1496
-2.10884
-0.119163
-1.77097
-3.44075
-1.55886
-3.62644
-1.20517
-0.752393
-1.89512
-3.64779
-2.42959
-2.7036
-3.38396
-1.47706
-2.92915
0
-0.38331
-1.97391
-2.38533
-2.06295
0.0377675
-3.61515
-2.93868
-1.55462
-2.21384
-1.09167
-3.2223
-1.89559
-0.423554
-2.08872
-3.81392
-1.38665
-1.46963
-3.29731
-3.02694
-0.798621
-2.34292
-2.39086
-1.99714
0.807463
-2.41123
-2.51807
-0.38331
0
-1.95392
-1.24764
-2.40384
-3.78313
-1.65546
-1.36456
-3.34594
-0.164894
-2.28066
-2.02329
-1.17133
-1.69995
-2.75437
-4.27483
-1.94674
-2.83962
-3.40837
-0.634449
-2.92482
-2.87718
0.378494
-1.78273
-2.42249
-0.659778
-2.23362
-1.97391
-1.95392
0
-1.4299
-1.45923
-2.88013
-2.61197
-2.61899
-2.31229
-3.2827
-2.06836
-1.29986
-3.20109
-0.979643
-0.776159
-2.34819
-3.19487
-2.16649
-0.32392
-1.5523
-1.54343
1.24683
-1.73738
-1.68421
-1.69351
-3.42488
-2.20788
-2.38533
-1.24764
-1.4299
0
-2.17279
-3.42257
-1.7684
-1.3777
-0.507246
-1.88873
-2.46334
-1.16746
-0.614308
-2.27515
-1.79744
-1.90021
-1.51277
-1.12606
-2.65971
-0.481417
-2.17407
-3.12353
-2.05558
-3.67883
-1.44364
-3.35761
-1.19394
-2.06295
-2.40384
-1.45923
-2.17279
0
-2.85813
-1.93855
-1.48693
-3.41383
-1.6204
-2.00939
-2.35252
-2.8154
-3.11199
-2.07425
-3.10255
-2.01672
-1.86543
-1.74433
-1.32974
-0.661101
-0.952426
-1.96165
0.663095
-1.50327
-1.33617
-2.36304
0.0377675
-3.78313
-2.88013
-3.42257
-2.85813
0
-4.11328
-1.76374
-1.22478
-0.893383
-0.820601
-2.12769
-1.96784
-0.42967
-3.10617
-2.25682
-2.42363
-2.85384
-0.869215
-2.9042
-2.73728
-0.201638
-2.13907
-2.24213
-1.43436
-0.608582
-2.71201
-3.61515
-1.65546
-2.61197
-1.7684
-1.93855
-4.11328
0
-1.76362
-2.64232
0.973342
0.283887
-2.73001
-1.46517
-1.08929
-1.5683
-1.64663
-0.257931
-3.20622
-2.84143
-0.921431
-1.42633
-1.67765
-0.151154
-2.67886
-1.13352
-1.83614
-1.50826
-2.93868
-1.36456
-2.61899
-1.3777
-1.48693
-1.76374
-1.76362
0
