0
-1.66889
-2.52495
-1.74613
-0.935749
-0.917584
-2.80962
-1.13694
-1.44003
-1.1704
-1.24478
-2.24697
-2.1654
-1.88995
-2.13774
-0.899352
-1.64589
-1.31177
-1.18131
-1.55584
-4.45472
-2.54854
-2.30214
-3.31678
-2.24556
-2.91905
-3.28349
-1.66889
0
-0.745633
-1.51147
-0.386347
-3.27684
-1.88253
-1.877
-2.9295
-1.71686
-2.77855
-2.67151
-2.83269
-1.59518
-0.965328
-2.18281
-2.78068
-2.42987
-1.63945
-2.35273
-1.70349
-5.10917
-1.75072
-2.96515
-2.42236
-2.71209
-2.06527
-2.52495
-0.745633
0
-1.75037
-2.31175
-1.96389
-2.64286
-0.783849
-1.8142
-3.9784
-1.73999
-2.43105
-3.92556
-0.0749165
-2.82206
-1.85259
-0.200783
-3.69904
-1.79783
-0.44397
-0.376467
-1.50006
-1.35308
-2.35964
-1.10783
-1.70351
-1.02387
-1.74613
-1.51147
-1.75037
0
-0.100111
-2.69214
-1.33697
-2.67373
-0.943709
-1.37382
-1.95974
0.337452
-0.0811342
-3.87018
-1.57265
-3.07322
0.229923
-1.6942
-1.97732
-1.61068
-0.815136
0.237099
-0.928959
-0.334003
-0.693151
-2.23983
-3.2351
-0.935749
-0.386347
-2.31175
-0.100111
0
-1.16774
-2.15836
0.276408
-1.51237
-3.00063
-2.36537
-1.48611
-4.59798
-1.15209
-4.16406
-2.99637
-1.74367
-1.44292
-0.885929
-2.20632
-1.76902
-1.55642
-3.37092
-3.20744
-0.596595
-1.1082
-1.88836
-0.917584
-3.27684
-1.96389
-2.69214
-1.16774
0
-0.851566
-1.28581
-2.55446
-2.10206
-1.53809
-3.45297
-4.8224
-2.91163
-1.39782
-3.92313
-2.56925
0.082682
-1.01922
-1.65378
-2.68741
-0.782062
-3.43704
-2.41157
-2.9669
-1.33071
-1.60903
-2.80962
-1.88253
-2.64286
-1.33697
-2.15836
-0.851566
0
-1.2729
-3.13465
-3.48447
-2.49978
-2.83759
-2.66358
-0.988928
-3.15526
-3.20987
-2.79452
-2.65527
-2.20139
-0.127817
-1.83699
-0.815599
-2.02072
-2.75683
-2.00762
-3.76621
-1.31421
-1.13694
-1.877
-0.783849
-2.67373
0.276408
-1.28581
-1.2729
0
-2.58832
-1.67308
-4.62122
-1.89827
-3.03886
-1.72164
-3.49366
-1.21066
-2.9871
-3.13788
-2.37258
-2.1838
-1.40971
-2.75601
-3.52987
-1.2906
-1.89218
-2.00713
-1.16301
-1.44003
-2.9295
-1.8142
-0.943709
-1.51237
-2.55446
-3.13465
-2.58832
0
-1.21401
-2.95462
-0.748203
-2.72232
-1.85364
-0.924067
-1.24587
-0.781812
-1.77392
-3.48675
-2.25165
-3.387
-2.15524
-1.27162
-2.85972
-2.31128
-1.97808
-3.54938
-1.1704
-1.71686
-3.9784
-1.37382
-3.00063
-2.10206
-3.48447
-1.67308
-1.21401
0
-1.62007
-1.12559
0.111919
-1.5012
-3.00278
-1.5288
-2.62023
-1.28247
-1.68383
-1.69873
-3.44168
-2.7002
-1.89222
-1.74778
-0.684007
-0.198559
-1.04228
-1.24478
-2.77855
-1.73999
-1.95974
-2.36537
-1.53809
-2.49978
-4.62122
-2.95462
-1.62007
0
-0.801667
-1.84223
-3.30915
-2.07569
-2.63989
-3.26394
-2.38747
-2.33295
-1.4111
-1.95671
-0.558836
-0.915846
-3.35367
-1.92194
-1.89173
-0.862633
-2.24697
-2.67151
-2.43105
0.337452
-1.48611
-3.45297
-2.83759
-1.89827
-0.748203
-1.12559
-0.801667
0
-3.60036
-2.37258
-3.69827
-0.444478
-2.56527
-1.58482
-1.64945
-1.48033
-2.93866
-3.14411
-2.04619
-1.72442
-0.128932
-2.78051
-2.74724
-2.1654
-2.83269
-3.92556
-0.0811342
-4.59798
-4.8224
-2.66358
-3.03886
-2.72232
0.111919
-1.84223
-3.60036
0
-2.45161
-2.17386
-3.40449
-3.17422
-1.78388
-0.787856
-4.09499
-2.0832
-4.60768
-4.51422
-2.86079
-3.31588
-2.46398
-3.03441
-1.88995
-1.59518
-0.0749165
-3.87018
-1.15209
-2.91163
-0.988928
-1.72164
-1.85364
-1.5012
-3.30915
-2.37258
-2.45161
0
0.121796
-2.96105
-2.09558
-2.84425
-3.84444
-1.79468
-4.09897
0.232158
-0.861521
-2.43837
-2.26773
-0.808829
-1.49471
-2.13774
-0.965328
-2.82206
-1.57265
-4.16406
-1.39782
-3.15526
-3.49366
-0.924067
-3.00278
-2.07569
-3.69827
-2.17386
0.121796
0
-2.30539
-4.5137
-3.06562
-1.42226
-2.55822
-3.19374
-2.94632
-2.19854
-2.18556
-2.51854
-2.12768
-3.18542
-0.899352
-2.18281
-1.85259
-3.07322
-2.99637
-3.92313
-3.20987
-1.21066
-1.24587
-1.5288
-2.63989
-0.444478
-3.40449
-2.96105
-2.30539
0
-2.36837
-0.774323
-2.07816
-1.72875
-0.874533
-0.529694
-1.69105
-3.35503
-1.10884
-1.12906
-3.80439
-1.64589
-2.78068
-0.200783
0.229923
-1.74367
-2.56925
-2.79452
-2.9871
-0.781812
-2.62023
-3.26394
-2.56527
-3.17422
-2.09558
-4.5137
-2.36837
0
-3.54235
-4.02087
-0.902056
-2.80716
-0.477954
-3.20594
0.109681
-1.74159
-0.110408
0.482725
-1.31177
-2.42987
-3.69904
-1.6942
-1.44292
0.082682
-2.65527
-3.13788
-1.77392
-1.28247
-2.38747
-1.58482
-1.78388
-2.84425
-3.06562
-0.774323
-3.54235
0
-1.22833
-0.68025
-1.5292
-1.07055
-2.92731
-2.68711
-3.52121
-2.64528
-1.42248
-1.18131
-1.63945
-1.79783
-1.97732
-0.885929
-1.01922
-2.20139
-2.37258
-3.48675
-1.68383
-2.33295
-1.64945
-0.787856
-3.84444
-1.42226
-2.07816
-4.02087
-1.22833
0
-4.16496
-2.12486
-0.827011
-3.23748
-1.78067
-2.81621
-1.85071
-1.56529
-1.55584
-2.35273
-0.44397
-1.61068
-2.20632
-1.65378
-0.127817
-2.1838
-2.25165
-1.69873
-1.4111
-1.48033
-4.09499
-1.79468
-2.55822
-1.72875
-0.902056
-0.68025
-4.16496
0
-2.0092
-2.83881
-1.02466
0.56401
-2.04574
-2.16966
-1.54729
-4.45472
-1.70349
-0.376467
-0.815136
-1.76902
-2.68741
-1.83699
-1.40971
-3.387
-3.44168
-1.95671
-2.93866
-2.0832
-4.09897
-3.19374
-0.874533
-2.80716
-1.5292
-2.12486
-2.0092
0
-2.33283
-1.89522
-2.96427
-2.0224
-2.58945
-2.44721
-2.54854
-5.10917
-1.50006
0.237099
-1.55642
-0.782062
-0.815599
-2.75601
-2.15524
-2.7002
-0.558836
-3.14411
-4.60768
0.232158
-2.94632
-0.529694
-0.477954
-1.07055
-0.827011
-2.83881
-2.33283
0
-0.728097
-1.23707
-1.84182
-2.94258
-1.95132
-2.30214
-1.75072
-1.35308
-0.928959
-3.37092
-3.43704
-2.02072
-3.52987
-1.27162
-1.89222
-0.915846
-2.04619
-4.51422
-0.861521
-2.19854
-1.69105
-3.20594
-2.92731
-3.23748
-1.02466
-1.89522
-0.728097
0
-1.58979
-3.16042
-1.62363
-2.4333
-3.31678
-2.96515
-2.35964
-0.334003
-3.20744
-2.41157
-2.75683
-1.2906
-2.85972
-1.74778
-3.35367
-1.72442
-2.86079
-2.43837
-2.18556
-3.35503
0.109681
-2.68711
-1.78067
0.56401
-2.96427
-1.23707
-1.58979
0
-2.5771
-1.98241
-1.95259
-2.24556
-2.42236
-1.10783
-0.693151
-0.596595
-2.9669
-2.00762
-1.89218
-2.31128
-0.684007
-1.92194
-0.128932
-3.31588
-2.26773
-2.51854
-1.10884
-1.74159
-3.52121
-2.81621
-2.04574
-2.0224
-1.84182
-3.16042
-2.5771
0
-2.11405
-2.22067
-2.91905
-2.71209
-1.70351
-2.23983
-1.1082
-1.33071
-3.76621
-2.00713
-1.97808
-0.198559
-1.89173
-2.78051
-2.46398
-0.808829
-2.12768
-1.12906
-0.110408
-2.64528
-1.85071
-2.16966
-2.58945
-2.94258
-1.62363
-1.98241
-2.11405
0
-2.10146
-3.28349
-2.06527
-1.02387
-3.2351
-1.88836
-1.60903
-1.31421
-1.16301
-3.54938
-1.04228
-0.862633
-2.74724
-3.03441
-1.49471
-3.18542
-3.80439
0.482725
-1.42248
-1.56529
-1.54729
-2.44721
-1.95132
-2.4333
-1.95259
-2.22067
-2.10146
0
