0
-3.08844
-0.571386
-3.20636
-3.26633
-2.98266
-2.15154
-0.539489
-1.53656
-2.13128
-1.07254
-1.15481
-2.39548
-3.107
-2.28937
-0.642142
-0.549735
-2.5824
-1.63095
-1.70296
-1.66622
-2.36191
-2.93416
-2.16951
-1.23321
-3.21668
-0.885357
-3.08844
0
-1.48258
0.149828
-3.60546
-2.32298
-2.05892
-3.07582
-3.87584
-1.55609
-1.45867
-0.661427
-1.13769
-2.6225
-2.90171
-1.77496
-1.28927
-3.13139
-2.62816
-1.88926
-3.46164
-1.7719
-1.10198
-2.98209
-2.08112
-3.5984
-0.367954
-0.571386
-1.48258
0
-3.27919
-3.89056
-3.03609
-1.61286
-0.622039
-1.22615
-0.733563
-1.0001
-0.836723
-2.52059
-2.74146
-1.51229
-1.7643
-3.10305
-2.29041
-1.83915
-0.942246
-2.27763
-1.66091
-3.52481
-0.391255
-1.15637
-0.246316
-2.42632
-3.20636
0.149828
-3.27919
0
-2.22823
-2.44995
-1.36176
-1.12982
-0.529528
-4.33722
-0.237446
-3.2633
-0.410449
-1.97906
-0.979814
-2.93068
-2.20157
-2.20647
-2.01905
-0.583183
-2.2244
-3.56323
-2.2482
-1.32624
-0.959933
-3.50806
-3.58885
-3.26633
-3.60546
-3.89056
-2.22823
0
-2.03117
-1.14301
-3.09847
-4.21665
-2.00825
-1.77915
-1.79023
-1.09623
-1.56993
-0.716209
-2.95508
-0.638073
-2.69333
-3.43497
-2.65341
-2.88412
-0.372031
-2.57537
-2.93891
-1.53514
-1.05543
-1.53997
-2.98266
-2.32298
-3.03609
-2.44995
-2.03117
0
-3.75722
-2.56403
-2.63509
-2.99668
-2.66324
-2.23534
-1.35994
-3.66682
-1.93255
-2.34678
-0.0603382
-1.82205
-1.25557
-1.05896
-2.30761
-0.675607
-1.58506
-2.81325
-0.64688
-1.84732
-1.10739
-2.15154
-2.05892
-1.61286
-1.36176
-1.14301
-3.75722
0
-1.81399
-0.839911
0.021587
-1.86027
-1.86234
-1.07265
-2.29144
-1.84829
-0.820728
-2.27093
-2.27504
-4.38524
-2.40485
-0.823716
-1.61018
0.0291244
-3.49266
-2.77918
-1.49918
-0.998204
-0.539489
-3.07582
-0.622039
-1.12982
-3.09847
-2.56403
-1.81399
0
-0.819793
-3.36204
-0.485956
-3.94382
-1.59565
-1.50473
-2.81944
-1.378
-0.0986433
-0.936385
-1.69665
-2.7794
-2.45199
-2.72244
-2.02337
-3.1495
-2.75553
-1.21292
-1.29029
-1.53656
-3.87584
-1.22615
-0.529528
-4.21665
-2.63509
-0.839911
-0.819793
0
-4.24757
-2.67675
-2.47149
-0.875616
-1.74023
-2.20277
-2.40597
-2.70348
-2.75485
-2.55512
-0.492371
-2.79811
-2.45738
-2.9216
-2.24348
-0.974613
-2.10547
-3.23818
-2.13128
-1.55609
-0.733563
-4.33722
-2.00825
-2.99668
0.021587
-3.36204
-4.24757
0
-1.85126
-4.09355
-1.64948
-2.76633
-1.75346
-1.08616
-3.26842
-3.80425
-2.52459
-1.4095
-3.02413
-3.81839
-3.2504
-2.89102
-0.96762
-2.49221
-1.15899
-1.07254
-1.45867
-1.0001
-0.237446
-1.77915
-2.66324
-1.86027
-0.485956
-2.67675
-1.85126
0
-1.15821
-2.93112
-1.01058
-2.15159
-3.36707
-1.9125
-0.267994
-3.29939
-2.94621
-1.60749
-2.82788
-1.08314
-1.69328
-1.64921
-1.01085
-1.30399
-1.15481
-0.661427
-0.836723
-3.2633
-1.79023
-2.23534
-1.86234
-3.94382
-2.47149
-4.09355
-1.15821
0
-3.08511
-1.47786
-1.85948
-2.80101
-1.89025
-2.19361
-2.9159
-2.97455
-2.20759
-2.03141
-1.68401
-3.06196
-3.19109
-2.68232
0.0514768
-2.39548
-1.13769
-2.52059
-0.410449
-1.09623
-1.35994
-1.07265
-1.59565
-0.875616
-1.64948
-2.93112
-3.08511
0
-0.532112
-3.19107
-0.876335
-0.535203
-0.971928
-3.06475
-2.62689
-1.86238
-2.85646
-1.67536
-1.45612
-1.85346
-1.82179
-2.08938
-3.107
-2.6225
-2.74146
-1.97906
-1.56993
-3.66682
-2.29144
-1.50473
-1.74023
-2.76633
-1.01058
-1.47786
-0.532112
0
-2.41594
-3.21609
-1.74186
-2.0497
-2.59912
-1.29045
-3.9705
-1.02277
-3.07711
-0.367653
-3.17345
-1.33089
-3.82291
-2.28937
-2.90171
-1.51229
-0.979814
-0.716209
-1.93255
-1.84829
-2.81944
-2.20277
-1.75346
-2.15159
-1.85948
-3.19107
-2.41594
0
-2.47539
-1.89048
-2.60178
-1.54338
-2.61687
0.377505
-1.41253
-1.73023
-3.72553
-0.747022
-1.18773
-1.6231
-0.642142
-1.77496
-1.7643
-2.93068
-2.95508
-2.34678
-0.820728
-1.378
-2.40597
-1.08616
-3.36707
-2.80101
-0.876335
-3.21609
-2.47539
0
-2.68176
-3.30668
-2.29327
0.0705023
-2.75991
-1.16346
-1.45351
-1.25005
-4.13748
-2.96811
-0.563405
-0.549735
-1.28927
-3.10305
-2.20157
-0.638073
-0.0603382
-2.27093
-0.0986433
-2.70348
-3.26842
-1.9125
-1.89025
-0.535203
-1.74186
-1.89048
-2.68176
0
0.339645
-1.7744
-0.708946
-1.91475
-1.60107
-2.51006
-2.19202
-2.2065
-1.07791
-0.458771
-2.5824
-3.13139
-2.29041
-2.20647
-2.69333
-1.82205
-2.27504
-0.936385
-2.75485
-3.80425
-0.267994
-2.19361
-0.971928
-2.0497
-2.60178
-3.30668
0.339645
0
-3.11281
-2.20717
-1.76063
-1.98917
-2.23636
-0.844709
-3.62073
-1.91824
-1.85117
-1.63095
-2.62816
-1.83915
-2.01905
-3.43497
-1.25557
-4.38524
-1.69665
-2.55512
-2.52459
-3.29939
-2.9159
-3.06475
-2.59912
-1.54338
-2.29327
-1.7744
-3.11281
0
-3.23366
-2.81428
-3.41237
-2.80234
-1.33369
-3.11758
-1.0933
-1.77398
-1.70296
-1.88926
-0.942246
-0.583183
-2.65341
-1.05896
-2.40485
-2.7794
-0.492371
-1.4095
-2.94621
-2.97455
-2.62689
-1.29045
-2.61687
0.0705023
-0.708946
-2.20717
-3.23366
0
-1.68198
-1.77187
-1.15679
-2.95733
-1.64592
-3.54984
-2.69214
-1.66622
-3.46164
-2.27763
-2.2244
-2.88412
-2.30761
-0.823716
-2.45199
-2.79811
-3.02413
-1.60749
-2.20759
-1.86238
-3.9705
0.377505
-2.75991
-1.91475
-1.76063
-2.81428
-1.68198
0
-2.1532
-2.12232
-1.9053
-1.73667
-1.56503
-2.54485
-2.36191
-1.7719
-1.66091
-3.56323
-0.372031
-0.675607
-1.61018
-2.72244
-2.45738
-3.81839
-2.82788
-2.03141
-2.85646
-1.02277
-1.41253
-1.16346
-1.60107
-1.98917
-3.41237
-1.77187
-2.1532
0
-2.67217
-2.63323
-1.65571
-1.50577
-2.56647
-2.93416
-1.10198
-3.52481
-2.2482
-2.57537
-1.58506
0.0291244
-2.02337
-2.9216
-3.2504
-1.08314
-1.68401
-1.67536
-3.07711
-1.73023
-1.45351
-2.51006
-2.23636
-2.80234
-1.15679
-2.12232
-2.67217
0
-1.89897
-4.20642
-1.66363
0.578237
-2.16951
-2.98209
-0.391255
-1.32624
-2.93891
-2.81325
-3.49266
-3.1495
-2.24348
-2.89102
-1.69328
-3.06196
-1.45612
-0.367653
-3.72553
-1.25005
-2.19202
-0.844709
-1.33369
-2.95733
-1.9053
-2.63323
-1.89897
0
-3.23993
-0.969053
-2.39115
-1.23321
-2.08112
-1.15637
-0.959933
-1.53514
-0.64688
-2.77918
-2.75553
-0.974613
-0.96762
-1.64921
-3.19109
-1.85346
-3.17345
-0.747022
-4.13748
-2.2065
-3.62073
-3.11758
-1.64592
-1.73667
-1.65571
-4.20642
-3.23993
0
-2.22195
-1.69327
-3.21668
-3.5984
-0.246316
-3.50806
-1.05543
-1.84732
-1.49918
-1.21292
-2.10547
-2.49221
-1.01085
-2.68232
-1.82179
-1.33089
-1.18773
-2.96811
-1.07791
-1.91824
-1.0933
-3.54984
-1.56503
-1.50577
-1.66363
-0.969053
-2.22195
0
-2.2026
-0.885357
-0.367954
-2.42632
-3.58885
-1.53997
-1.10739
-0.998204
-1.29029
-3.23818
-1.15899
-1.30399
0.0514768
-2.08938
-3.82291
-1.6231
-0.563405
-0.458771
-1.85117
-1.77398
-2.69214
-2.54485
-2.56647
0.578237
-2.39115
-1.69327
-2.2026
0
