0
-1.29819
-0.933144
-4.21794
-1.0634
-1.76781
-1.20923
-2.46638
-1.97257
-1.10776
-0.971384
-0.873201
-2.02681
-2.28109
-1.31864
-2.89856
-1.29589
-1.86101
-1.07562
-0.699044
-0.882817
-2.34221
-3.84895
-0.386714
-3.00451
-3.87167
-2.40048
-1.29819
0
-3.0628
-1.63222
-1.3145
-1.90406
-2.44337
-1.7918
-2.99178
-1.63604
-2.59362
-2.98547
-0.745313
-1.27929
-1.42229
-3.00196
1.41472
-2.3413
-0.77369
-2.14854
-1.59992
-1.71517
-3.42272
-2.71286
-3.72765
-3.54985
-1.49606
-0.933144
-3.0628
0
-3.28878
-1.97551
-1.31657
-2.08369
-0.695123
-0.528472
-3.32475
-1.70935
-1.26493
-2.18508
-2.03087
-1.8395
-3.20403
-1.74565
1.04568
-1.91798
-2.16041
-1.99856
-1.01838
-1.0376
-1.34415
-2.49841
-2.799
-2.79088
-4.21794
-1.63222
-3.28878
0
-2.65376
-2.41018
-1.46967
-2.96574
-1.95394
-3.43879
-2.71406
-1.48677
-1.05309
-0.668801
-0.22116
-1.3658
-0.807877
-1.58183
-2.14093
-0.617656
-2.40635
-1.82216
-2.30519
-2.15469
-1.13483
-2.09637
-4.9054
-1.0634
-1.3145
-1.97551
-2.65376
0
-1.71581
-2.16645
-2.12933
-1.16529
-1.80909
-1.66736
-2.53269
-1.88653
-1.81476
-1.63369
-0.474037
-1.03387
-1.60136
-2.06439
-1.67637
-2.33249
-3.2948
-0.604332
0.63432
-3.50933
-0.203682
-2.03592
-1.76781
-1.90406
-1.31657
-2.41018
-1.71581
0
-0.941183
-0.749679
-0.700186
-1.90755
-3.53901
-3.74764
0.474624
-2.9228
0.351258
-0.717752
-1.24922
-1.7332
-0.943892
-1.86837
-0.759826
0.605612
-0.715587
-4.40336
-1.132
-2.41776
-2.08413
-1.20923
-2.44337
-2.08369
-1.46967
-2.16645
-0.941183
0
-2.4378
-3.30187
-1.76039
-1.40259
-2.05724
0.030092
-3.81053
-2.1777
-4.2086
-1.61403
-1.29751
-3.41798
-1.39402
-3.42459
-1.91403
-2.2815
-0.620107
-2.36918
-2.24383
-1.55207
-2.46638
-1.7918
-0.695123
-2.96574
-2.12933
-0.749679
-2.4378
0
-1.91111
-3.68349
-1.8693
-1.67654
-2.13948
-1.62316
-2.41709
-0.522178
-1.56683
-0.972941
-1.96276
-1.03503
-0.455013
-3.23528
-2.19523
-2.82622
-3.80826
-1.33194
-2.03799
-1.97257
-2.99178
-0.528472
-1.95394
-1.16529
-0.700186
-3.30187
-1.91111
0
-1.60261
-1.28594
-1.97591
-0.894167
-0.219745
-2.66115
-2.41333
-1.69143
-1.78531
-1.51404
-2.80537
-2.77918
-2.72947
-0.855285
-2.21091
-1.92297
-4.30997
-0.618283
-1.10776
-1.63604
-3.32475
-3.43879
-1.80909
-1.90755
-1.76039
-3.68349
-1.60261
0
-1.31111
-2.32746
-1.01734
-1.77077
-2.77572
-0.809449
-3.94808
-0.490585
-2.3456
-1.09141
-3.52745
-1.30957
-2.09008
-1.51369
-0.4543
-1.99713
-0.965169
-0.971384
-2.59362
-1.70935
-2.71406
-1.66736
-3.53901
-1.40259
-1.8693
-1.28594
-1.31111
0
-0.484627
-2.21
-1.64991
-1.93597
-1.2152
-3.21713
-2.76649
-3.83753
-2.47277
-2.79234
-3.15009
-1.62316
-3.54322
0.65301
-1.38552
-2.32944
-0.873201
-2.98547
-1.26493
-1.48677
-2.53269
-3.74764
-2.05724
-1.67654
-1.97591
-2.32746
-0.484627
0
-2.79545
-2.23041
-0.609461
-0.315346
-3.14279
-1.85607
0.298066
-1.10627
-1.92675
-1.44142
-0.283648
-2.3747
-3.74689
-3.8439
-3.8324
-2.02681
-0.745313
-2.18508
-1.05309
-1.88653
0.474624
0.030092
-2.13948
-0.894167
-1.01734
-2.21
-2.79545
0
-3.68758
-3.21084
-2.73274
-1.67682
-3.05816
-3.57247
-0.198046
-3.22191
-1.98866
-0.562851
-2.0825
-2.62927
-0.735891
-1.88201
-2.28109
-1.27929
-2.03087
-0.668801
-1.81476
-2.9228
-3.81053
-1.62316
-0.219745
-1.77077
-1.64991
-2.23041
-3.68758
0
-1.78077
-2.74962
-2.30873
-1.30338
0.0812122
-3.83401
-1.18312
-1.55926
-0.734858
-2.3784
-1.15957
-0.465653
-3.69925
-1.31864
-1.42229
-1.8395
-0.22116
-1.63369
0.351258
-2.1777
-2.41709
-2.66115
-2.77572
-1.93597
-0.609461
-3.21084
-1.78077
0
-1.97942
0.0304974
-1.94564
-1.23502
-2.10839
-0.789594
-2.00853
-0.630166
-2.87792
-1.27428
-1.71916
-3.37113
-2.89856
-3.00196
-3.20403
-1.3658
-0.474037
-0.717752
-4.2086
-0.522178
-2.41333
-0.809449
-1.2152
-0.315346
-2.73274
-2.74962
-1.97942
0
-3.19269
-1.5483
-1.7429
-1.551
-1.63825
-0.336784
-0.82979
-1.55462
-3.51683
-1.02403
-0.530945
-1.29589
1.41472
-1.74565
-0.807877
-1.03387
-1.24922
-1.61403
-1.56683
-1.69143
-3.94808
-3.21713
-3.14279
-1.67682
-2.30873
0.0304974
-3.19269
0
-1.79933
-1.73192
-1.4724
-3.22213
-1.11994
-0.151129
-1.65604
-1.80443
-2.96118
-2.87554
-1.86101
-2.3413
1.04568
-1.58183
-1.60136
-1.7332
-1.29751
-0.972941
-1.78531
-0.490585
-2.76649
-1.85607
-3.05816
-1.30338
-1.94564
-1.5483
-1.79933
0
-1.87412
-3.24166
-0.302418
-2.7881
-1.83582
-3.1455
-1.60645
-2.78228
-1.3135
-1.07562
-0.77369
-1.91798
-2.14093
-2.06439
-0.943892
-3.41798
-1.96276
-1.51404
-2.3456
-3.83753
0.298066
-3.57247
0.0812122
-1.23502
-1.7429
-1.73192
-1.87412
0
-0.436522
-0.598801
-2.22618
-0.610374
-1.96253
-1.14141
-2.79909
-1.42757
-0.699044
-2.14854
-2.16041
-0.617656
-1.67637
-1.86837
-1.39402
-1.03503
-2.80537
-1.09141
-2.47277
-1.10627
-0.198046
-3.83401
-2.10839
-1.551
-1.4724
-3.24166
-0.436522
0
-1.40234
-2.42838
-1.19278
-1.6821
-0.721889
-1.84052
-2.06152
-0.882817
-1.59992
-1.99856
-2.40635
-2.33249
-0.759826
-3.42459
-0.455013
-2.77918
-3.52745
-2.79234
-1.92675
-3.22191
-1.18312
-0.789594
-1.63825
-3.22213
-0.302418
-0.598801
-1.40234
0
-2.67984
-2.39431
-1.89159
-2.01538
-2.19482
-2.45824
-2.34221
-1.71517
-1.01838
-1.82216
-3.2948
0.605612
-1.91403
-3.23528
-2.72947
-1.30957
-3.15009
-1.44142
-1.98866
-1.55926
-2.00853
-0.336784
-1.11994
-2.7881
-2.22618
-2.42838
-2.67984
0
-3.07624
-2.05355
-2.58793
-3.70798
-1.29866
-3.84895
-3.42272
-1.0376
-2.30519
-0.604332
-0.715587
-2.2815
-2.19523
-0.855285
-2.09008
-1.62316
-0.283648
-0.562851
-0.734858
-0.630166
-0.82979
-0.151129
-1.83582
-0.610374
-1.19278
-2.39431
-3.07624
0
-2.56948
-1.2676
-1.59677
-1.49242
-0.386714
-2.71286
-1.34415
-2.15469
0.63432
-4.40336
-0.620107
-2.82622
-2.21091
-1.51369
-3.54322
-2.3747
-2.0825
-2.3784
-2.87792
-1.55462
-1.65604
-3.1455
-1.96253
-1.6821
-1.89159
-2.05355
-2.56948
0
-2.33663
-2.51366
-1.94796
-3.00451
-3.72765
-2.49841
-1.13483
-3.50933
-1.132
-2.36918
-3.80826
-1.92297
-0.4543
0.65301
-3.74689
-2.62927
-1.15957
-1.27428
-3.51683
-1.80443
-1.60645
-1.14141
-0.721889
-2.01538
-2.58793
-1.2676
-2.33663
0
-1.79551
0.0366339
-3.87167
-3.54985
-2.799
-2.09637
-0.203682
-2.41776
-2.24383
-1.33194
-4.30997
-1.99713
-1.38552
-3.8439
-0.735891
-0.465653
-1.71916
-1.02403
-2.96118
-2.78228
-2.79909
-1.84052
-2.19482
-3.70798
-1.59677
-2.51366
-1.79551
0
-2.93366
-2.40048
-1.49606
-2.79088
-4.9054
-2.03592
-2.08413
-1.55207
-2.03799
-0.618283
-0.965169
-2.32944
-3.8324
-1.88201
-3.69925
-3.37113
-0.530945
-2.87554
-1.3135
-1.42757
-2.06152
-2.45824
-1.29866
-1.49242
-1.94796
0.0366339
-2.93366
0
