0
0.0922874
-1.61214
-2.07748
-1.26571
-1.3842
-1.9592
-2.29725
-2.11604
-2.49881
-1.66002
-1.53895
-2.16239
-1.31057
-2.08351
-1.41994
-2.01609
-2.39971
-3.18257
-3.55769
-2.45769
-2.13742
-1.87672
-2.06805
-0.975739
-0.508375
-3.14604
0.0922874
0
-1.64055
-1.78895
-1.27941
-1.95204
-2.52276
-1.23988
-3.70033
-2.64508
-1.34676
-2.7992
-1.69
-2.69071
-2.76923
-1.81176
-2.37576
-1.62944
-2.18245
-1.14425
-0.997375
-0.935753
-2.33422
-1.9625
-4.03158
-1.90142
-1.22473
-1.61214
-1.64055
0
-2.33596
-3.69219
-2.45696
-1.47446
-2.65585
-3.03523
-2.18382
-0.96459
-1.32247
-1.04436
-2.6325
-3.71842
0.221424
-3.32046
-2.28187
-2.1742
-1.44853
-1.82028
-1.74179
-1.39767
-3.15655
-1.73101
-1.62653
-2.38861
-2.07748
-1.78895
-2.33596
0
-1.46934
-3.41039
-2.03484
-0.726947
-0.594561
-1.68884
-2.71458
0.0360099
-3.91369
-2.82154
-3.97237
-3.04067
-2.52563
-1.71604
-2.40111
-1.83622
-1.16203
-1.33556
0.911155
-1.57457
-1.79417
-2.90739
-2.37211
-1.26571
-1.27941
-3.69219
-1.46934
0
-0.433757
-0.835558
-3.67143
-1.84081
-2.79072
-4.19955
-1.02228
-2.25611
-2.90546
-2.60466
-1.81631
-1.52124
-0.4363
-2.26478
-2.13891
-2.81854
-1.92238
-2.63368
-1.27958
-3.42603
-1.89675
-1.17911
-1.3842
-1.95204
-2.45696
-3.41039
-0.433757
0
-3.22499
-1.37989
-1.10523
-1.57389
-1.22664
-1.18162
-2.68435
-1.20279
-1.72328
-2.31625
-3.05277
-1.83067
-0.762554
0.209221
-2.90899
-2.68445
-0.464763
-1.45817
-3.0198
-2.23309
-1.11923
-1.9592
-2.52276
-1.47446
-2.03484
-0.835558
-3.22499
0
-2.40412
-2.98138
-3.72053
0.481537
-1.81103
-1.76979
-2.40541
-3.00851
-2.58093
-1.72201
-1.99086
-0.858183
-1.5214
-3.50484
-2.90164
-1.59835
-1.73996
-2.0785
0.615648
-2.20442
-2.29725
-1.23988
-2.65585
-0.726947
-3.67143
-1.37989
-2.40412
0
-2.93992
-1.18915
-1.78691
-3.11382
-1.28878
-3.39246
-3.25589
-2.37935
-0.991034
-0.72692
-3.44321
-2.80835
-1.61945
-1.01344
-2.2705
-0.905926
-1.41406
-3.22066
-1.84763
-2.11604
-3.70033
-3.03523
-0.594561
-1.84081
-1.10523
-2.98138
-2.93992
0
-2.3821
-1.12738
-2.11046
-1.87949
-2.18136
-1.56229
-3.8412
-2.74244
-1.45728
-0.852268
-1.92651
-2.90468
-1.83435
-2.47402
-1.81387
-1.83734
-1.98251
-3.97393
-2.49881
-2.64508
-2.18382
-1.68884
-2.79072
-1.57389
-3.72053
-1.18915
-2.3821
0
-2.38979
-2.99198
-1.91889
-1.84737
-1.24844
-1.31757
-2.30471
0.118615
-2.21184
-2.7487
-2.42227
-2.03426
-1.65497
-1.32855
-2.70254
-2.19576
-1.41764
-1.66002
-1.34676
-0.96459
-2.71458
-4.19955
-1.22664
0.481537
-1.78691
-1.12738
-2.38979
0
-2.14766
-2.66025
-2.41927
-1.90084
-3.45611
-1.53658
-0.952693
-1.43718
-1.65278
-2.30359
-2.52476
-2.67763
-3.65988
-1.31663
-1.37613
0.0539917
-1.53895
-2.7992
-1.32247
0.0360099
-1.02228
-1.18162
-1.81103
-3.11382
-2.11046
-2.99198
-2.14766
0
-2.41844
-1.26043
-3.17343
-2.05822
-0.391699
-1.51885
-2.24369
-1.96962
-2.09638
-2.23778
-1.99076
-0.783789
-1.98569
0.286412
-1.29907
-2.16239
-1.69
-1.04436
-3.91369
-2.25611
-2.68435
-1.76979
-1.28878
-1.87949
-1.91889
-2.66025
-2.41844
0
0.134843
-3.01268
-2.59418
-2.79615
-1.20402
-2.78868
-1.61409
-0.806916
-1.66402
-0.822051
-1.63131
0.127206
-3.76674
-1.18338
-1.31057
-2.69071
-2.6325
-2.82154
-2.90546
-1.20279
-2.40541
-3.39246
-2.18136
-1.84737
-2.41927
-1.26043
0.134843
0
-2.79044
-2.43724
-3.66583
-2.567
-1.14345
-0.614263
-2.44558
-2.75401
-1.9895
-0.0307645
-0.782805
-0.931491
-2.22415
-2.08351
-2.76923
-3.71842
-3.97237
-2.60466
-1.72328
-3.00851
-3.25589
-1.56229
-1.24844
-1.90084
-3.17343
-3.01268
-2.79044
0
-2.25647
-2.01445
-2.25005
-1.28272
-2.98569
-3.37357
-3.48914
-0.831912
-2.02914
-2.86744
-2.69638
-2.25805
-1.41994
-1.81176
0.221424
-3.04067
-1.81631
-2.31625
-2.58093
-2.37935
-3.8412
-1.31757
-3.45611
-2.05822
-2.59418
-2.43724
-2.25647
0
-0.593463
-2.16775
0.0991318
-4.62988
-2.1602
-1.66143
-0.844932
-1.95171
-2.53319
-1.61326
-1.09616
-2.01609
-2.37576
-3.32046
-2.52563
-1.52124
-3.05277
-1.72201
-0.991034
-2.74244
-2.30471
-1.53658
-0.391699
-2.79615
-3.66583
-2.01445
-0.593463
0
-3.06773
-2.97339
-3.70766
-2.42826
-2.36068
-1.99924
-2.40653
-1.92562
-2.12759
-1.38288
-2.39971
-1.62944
-2.28187
-1.71604
-0.4363
-1.83067
-1.99086
-0.72692
-1.45728
0.118615
-0.952693
-1.51885
-1.20402
-2.567
-2.25005
-2.16775
-3.06773
0
-1.37809
-1.64898
-4.21574
-2.62413
-1.22302
-2.62595
-2.94305
-2.42375
-3.21578
-3.18257
-2.18245
-2.1742
-2.40111
-2.26478
-0.762554
-0.858183
-3.44321
-0.852268
-2.21184
-1.43718
-2.24369
-2.78868
-1.14345
-1.28272
0.0991318
-2.97339
-1.37809
0
-2.1933
-1.86087
-0.380957
-3.16045
-1.40502
-2.86253
-1.67616
-1.98845
-3.55769
-1.14425
-1.44853
-1.83622
-2.13891
0.209221
-1.5214
-2.80835
-1.92651
-2.7487
-1.65278
-1.96962
-1.61409
-0.614263
-2.98569
-4.62988
-3.70766
-1.64898
-2.1933
0
-2.27515
-0.180359
-1.55026
-0.593049
-1.10257
-2.19161
-1.65693
-2.45769
-0.997375
-1.82028
-1.16203
-2.81854
-2.90899
-3.50484
-1.61945
-2.90468
-2.42227
-2.30359
-2.09638
-0.806916
-2.44558
-3.37357
-2.1602
-2.42826
-4.21574
-1.86087
-2.27515
0
-2.50826
-2.54832
-0.112695
-1.94701
-3.22009
-2.11246
-2.13742
-0.935753
-1.74179
-1.33556
-1.92238
-2.68445
-2.90164
-1.01344
-1.83435
-2.03426
-2.52476
-2.23778
-1.66402
-2.75401
-3.48914
-1.66143
-2.36068
-2.62413
-0.380957
-0.180359
-2.50826
0
-1.66879
-0.522974
-1.29519
-1.68871
-1.89471
-1.87672
-2.33422
-1.39767
0.911155
-2.63368
-0.464763
-1.59835
-2.2705
-2.47402
-1.65497
-2.67763
-1.99076
-0.822051
-1.9895
-0.831912
-0.844932
-1.99924
-1.22302
-3.16045
-1.55026
-2.54832
-1.66879
0
-1.75287
-1.51757
-1.53448
-2.22122
-2.06805
-1.9625
-3.15655
-1.57457
-1.27958
-1.45817
-1.73996
-0.905926
-1.81387
-1.32855
-3.65988
-0.783789
-1.63131
-0.0307645
-2.02914
-1.95171
-2.40653
-2.62595
-1.40502
-0.593049
-0.112695
-0.522974
-1.75287
0
-1.60209
-1.68898
-2.52196
-0.975739
-4.03158
-1.73101
-1.79417
-3.42603
-3.0198
-2.0785
-1.41406
-1.83734
-2.70254
-1.31663
-1.98569
0.127206
-0.782805
-2.86744
-2.53319
-1.92562
-2.94305
-2.86253
-1.10257
-1.94701
-1.29519
-1.51757
-1.60209
0
-2.34859
0.158909
-0.508375
-1.90142
-1.62653
-2.90739
-1.89675
-2.23309
0.615648
-3.22066
-1.98251
-2.19576
-1.37613
0.286412
-3.76674
-0.931491
-2.69638
-1.61326
-2.12759
-2.42375
-1.67616
-2.19161
-3.22009
-1.68871
-1.53448
-1.68898
-2.34859
0
-1.17627
-3.14604
-1.22473
-2.38861
-2.37211
-1.17911
-1.11923
-2.20442
-1.84763
-3.97393
-1.41764
0.0539917
-1.29907
-1.18338
-2.22415
-2.25805
-1.09616
-1.38288
-3.21578
-1.98845
-1.65693
-2.11246
-1.89471
-2.22122
-2.52196
0.158909
-1.17627
0
