0
-1.58412
-0.875736
-1.3345
-2.51676
-1.02467
-2.56847
-1.36461
-1.42197
-1.86418
-1.574
-1.55305
-2.75501
-1.08951
-3.20416
-1.825
-2.00203
-1.9602
-1.83876
-1.72849
-0.502626
-4.28479
-3.95327
-2.09753
-2.63621
-2.48027
-1.17428
-1.58412
0
-1.32572
-2.67522
-3.68477
-0.628907
-1.46774
-3.1309
-1.38467
-1.93646
-0.901528
-1.64367
-2.46281
-0.943923
-2.67206
-0.649703
-2.63752
-0.688024
-2.23514
-1.71669
-2.27105
-1.9082
0.562623
-2.52871
-1.89431
-3.29221
-3.86966
-0.875736
-1.32572
0
-2.01802
-2.52344
-1.72436
-2.74329
-1.03177
-0.0290506
-2.0209
-2.18974
-3.26995
-1.44107
-1.82358
-3.84208
-0.410303
-2.91283
-0.515884
0.451629
-1.93567
-1.05431
-2.34004
-2.98479
-1.72789
-1.47826
-2.88355
-0.620553
-1.3345
-2.67522
-2.01802
0
-1.75674
-1.31537
-1.91863
-0.26611
-1.34842
1.18672
-1.64566
-1.54765
-3.34705
-4.254
-0.0564308
-0.293488
-1.92554
-3.69516
-1.83815
-3.60737
-3.04778
-2.88557
-2.73289
-1.84975
-2.23404
-3.62077
-2.07557
-2.51676
-3.68477
-2.52344
-1.75674
0
1.3847
-0.926278
-1.65976
-3.01495
-3.08224
-1.86639
0.0702721
-1.01124
-1.44277
-1.7458
-0.669653
-1.39316
-1.4815
-0.67489
-2.66604
-2.07316
-1.23233
-3.4112
-1.25636
-2.33339
-2.62563
-1.84559
-1.02467
-0.628907
-1.72436
-1.31537
1.3847
0
-4.81076
-2.84026
-2.30675
-0.987167
-0.623159
-2.89966
-3.37292
-0.545403
-1.89385
-1.29771
-2.44308
-1.79358
-4.34296
-0.988937
-1.81956
-5.44043
-2.32722
-0.162061
0.186864
-1.66727
-1.97455
-2.56847
-1.46774
-2.74329
-1.91863
-0.926278
-4.81076
0
-3.1303
-1.65324
-2.1174
-3.56979
-1.84429
-0.768461
-2.29328
-2.09233
-3.70446
-1.20404
-2.03371
-2.22679
-3.25719
-1.63116
-2.04243
-1.15528
-0.57318
-1.49849
-1.11076
-2.59674
-1.36461
-3.1309
-1.03177
-0.26611
-1.65976
-2.84026
-3.1303
0
-2.27167
-3.67973
-1.82881
-1.13272
-1.12079
-0.86214
-1.78915
-1.17898
-2.68055
-1.48413
-2.4602
-2.1391
-3.56019
-1.49161
-1.9435
-0.924456
-3.26768
-1.056
-1.80045
-1.42197
-1.38467
-0.0290506
-1.34842
-3.01495
-2.30675
-1.65324
-2.27167
0
-1.35375
-1.83523
-0.410423
-1.21637
-2.28241
-3.38308
-1.46301
-2.35712
-0.984841
-2.27778
-1.25504
-1.10161
-1.15017
-1.41828
-1.55161
-2.1565
-2.0082
0.729928
-1.86418
-1.93646
-2.0209
1.18672
-3.08224
-0.987167
-2.1174
-3.67973
-1.35375
0
-3.47913
-1.10877
-0.6103
-0.995881
-4.90591
-3.14834
-1.98966
-0.692593
-0.235574
-3.13468
-2.48172
-0.389091
-4.29042
-2.37373
-4.0464
-1.86135
-2.59786
-1.574
-0.901528
-2.18974
-1.64566
-1.86639
-0.623159
-3.56979
-1.82881
-1.83523
-3.47913
0
-2.0351
-1.89672
-0.872432
-2.67619
-1.80344
-1.79405
-0.92607
-0.729923
-2.18522
-2.72549
-2.16984
-1.60455
-1.60068
-1.76447
-2.69668
-1.33709
-1.55305
-1.64367
-3.26995
-1.54765
0.0702721
-2.89966
-1.84429
-1.13272
-0.410423
-1.10877
-2.0351
0
-1.15292
-2.35887
-3.09575
-1.21807
-4.01181
-0.429439
-1.89108
-1.58858
-1.13709
-3.1761
-2.87193
-1.03062
-2.03417
-1.66224
-1.834
-2.75501
-2.46281
-1.44107
-3.34705
-1.01124
-3.37292
-0.768461
-1.12079
-1.21637
-0.6103
-1.89672
-1.15292
0
-2.39199
-0.89073
-1.10496
-0.195734
-2.01678
-1.52017
-2.68164
-1.67198
-2.30881
-1.23111
-0.947569
-3.3707
-2.39957
-1.7121
-1.08951
-0.943923
-1.82358
-4.254
-1.44277
-0.545403
-2.29328
-0.86214
-2.28241
-0.995881
-0.872432
-2.35887
-2.39199
0
-2.15874
-2.89683
-2.3667
-0.92471
-2.26536
-0.944192
-1.71645
-2.72529
-1.29235
-1.28732
-2.75582
-2.5306
-1.03104
-3.20416
-2.67206
-3.84208
-0.0564308
-1.7458
-1.89385
-2.09233
-1.78915
-3.38308
-4.90591
-2.67619
-3.09575
-0.89073
-2.15874
0
-2.07264
-2.26941
-2.79099
-3.98492
-1.15208
-2.53684
-1.10663
-2.53672
-2.44832
-2.41423
-2.24295
-1.92029
-1.825
-0.649703
-0.410303
-0.293488
-0.669653
-1.29771
-3.70446
-1.17898
-1.46301
-3.14834
-1.80344
-1.21807
-1.10496
-2.89683
-2.07264
0
-1.34044
-3.3449
-1.11936
-1.24281
0.245261
-1.35057
-2.6444
-4.09513
-2.94167
-3.63672
-2.64747
-2.00203
-2.63752
-2.91283
-1.92554
-1.39316
-2.44308
-1.20404
-2.68055
-2.35712
-1.98966
-1.79405
-4.01181
-0.195734
-2.3667
-2.26941
-1.34044
0
-1.88483
-2.14468
-1.22233
-2.53629
-0.937687
-2.97559
0.0263568
-1.18207
-4.24755
-2.91746
-1.9602
-0.688024
-0.515884
-3.69516
-1.4815
-1.79358
-2.03371
-1.48413
-0.984841
-0.692593
-0.92607
-0.429439
-2.01678
-0.92471
-2.79099
-3.3449
-1.88483
0
-1.07066
-3.44205
-1.75379
0.0746632
-2.71669
-1.11248
-1.16815
-1.06447
-2.24486
-1.83876
-2.23514
0.451629
-1.83815
-0.67489
-4.34296
-2.22679
-2.4602
-2.27778
-0.235574
-0.729923
-1.89108
-1.52017
-2.26536
-3.98492
-1.11936
-2.14468
-1.07066
0
-1.44795
-2.29473
-2.45461
0.255507
-1.42387
-3.79321
-2.64861
-1.78251
-1.72849
-1.71669
-1.93567
-3.60737
-2.66604
-0.988937
-3.25719
-2.1391
-1.25504
-3.13468
-2.18522
-1.58858
-2.68164
-0.944192
-1.15208
-1.24281
-1.22233
-3.44205
-1.44795
0
-1.49649
-0.506409
-1.51064
-1.19889
-0.985747
-1.81542
-1.70729
-0.502626
-2.27105
-1.05431
-3.04778
-2.07316
-1.81956
-1.63116
-3.56019
-1.10161
-2.48172
-2.72549
-1.13709
-1.67198
-1.71645
-2.53684
0.245261
-2.53629
-1.75379
-2.29473
-1.49649
0
-3.13711
-2.06964
-3.44637
-2.61695
-1.13491
-2.17333
-4.28479
-1.9082
-2.34004
-2.88557
-1.23233
-5.44043
-2.04243
-1.49161
-1.15017
-0.389091
-2.16984
-3.1761
-2.30881
-2.72529
-1.10663
-1.35057
-0.937687
0.0746632
-2.45461
-0.506409
-3.13711
0
-1.12981
-0.688978
-3.38866
-2.26627
-1.31446
-3.95327
0.562623
-2.98479
-2.73289
-3.4112
-2.32722
-1.15528
-1.9435
-1.41828
-4.29042
-1.60455
-2.87193
-1.23111
-1.29235
-2.53672
-2.6444
-2.97559
-2.71669
0.255507
-1.51064
-2.06964
-1.12981
0
-2.77917
-2.12687
-1.34254
0.154539
-2.09753
-2.52871
-1.72789
-1.84975
-1.25636
-0.162061
-0.57318
-0.924456
-1.55161
-2.37373
-1.60068
-1.03062
-0.947569
-1.28732
-2.44832
-4.09513
0.0263568
-1.11248
-1.42387
-1.19889
-3.44637
-0.688978
-2.77917
0
-1.06237
-1.10747
-2.72049
-2.63621
-1.89431
-1.47826
-2.23404
-2.33339
0.186864
-1.49849
-3.26768
-2.1565
-4.0464
-1.76447
-2.03417
-3.3707
-2.75582
-2.41423
-2.94167
-1.18207
-1.16815
-3.79321
-0.985747
-2.61695
-3.38866
-2.12687
-1.06237
0
-2.71287
-3.38755
-2.48027
-3.29221
-2.88355
-3.62077
-2.62563
-1.66727
-1.11076
-1.056
-2.0082
-1.86135
-2.69668
-1.66224
-2.39957
-2.5306
-2.24295
-3.63672
-4.24755
-1.06447
-2.64861
-1.81542
-1.13491
-2.26627
-1.34254
-1.10747
-2.71287
0
-1.11732
-1.17428
-3.86966
-0.620553
-2.07557
-1.84559
-1.97455
-2.59674
-1.80045
0.729928
-2.59786
-1.33709
-1.834
-1.7121
-1.03104
-1.92029
-2.64747
-2.91746
-2.24486
-1.78251
-1.70729
-2.17333
-1.31446
0.154539
-2.72049
-3.38755
-1.11732
0
