0
-2.02784
-1.93114
-2.55093
-1.9462
-1.95403
-2.69602
-1.24631
-0.247492
-2.95515
-1.17554
-2.7926
-1.48423
-1.91462
-4.45322
-1.34593
-2.44007
1.12783
-1.80753
-2.46935
-2.19405
-1.35621
-1.58899
-2.5703
-3.60786
-0.252888
-3.8294
-2.02784
0
-3.91862
-4.14128
-2.53488
-1.12345
-1.47085
-0.863377
-3.32691
-2.09614
-1.7536
-2.32882
-1.61273
-3.30877
-1.32869
-2.15159
-2.03254
-2.75466
-1.0058
-2.72565
-3.08871
-2.35391
-1.43158
-1.15449
-1.56582
-0.0920157
-1.85334
-1.93114
-3.91862
0
-1.75322
-1.33868
-0.244766
-0.518567
-2.77418
-1.93842
0.81191
-2.66846
-1.06674
-3.76012
-2.28988
-2.63982
-2.36796
-0.229473
-1.27938
-0.405571
-0.652966
0.259637
-0.992422
-1.70171
-3.23391
-2.48029
-0.743675
-1.14241
-2.55093
-4.14128
-1.75322
0
-1.87449
-2.75447
0.546166
-0.844999
-2.05893
-0.116706
-3.04143
-1.45302
-1.40818
-2.85273
0.187433
-1.38264
-3.86032
-0.940619
-1.93382
0.321671
-1.75443
-2.03108
-2.97141
-2.59474
-2.30545
-2.06886
-2.40209
-1.9462
-2.53488
-1.33868
-1.87449
0
-1.11918
-3.35536
-1.69704
-0.413086
-0.534504
-2.36995
-2.40255
-1.17198
-0.881063
-1.70488
-2.19636
-1.94359
-3.67833
-1.11606
-2.42777
-2.40944
-2.91067
-2.30534
-0.871972
-1.26568
-2.21624
-1.77414
-1.95403
-1.12345
-0.244766
-2.75447
-1.11918
0
0.346005
-0.753328
-1.31581
-1.0668
-2.81617
-3.43697
-1.93227
-1.91391
-1.44933
-3.76694
-2.54616
-0.930475
-0.430257
-2.67746
-1.29379
-4.31805
-1.7023
-1.7049
-2.4999
-3.23402
-1.39334
-2.69602
-1.47085
-0.518567
0.546166
-3.35536
0.346005
0
-1.51503
-0.27354
-2.61589
-2.22791
-3.02773
-4.59514
-1.01983
-0.751024
-3.07013
-1.13472
-2.31685
-3.41682
-3.04198
-1.75998
-1.59027
-2.74836
-5.55087
-2.04567
-2.45419
-0.431762
-1.24631
-0.863377
-2.77418
-0.844999
-1.69704
-0.753328
-1.51503
0
-0.248246
-3.51799
-1.33854
-1.36534
-3.91071
-1.24737
-0.371042
-3.14814
-2.84749
-2.45676
-1.53844
-0.392645
-1.34635
-1.73495
-3.26839
-2.42598
-3.74225
-1.88493
-0.785776
-0.247492
-3.32691
-1.93842
-2.05893
-0.413086
-1.31581
-0.27354
-0.248246
0
-1.22249
-0.798971
-3.12619
-2.93363
-0.619416
-1.8952
-2.70649
-0.531008
-2.9803
-3.41208
-0.59551
-1.23219
-0.968257
-2.00614
-1.20676
-1.67335
-2.51999
-0.753855
-2.95515
-2.09614
0.81191
-0.116706
-0.534504
-1.0668
-2.61589
-3.51799
-1.22249
0
-1.56375
-1.23483
-2.33829
-2.22638
-1.58867
-1.88819
-2.20604
-1.47411
-2.02479
-1.17863
-2.90652
-2.38702
-1.86781
-1.4835
-2.65902
-3.60901
-1.83614
-1.17554
-1.7536
-2.66846
-3.04143
-2.36995
-2.81617
-2.22791
-1.33854
-0.798971
-1.56375
0
-4.62438
-2.17578
-1.56945
-2.56818
-2.227
-1.96514
-0.962039
-0.893616
-2.82549
-4.43361
-3.02155
-1.64492
-2.71815
-2.43862
-3.04498
-1.2051
-2.7926
-2.32882
-1.06674
-1.45302
-2.40255
-3.43697
-3.02773
-1.36534
-3.12619
-1.23483
-4.62438
0
-3.86389
-2.6692
-3.7241
-2.20548
-2.89493
-1.68677
0.130712
-1.33601
-1.66691
-2.51099
-3.02687
-0.932149
-3.12344
-3.34031
-2.81487
-1.48423
-1.61273
-3.76012
-1.40818
-1.17198
-1.93227
-4.59514
-3.91071
-2.93363
-2.33829
-2.17578
-3.86389
0
-0.261505
-3.01974
-2.80504
-1.88957
-1.15945
-2.88447
-2.23354
-3.01042
-3.14691
-3.12499
-2.12285
-1.91744
-2.53916
-1.71322
-1.91462
-3.30877
-2.28988
-2.85273
-0.881063
-1.91391
-1.01983
-1.24737
-0.619416
-2.22638
-1.56945
-2.6692
-0.261505
0
-1.69894
-4.0514
-2.76513
-1.56167
-3.68558
-4.28085
-2.23319
-1.02023
-1.23055
-1.42062
-0.157843
-1.51552
-1.78435
-4.45322
-1.32869
-2.63982
0.187433
-1.70488
-1.44933
-0.751024
-0.371042
-1.8952
-1.58867
-2.56818
-3.7241
-3.01974
-1.69894
0
-1.44779
-2.33475
-1.15196
0.532616
-2.28494
-1.574
-1.79554
-3.74719
-0.687963
-2.6939
-2.73733
-3.3685
-1.34593
-2.15159
-2.36796
-1.38264
-2.19636
-3.76694
-3.07013
-3.14814
-2.70649
-1.88819
-2.227
-2.20548
-2.80504
-4.0514
-1.44779
0
-1.92663
-2.67113
-1.75614
-1.02528
-1.27797
-1.51919
-1.61079
-1.55337
-3.50612
-1.24864
-0.0234863
-2.44007
-2.03254
-0.229473
-3.86032
-1.94359
-2.54616
-1.13472
-2.84749
-0.531008
-2.20604
-1.96514
-2.89493
-1.88957
-2.76513
-2.33475
-1.92663
0
-1.22949
-2.75683
-2.8586
-2.03919
1.47012
-1.705
-2.05301
-2.26636
-2.01662
-0.447798
1.12783
-2.75466
-1.27938
-0.940619
-3.67833
-0.930475
-2.31685
-2.45676
-2.9803
-1.47411
-0.962039
-1.68677
-1.15945
-1.56167
-1.15196
-2.67113
-1.22949
0
-3.35855
-2.17365
-2.05181
-1.02949
0.191854
-1.7309
-2.79594
-2.07926
-2.41321
-1.80753
-1.0058
-0.405571
-1.93382
-1.11606
-0.430257
-3.41682
-1.53844
-3.41208
-2.02479
-0.893616
0.130712
-2.88447
-3.68558
0.532616
-1.75614
-2.75683
-3.35855
0
-0.538365
-0.580854
-2.64797
-0.625867
-0.556633
-1.5098
-1.72888
-1.76419
-2.46935
-2.72565
-0.652966
0.321671
-2.42777
-2.67746
-3.04198
-0.392645
-0.59551
-1.17863
-2.82549
-1.33601
-2.23354
-4.28085
-2.28494
-1.02528
-2.8586
-2.17365
-0.538365
0
-1.14946
-2.65768
-1.2553
-1.49676
-3.37064
-4.02537
-1.28268
-2.19405
-3.08871
0.259637
-1.75443
-2.40944
-1.29379
-1.75998
-1.34635
-1.23219
-2.90652
-4.43361
-1.66691
-3.01042
-2.23319
-1.574
-1.27797
-2.03919
-2.05181
-0.580854
-1.14946
0
-1.40346
-0.738913
-3.77253
0.135546
-1.26156
-2.64585
-1.35621
-2.35391
-0.992422
-2.03108
-2.91067
-4.31805
-1.59027
-1.73495
-0.968257
-2.38702
-3.02155
-2.51099
-3.14691
-1.02023
-1.79554
-1.51919
1.47012
-1.02949
-2.64797
-2.65768
-1.40346
0
-2.44832
-2.79032
-1.02196
-2.72933
-2.64932
-1.58899
-1.43158
-1.70171
-2.97141
-2.30534
-1.7023
-2.74836
-3.26839
-2.00614
-1.86781
-1.64492
-3.02687
-3.12499
-1.23055
-3.74719
-1.61079
-1.705
0.191854
-0.625867
-1.2553
-0.738913
-2.44832
0
-2.33322
-2.56219
-1.49188
-1.23747
-2.5703
-1.15449
-3.23391
-2.59474
-0.871972
-1.7049
-5.55087
-2.42598
-1.20676
-1.4835
-2.71815
-0.932149
-2.12285
-1.42062
-0.687963
-1.55337
-2.05301
-1.7309
-0.556633
-1.49676
-3.77253
-2.79032
-2.33322
0
-2.55068
-1.64692
-4.77253
-3.60786
-1.56582
-2.48029
-2.30545
-1.26568
-2.4999
-2.04567
-3.74225
-1.67335
-2.65902
-2.43862
-3.12344
-1.91744
-0.157843
-2.6939
-3.50612
-2.26636
-2.79594
-1.5098
-3.37064
0.135546
-1.02196
-2.56219
-2.55068
0
-0.208116
-0.761933
-0.252888
-0.0920157
-0.743675
-2.06886
-2.21624
-3.23402
-2.45419
-1.88493
-2.51999
-3.60901
-3.04498
-3.34031
-2.53916
-1.51552
-2.73733
-1.24864
-2.01662
-2.07926
-1.72888
-4.02537
-1.26156
-2.72933
-1.49188
-1.64692
-0.208116
0
-1.60161
-3.8294
-1.85334
-1.14241
-2.40209
-1.77414
-1.39334
-0.431762
-0.785776
-0.753855
-1.83614
-1.2051
-2.81487
-1.71322
-1.78435
-3.3685
-0.0234863
-0.447798
-2.41321
-1.76419
-1.28268
-2.64585
-2.64932
-1.23747
-4.77253
-0.761933
-1.60161
0
