0
-1.80696
-2.06933
-2.84776
-2.74001
-0.884523
-1.36751
-0.184469
-2.63472
-0.207219
-0.550188
-0.142821
-2.08562
-1.16113
-2.9461
-3.45204
-2.48431
-1.99849
-2.74274
-3.16686
-0.652538
-3.47786
-1.04569
-4.57837
-0.897513
-1.25498
-1.14839
-1.80696
0
-1.92719
-1.65238
-1.74097
-1.81706
-2.92642
-1.56692
-1.63837
-3.19576
-1.51502
-2.19516
-0.891023
-0.669512
-1.13353
-3.31193
-1.71222
-0.0343926
-1.39621
-2.42288
-1.7065
-2.37168
-4.92649
-1.79303
-2.60522
-1.85266
-2.61961
-2.06933
-1.92719
0
-0.310226
-2.81414
-3.10569
-2.33241
-1.14856
-1.45099
-1.30446
-0.046457
-1.43621
-0.334843
-2.26046
-1.07564
-0.647666
-0.869281
-1.53733
-1.90754
-0.723069
-1.71765
-1.43098
-2.41654
-1.43577
-4.33757
-2.05873
-1.95246
-2.84776
-1.65238
-0.310226
0
0.0364642
-4.77212
-3.35449
-1.83248
-3.88376
-2.67019
-2.68913
-0.315003
-1.75281
-1.72277
-0.883756
-1.87737
-2.42014
-2.18774
-2.6137
-2.34767
-2.26426
-2.14552
-1.95676
-1.05149
-1.63618
-2.58722
-0.337598
-2.74001
-1.74097
-2.81414
0.0364642
0
-1.09813
-1.10124
-0.893182
-3.93934
-1.97874
-5.36717
-2.1097
-1.41953
-3.05772
-3.30096
-3.29698
-3.14457
-2.79803
0.0534923
-0.92972
-1.81723
-0.938867
-1.81722
-1.93305
-4.51972
-2.0854
-1.37445
-0.884523
-1.81706
-3.10569
-4.77212
-1.09813
0
-0.4665
-1.94593
-0.941062
-0.770591
-2.99239
-1.26317
-1.97282
-2.00485
-2.99996
-2.32173
-2.463
-1.83453
-2.39082
-2.70199
-0.241066
-3.31947
-3.33976
-3.05939
-2.76887
-0.317332
-0.601469
-1.36751
-2.92642
-2.33241
-3.35449
-1.10124
-0.4665
0
-0.257921
-2.59955
-3.45132
-1.16302
-3.10216
-1.75783
-2.28968
-1.68959
-1.05986
-1.55444
-1.20147
-3.93892
-2.58883
-1.24772
-2.87366
-4.79842
-1.36984
-3.91956
-1.40564
-2.95379
-0.184469
-1.56692
-1.14856
-1.83248
-0.893182
-1.94593
-0.257921
0
-2.9174
-1.76243
-1.68907
-1.91063
-1.68086
-1.47612
-2.80903
-2.29641
-0.267346
-0.632353
-3.08444
-1.56312
-2.20805
-1.6213
-2.65256
-1.42234
-0.984365
-1.84083
-3.59224
-2.63472
-1.63837
-1.45099
-3.88376
-3.93934
-0.941062
-2.59955
-2.9174
0
-2.03473
-1.14728
-3.02541
-3.03603
-3.0361
-2.33231
-0.947018
-0.344853
-3.18683
-3.34137
-2.50654
-1.04285
-1.76375
-0.912763
-1.46459
-1.65647
-0.665139
-2.01959
-0.207219
-3.19576
-1.30446
-2.67019
-1.97874
-0.770591
-3.45132
-1.76243
-2.03473
0
-0.758767
-3.30277
-1.62702
-1.37567
-1.55258
-1.51387
-1.79828
-2.39727
-3.04313
-1.39802
-3.22504
-2.16239
-1.18555
-0.59287
-0.392384
-0.993322
-2.89994
-0.550188
-1.51502
-0.046457
-2.68913
-5.36717
-2.99239
-1.16302
-1.68907
-1.14728
-0.758767
0
-0.782786
-2.19599
-3.31279
-3.13688
-2.83741
-3.12902
-1.2122
-3.15302
-3.7304
-3.21348
-0.816157
-1.91703
-2.56415
-1.02396
-1.21757
-1.44077
-0.142821
-2.19516
-1.43621
-0.315003
-2.1097
-1.26317
-3.10216
-1.91063
-3.02541
-3.30277
-0.782786
0
-1.13331
-2.68818
-1.3373
-0.788003
-2.05142
-2.32643
-1.43949
-0.252895
-2.12889
-2.39779
-3.33182
-0.956539
-2.06936
-1.65779
-3.78814
-2.08562
-0.891023
-0.334843
-1.75281
-1.41953
-1.97282
-1.75783
-1.68086
-3.03603
-1.62702
-2.19599
-1.13331
0
-1.79969
-2.07973
-2.53833
0.192865
-1.89534
-2.40776
-4.40879
-1.13986
-2.53878
-0.90158
-2.4695
-2.51801
0.491495
-3.84364
-1.16113
-0.669512
-2.26046
-1.72277
-3.05772
-2.00485
-2.28968
-1.47612
-3.0361
-1.37567
-3.31279
-2.68818
-1.79969
0
-1.33592
-2.40295
-3.34592
-2.09743
-1.64076
-3.0976
-0.55981
-3.12503
-2.76771
-2.87327
-1.64328
0.660663
-1.99025
-2.9461
-1.13353
-1.07564
-0.883756
-3.30096
-2.99996
-1.68959
-2.80903
-2.33231
-1.55258
-3.13688
-1.3373
-2.07973
-1.33592
0
-2.84763
-1.46515
-0.369667
-2.58415
-0.344277
-3.7201
-1.83738
-1.79806
-1.19936
-1.19378
-2.26536
-0.442612
-3.45204
-3.31193
-0.647666
-1.87737
-3.29698
-2.32173
-1.05986
-2.29641
-0.947018
-1.51387
-2.83741
-0.788003
-2.53833
-2.40295
-2.84763
0
-1.48864
-1.09626
-3.38557
-3.96902
-1.12483
-2.14065
-1.06321
-1.14354
-0.915233
-1.88663
-4.31213
-2.48431
-1.71222
-0.869281
-2.42014
-3.14457
-2.463
-1.55444
-0.267346
-0.344853
-1.79828
-3.12902
-2.05142
0.192865
-3.34592
-1.46515
-1.48864
0
-1.77218
-0.749724
-1.00811
-0.224869
-2.28185
-2.27511
-0.989184
-1.80004
-0.269157
-0.91235
-1.99849
-0.0343926
-1.53733
-2.18774
-2.79803
-1.83453
-1.20147
-0.632353
-3.18683
-2.39727
-1.2122
-2.32643
-1.89534
-2.09743
-0.369667
-1.09626
-1.77218
0
-2.07246
-2.92175
-1.43136
-2.48469
-2.96448
-3.67122
-3.54706
-2.27493
-3.09123
-2.74274
-1.39621
-1.90754
-2.6137
0.0534923
-2.39082
-3.93892
-3.08444
-3.34137
-3.04313
-3.15302
-1.43949
-2.40776
-1.64076
-2.58415
-3.38557
-0.749724
-2.07246
0
-1.15878
-2.86248
-1.43106
-0.912792
-0.998508
-3.35195
-3.33861
-1.0374
-3.16686
-2.42288
-0.723069
-2.34767
-0.92972
-2.70199
-2.58883
-1.56312
-2.50654
-1.39802
-3.7304
-0.252895
-4.40879
-3.0976
-0.344277
-3.96902
-1.00811
-2.92175
-1.15878
0
-0.597163
-1.4253
-1.99666
-2.82615
-1.13601
0.449285
-2.24932
-0.652538
-1.7065
-1.71765
-2.26426
-1.81723
-0.241066
-1.24772
-2.20805
-1.04285
-3.22504
-3.21348
-2.12889
-1.13986
-0.55981
-3.7201
-1.12483
-0.224869
-1.43136
-2.86248
-0.597163
0
-3.35412
-2.17189
-3.81757
-2.64741
-2.73225
-2.61308
-3.47786
-2.37168
-1.43098
-2.14552
-0.938867
-3.31947
-2.87366
-1.6213
-1.76375
-2.16239
-0.816157
-2.39779
-2.53878
-3.12503
-1.83738
-2.14065
-2.28185
-2.48469
-1.43106
-1.4253
-3.35412
0
-1.69559
0.0956433
-1.84888
-1.68547
-1.6459
-1.04569
-4.92649
-2.41654
-1.95676
-1.81722
-3.33976
-4.79842
-2.65256
-0.912763
-1.18555
-1.91703
-3.33182
-0.90158
-2.76771
-1.79806
-1.06321
-2.27511
-2.96448
-0.912792
-1.99666
-2.17189
-1.69559
0
-0.983058
-1.04326
-1.98156
-2.16065
-4.57837
-1.79303
-1.43577
-1.05149
-1.93305
-3.05939
-1.36984
-1.42234
-1.46459
-0.59287
-2.56415
-0.956539
-2.4695
-2.87327
-1.19936
-1.14354
-0.989184
-3.67122
-0.998508
-2.82615
-3.81757
0.0956433
-0.983058
0
-2.16057
-2.16344
-1.79748
-0.897513
-2.60522
-4.33757
-1.63618
-4.51972
-2.76887
-3.91956
-0.984365
-1.65647
-0.392384
-1.02396
-2.06936
-2.51801
-1.64328
-1.19378
-0.915233
-1.80004
-3.54706
-3.35195
-1.13601
-2.64741
-1.84888
-1.04326
-2.16057
0
-1.82501
-2.6392
-1.25498
-1.85266
-2.05873
-2.58722
-2.0854
-0.317332
-1.40564
-1.84083
-0.665139
-0.993322
-1.21757
-1.65779
0.491495
0.660663
-2.26536
-1.88663
-0.269157
-2.27493
-3.33861
0.449285
-2.73225
-1.68547
-1.98156
-2.16344
-1.82501
0
-2.81548
-1.14839
-2.61961
-1.95246
-0.337598
-1.37445
-0.601469
-2.95379
-3.59224
-2.01959
-2.89994
-1.44077
-3.78814
-3.84364
-1.99025
-0.442612
-4.31213
-0.91235
-3.09123
-1.0374
-2.24932
-2.61308
-1.6459
-2.16065
-1.79748
-2.6392
-2.81548
0
