0
-1.13147
-3.28752
0.182233
-4.48699
-0.792996
-3.20201
-1.4899
-2.12862
-2.85011
-0.367414
-0.839466
-2.56106
-2.15887
-2.42301
-0.954116
-2.18266
-1.94581
-1.56184
-1.6278
-1.72629
-3.3809
-1.76743
-0.531795
-0.191806
-0.974419
-1.95735
-1.13147
0
-2.17142
-2.67675
-0.251911
-2.56139
-2.52761
-3.07511
-2.03078
-3.34323
-2.47208
-1.49445
-1.29957
-2.68446
-1.00142
-0.785949
-1.8438
-2.54389
-1.02618
-2.49635
-1.86748
-1.11656
-2.76021
-0.61294
-2.20244
-3.54191
-1.90846
-3.28752
-2.17142
0
-2.56243
-2.46798
-1.50641
-1.10197
-2.62596
-2.27277
-1.63849
-3.34068
-3.11953
-0.581906
-3.06858
-3.01912
-1.76193
-1.02789
-3.60316
-2.34005
-3.05557
-1.58413
-2.94582
-1.77969
-1.52901
-1.31556
-0.76338
-2.31701
0.182233
-2.67675
-2.56243
0
-0.405835
-0.939169
-2.35109
-0.410254
-1.36024
-2.56813
-2.06259
-2.23436
-0.899321
-2.50074
-1.10622
-0.417965
-2.60678
-1.01179
-2.30701
-0.444147
-2.83754
-0.270758
-0.245759
-1.6847
-0.95109
0.17556
0.233981
-4.48699
-0.251911
-2.46798
-0.405835
0
-3.0395
-1.37399
-2.0267
0.777815
-1.37366
-1.94598
-1.18417
-1.31109
-1.97777
-2.24852
-2.07704
-1.75224
-2.71266
-2.37219
-2.26033
-0.645864
-0.793661
-1.21267
-3.47319
-1.64438
-1.86431
-2.24657
-0.792996
-2.56139
-1.50641
-0.939169
-3.0395
0
-1.87482
-3.7758
-2.3662
-3.17378
-1.41743
-1.69338
-1.14223
-1.01545
-0.734853
-1.96459
-0.823904
-2.14869
-3.22314
-2.38042
-1.55114
0.524437
-1.92233
-3.59976
-2.26802
-1.07414
-2.19736
-3.20201
-2.52761
-1.10197
-2.35109
-1.37399
-1.87482
0
-3.37913
-3.06373
-2.10555
-2.16903
-0.869045
-3.11292
-2.17631
-2.48846
-2.93752
-2.63999
-1.67703
-3.41884
-3.3021
-2.08846
-1.77968
-0.617489
-2.20236
-0.0960975
1.27884
-1.10388
-1.4899
-3.07511
-2.62596
-0.410254
-2.0267
-3.7758
-3.37913
0
-1.28512
-2.33353
-1.6011
-1.00426
-4.44292
-3.90211
-1.10122
-2.35311
-2.3992
-2.66647
-0.223556
-2.18921
-2.90341
-1.41243
-2.57052
-2.25515
-2.31749
0.233155
-1.26384
-2.12862
-2.03078
-2.27277
-1.36024
0.777815
-2.3662
-3.06373
-1.28512
0
-4.20492
-2.98424
-3.26716
-1.1674
-1.65872
-2.52333
-2.06188
-1.47201
-2.50771
-1.77162
-0.814598
-0.977459
-1.88819
-3.93708
-2.3009
-1.00303
-2.16538
-1.92787
-2.85011
-3.34323
-1.63849
-2.56813
-1.37366
-3.17378
-2.10555
-2.33353
-4.20492
0
-2.08729
-1.44347
-1.40634
-4.20211
-1.20694
-1.29634
-0.947471
-1.74187
-1.53472
-1.94588
-0.584369
-1.47434
-2.08461
-1.9727
-3.45218
-2.76569
-0.767459
-0.367414
-2.47208
-3.34068
-2.06259
-1.94598
-1.41743
-2.16903
-1.6011
-2.98424
-2.08729
0
-0.897944
-2.72399
-2.42375
-2.02396
-3.47065
-2.01488
-2.535
-1.30853
-1.38335
-0.717502
-2.74394
-1.25902
-3.64899
-3.06658
-1.80414
-3.66345
-0.839466
-1.49445
-3.11953
-2.23436
-1.18417
-1.69338
-0.869045
-1.00426
-3.26716
-1.44347
-0.897944
0
-0.525528
-3.21345
-1.12507
-3.40249
-1.58186
-2.53575
-3.19994
-0.77961
-1.4248
-3.93936
-2.34661
-1.17864
-1.21296
-3.25534
-2.57413
-2.56106
-1.29957
-0.581906
-0.899321
-1.31109
-1.14223
-3.11292
-4.44292
-1.1674
-1.40634
-2.72399
-0.525528
0
-2.72837
-1.04805
-2.28388
-2.15292
-2.63861
-1.50419
-0.290249
-1.71055
-1.49643
-3.19335
-1.57911
-2.37744
-2.25264
-2.27227
-2.15887
-2.68446
-3.06858
-2.50074
-1.97777
-1.01545
-2.17631
-3.90211
-1.65872
-4.20211
-2.42375
-3.21345
-2.72837
0
-2.36139
-2.07992
-1.44915
-1.92278
-1.86403
-1.8541
-1.97027
-2.76172
-3.21232
-1.85901
-3.83541
-2.2255
-1.50742
-2.42301
-1.00142
-3.01912
-1.10622
-2.24852
-0.734853
-2.48846
-1.10122
-2.52333
-1.20694
-2.02396
-1.12507
-1.04805
-2.36139
0
-3.12532
-0.571949
-1.57319
-2.36591
-1.41335
-2.70319
-2.14293
-2.46095
-5.4874
-2.2433
-1.6626
-1.31402
-0.954116
-0.785949
-1.76193
-0.417965
-2.07704
-1.96459
-2.93752
-2.35311
-2.06188
-1.29634
-3.47065
-3.40249
-2.28388
-2.07992
-3.12532
0
-1.95612
-0.32635
-1.19759
-2.8079
-3.27724
-1.76016
-2.55575
-2.12949
-4.1487
-3.00936
-2.46814
-2.18266
-1.8438
-1.02789
-2.60678
-1.75224
-0.823904
-2.63999
-2.3992
-1.47201
-0.947471
-2.01488
-1.58186
-2.15292
-1.44915
-0.571949
-1.95612
0
-1.89527
-0.646528
-2.6904
-0.37799
1.05318
-2.46811
-1.01932
-2.68088
-1.14153
-0.0073965
-1.94581
-2.54389
-3.60316
-1.01179
-2.71266
-2.14869
-1.67703
-2.66647
-2.50771
-1.74187
-2.535
-2.53575
-2.63861
-1.92278
-1.57319
-0.32635
-1.89527
0
-1.84209
0.133676
-3.39811
-2.60306
-1.96371
-0.817156
-4.23663
-2.70007
-2.45082
-1.56184
-1.02618
-2.34005
-2.30701
-2.37219
-3.22314
-3.41884
-0.223556
-1.77162
-1.53472
-1.30853
-3.19994
-1.50419
-1.86403
-2.36591
-1.19759
-0.646528
-1.84209
0
-1.62766
-1.41182
-0.374016
-2.62814
-1.54626
-2.94026
-2.79813
-1.34127
-1.6278
-2.49635
-3.05557
-0.444147
-2.26033
-2.38042
-3.3021
-2.18921
-0.814598
-1.94588
-1.38335
-0.77961
-0.290249
-1.8541
-1.41335
-2.8079
-2.6904
0.133676
-1.62766
0
-0.206872
-1.9695
-1.88005
-1.86504
-1.88483
-1.69763
-2.1334
-1.72629
-1.86748
-1.58413
-2.83754
-0.645864
-1.55114
-2.08846
-2.90341
-0.977459
-0.584369
-0.717502
-1.4248
-1.71055
-1.97027
-2.70319
-3.27724
-0.37799
-3.39811
-1.41182
-0.206872
0
-1.58812
-0.0305935
-1.86518
-2.61305
-0.389837
-3.75219
-3.3809
-1.11656
-2.94582
-0.270758
-0.793661
0.524437
-1.77968
-1.41243
-1.88819
-1.47434
-2.74394
-3.93936
-1.49643
-2.76172
-2.14293
-1.76016
1.05318
-2.60306
-0.374016
-1.9695
-1.58812
0
-2.09443
-1.73845
-3.19406
-1.82537
-0.725807
-1.76743
-2.76021
-1.77969
-0.245759
-1.21267
-1.92233
-0.617489
-2.57052
-3.93708
-2.08461
-1.25902
-2.34661
-3.19335
-3.21232
-2.46095
-2.55575
-2.46811
-1.96371
-2.62814
-1.88005
-0.0305935
-2.09443
0
-2.20722
0.742153
-1.81657
-1.90847
-0.531795
-0.61294
-1.52901
-1.6847
-3.47319
-3.59976
-2.20236
-2.25515
-2.3009
-1.9727
-3.64899
-1.17864
-1.57911
-1.85901
-5.4874
-2.12949
-1.01932
-0.817156
-1.54626
-1.86504
-1.86518
-1.73845
-2.20722
0
-2.57928
-2.85774
-2.14744
-0.191806
-2.20244
-1.31556
-0.95109
-1.64438
-2.26802
-0.0960975
-2.31749
-1.00303
-3.45218
-3.06658
-1.21296
-2.37744
-3.83541
-2.2433
-4.1487
-2.68088
-4.23663
-2.94026
-1.88483
-2.61305
-3.19406
0.742153
-2.57928
0
-2.47426
-4.56235
-0.974419
-3.54191
-0.76338
0.17556
-1.86431
-1.07414
1.27884
0.233155
-2.16538
-2.76569
-1.80414
-3.25534
-2.25264
-2.2255
-1.6626
-3.00936
-1.14153
-2.70007
-2.79813
-1.69763
-0.389837
-1.82537
-1.81657
-2.85774
-2.47426
0
2.11143
-1.95735
-1.90846
-2.31701
0.233981
-2.24657
-2.19736
-1.10388
-1.26384
-1.92787
-0.767459
-3.66345
-2.57413
-2.27227
-1.50742
-1.31402
-2.46814
-0.0073965
-2.45082
-1.34127
-2.1334
-3.75219
-0.725807
-1.90847
-2.14744
-4.56235
2.11143
0
