0
-3.26481
-2.00413
-2.94833
-1.87007
-2.49219
-3.03031
-2.00057
-1.59886
-1.92166
-1.55283
0.161856
-2.67596
-1.41658
-3.29107
-1.97892
-1.16688
-2.38428
-2.38049
0.288814
-1.81285
-2.96655
-3.00544
-1.81852
-1.45166
-2.43923
-2.37525
-3.26481
0
-2.70361
0.0509206
-0.928493
-2.14399
-2.45741
-3.7891
-2.74525
-0.769629
-1.5728
-1.47505
-0.680316
-2.88301
-0.946757
-2.51285
-1.40565
-2.15149
-1.87394
-2.14404
-3.16186
-2.1851
-3.79934
-0.84295
-0.356981
-1.4982
-1.60746
-2.00413
-2.70361
0
-3.72566
-2.36709
-2.60647
-4.28647
-0.648349
-4.60935
-1.00084
-2.10037
-1.16565
-3.27779
-1.58827
-2.18327
-1.84874
-2.34278
-2.64568
-2.73346
-0.992716
-1.73502
-0.547678
-4.55717
-1.16982
-2.015
-2.87871
-2.81313
-2.94833
0.0509206
-3.72566
0
-2.69161
0.237122
-3.52716
0.657502
-3.69252
-3.66213
-2.35194
-1.74736
-1.84037
-1.4071
-0.313524
-1.66057
-0.258977
-3.21003
-1.60675
-1.39211
-2.87399
-2.94423
-2.59737
-3.21823
-1.6957
-2.8401
-1.73271
-1.87007
-0.928493
-2.36709
-2.69161
0
-2.7856
-2.29683
-2.43611
-1.37385
-1.5591
-1.55375
-1.48151
-0.491772
-3.07039
-3.06969
-2.26234
-4.00483
-2.53385
-2.13538
-3.38998
-2.44477
-1.02956
-1.6604
-2.98887
-2.44263
-2.13325
-0.84303
-2.49219
-2.14399
-2.60647
0.237122
-2.7856
0
-1.85186
-2.7217
-2.27244
-3.26221
-3.43219
-1.16007
-1.42888
-3.1251
-3.50202
-1.58273
-2.43778
-1.08538
-1.7017
-2.05611
-4.15392
-3.7064
-0.481835
-1.32955
-2.20151
-1.94491
-2.12478
-3.03031
-2.45741
-4.28647
-3.52716
-2.29683
-1.85186
0
-0.528551
-2.03072
-2.57662
-3.97247
-1.59851
-0.123567
-2.28281
-2.95802
-1.25613
-0.662329
-0.804429
-3.51792
-1.30953
-1.49673
-2.77634
-1.90318
-2.15245
-1.42265
-0.992897
-1.29786
-2.00057
-3.7891
-0.648349
0.657502
-2.43611
-2.7217
-0.528551
0
-1.33619
-1.8957
-1.09686
-3.26631
-3.20148
-3.48672
-4.16922
-2.88836
-3.5196
-1.62463
-2.1264
-2.34091
-2.33285
-1.65806
-0.751106
-0.64273
-1.93161
-2.04913
-1.92558
-1.59886
-2.74525
-4.60935
-3.69252
-1.37385
-2.27244
-2.03072
-1.33619
0
-0.983044
-1.13117
-1.47269
-2.50241
-2.55972
-1.48906
-3.69285
-1.07691
-2.43023
-3.34024
-3.69259
-1.59017
-0.748675
-3.52408
-2.55138
-0.222867
-1.31347
-1.18014
-1.92166
-0.769629
-1.00084
-3.66213
-1.5591
-3.26221
-2.57662
-1.8957
-0.983044
0
-3.5154
-2.76002
-0.471476
-3.26052
-0.269284
-2.72939
-3.10078
-2.98604
-2.03238
-0.79035
-1.15401
-2.40035
-3.12077
-1.94414
-3.39156
0.136762
0.532335
-1.55283
-1.5728
-2.10037
-2.35194
-1.55375
-3.43219
-3.97247
-1.09686
-1.13117
-3.5154
0
-1.22528
-1.93216
-2.51808
-3.31742
-2.16868
-2.25693
-0.909351
0.600508
-1.18394
-1.01369
-0.120124
-2.75702
-1.40775
-0.916601
-2.4114
-1.73632
0.161856
-1.47505
-1.16565
-1.74736
-1.48151
-1.16007
-1.59851
-3.26631
-1.47269
-2.76002
-1.22528
0
-1.63926
-2.15116
-2.69969
-3.32017
-2.09571
-2.91117
-2.52778
0.464742
-0.73987
-1.95674
-1.77554
-0.00374965
-1.31512
-1.03594
-2.10068
-2.67596
-0.680316
-3.27779
-1.84037
-0.491772
-1.42888
-0.123567
-3.20148
-2.50241
-0.471476
-1.93216
-1.63926
0
-1.66674
-2.34166
-2.53247
-1.31899
-3.1443
-1.59552
-2.27977
-1.09307
-1.91039
-1.57669
-2.70231
-3.37703
-2.46922
-2.31467
-1.41658
-2.88301
-1.58827
-1.4071
-3.07039
-3.1251
-2.28281
-3.48672
-2.55972
-3.26052
-2.51808
-2.15116
-1.66674
0
-1.40532
-1.99688
-0.591214
-1.86899
-3.23911
-1.30566
-0.044624
-1.52254
-2.5722
-1.41919
-2.4134
-0.720408
-1.27185
-3.29107
-0.946757
-2.18327
-0.313524
-3.06969
-3.50202
-2.95802
-4.16922
-1.48906
-0.269284
-3.31742
-2.69969
-2.34166
-1.40532
0
-2.25213
-1.6321
-1.67709
-3.23928
-1.47862
-1.93094
-2.76154
-1.53283
-2.43406
-1.64197
-3.07164
-0.918989
-1.97892
-2.51285
-1.84874
-1.66057
-2.26234
-1.58273
-1.25613
-2.88836
-3.69285
-2.72939
-2.16868
-3.32017
-2.53247
-1.99688
-2.25213
0
-2.14085
-3.29308
-1.57727
-1.32637
-1.30023
-1.03356
-0.886279
-2.16367
-2.00835
-2.80938
-2.5787
-1.16688
-1.40565
-2.34278
-0.258977
-4.00483
-2.43778
-0.662329
-3.5196
-1.07691
-3.10078
-2.25693
-2.09571
-1.31899
-0.591214
-1.6321
-2.14085
0
-1.68856
-1.27121
-0.493987
-2.09907
-2.10565
-2.97627
-2.34514
-2.90226
-0.764435
-5.32992
-2.38428
-2.15149
-2.64568
-3.21003
-2.53385
-1.08538
-0.804429
-1.62463
-2.43023
-2.98604
-0.909351
-2.91117
-3.1443
-1.86899
-1.67709
-3.29308
-1.68856
0
-0.816383
-2.60477
-2.68946
-1.96777
-3.1858
-3.27561
-0.880177
-2.89046
-2.32482
-2.38049
-1.87394
-2.73346
-1.60675
-2.13538
-1.7017
-3.51792
-2.1264
-3.34024
-2.03238
0.600508
-2.52778
-1.59552
-3.23911
-3.23928
-1.57727
-1.27121
-0.816383
0
-2.28093
-1.64196
-1.16341
-1.60054
-1.00272
-1.0209
-0.235184
-2.00933
0.288814
-2.14404
-0.992716
-1.39211
-3.38998
-2.05611
-1.30953
-2.34091
-3.69259
-0.79035
-1.18394
0.464742
-2.27977
-1.30566
-1.47862
-1.32637
-0.493987
-2.60477
-2.28093
0
-2.83617
-0.899495
-2.75304
-2.23466
-3.29056
-2.31636
-2.55087
-1.81285
-3.16186
-1.73502
-2.87399
-2.44477
-4.15392
-1.49673
-2.33285
-1.59017
-1.15401
-1.01369
-0.73987
-1.09307
-0.044624
-1.93094
-1.30023
-2.09907
-2.68946
-1.64196
-2.83617
0
-3.20078
-0.109843
-2.75382
-1.09338
-1.68761
-0.141281
-2.96655
-2.1851
-0.547678
-2.94423
-1.02956
-3.7064
-2.77634
-1.65806
-0.748675
-2.40035
-0.120124
-1.95674
-1.91039
-1.52254
-2.76154
-1.03356
-2.10565
-1.96777
-1.16341
-0.899495
-3.20078
0
-3.53145
-1.72569
-2.22677
-1.12014
-1.41624
-3.00544
-3.79934
-4.55717
-2.59737
-1.6604
-0.481835
-1.90318
-0.751106
-3.52408
-3.12077
-2.75702
-1.77554
-1.57669
-2.5722
-1.53283
-0.886279
-2.97627
-3.1858
-1.60054
-2.75304
-0.109843
-3.53145
0
-2.28051
-0.67609
-1.99219
-1.17597
-1.81852
-0.84295
-1.16982
-3.21823
-2.98887
-1.32955
-2.15245
-0.64273
-2.55138
-1.94414
-1.40775
-0.00374965
-2.70231
-1.41919
-2.43406
-2.16367
-2.34514
-3.27561
-1.00272
-2.23466
-2.75382
-1.72569
-2.28051
0
-2.22957
-2.18082
-2.09673
-1.45166
-0.356981
-2.015
-1.6957
-2.44263
-2.20151
-1.42265
-1.93161
-0.222867
-3.39156
-0.916601
-1.31512
-3.37703
-2.4134
-1.64197
-2.00835
-2.90226
-0.880177
-1.0209
-3.29056
-1.09338
-2.22677
-0.67609
-2.22957
0
-1.83867
-1.18564
-2.43923
-1.4982
-2.87871
-2.8401
-2.13325
-1.94491
-0.992897
-2.04913
-1.31347
0.136762
-2.4114
-1.03594
-2.46922
-0.720408
-3.07164
-2.80938
-0.764435
-2.89046
-0.235184
-2.31636
-1.68761
-1.12014
-1.99219
-2.18082
-1.83867
0
-1.29672
-2.37525
-1.60746
-2.81313
-1.73271
-0.84303
-2.12478
-1.29786
-1.92558
-1.18014
0.532335
-1.73632
-2.10068
-2.31467
-1.27185
-0.918989
-2.5787
-5.32992
-2.32482
-2.00933
-2.55087
-0.141281
-1.41624
-1.17597
-2.09673
-1.18564
-1.29672
0
