0
-0.848815
-2.82022
-2.05631
-3.78303
-1.33421
-3.04225
-1.6886
-3.86258
-3.0111
-2.21319
-1.94993
-2.16518
-2.18385
-2.77037
-1.57305
-4.20529
-2.09669
-1.22949
-1.81103
-2.23675
0.101765
-2.7931
-0.538887
-2.97251
-3.37202
-1.69823
-0.848815
0
-0.634623
-2.70722
-0.866456
-1.28784
-1.75859
-3.03562
-0.259257
-3.87912
-3.66574
-1.13859
-2.47639
-2.65236
-2.31187
-0.478817
0.451575
-2.37763
-1.10441
-1.25613
-4.06422
-1.38229
-1.3477
-1.93031
-3.24009
-1.83638
-2.12635
-2.82022
-0.634623
0
-3.39574
-2.83307
-0.374242
-3.98021
-2.26423
-1.37974
-1.28116
-2.58595
-2.59909
-2.69038
-0.682983
0.313702
-2.01259
-0.63668
-1.76704
-0.504388
-1.99567
-1.79317
-1.00162
0.250174
-0.604076
-2.92446
-0.524959
-0.758386
-2.05631
-2.70722
-3.39574
0
-1.37873
-0.704258
-1.95341
-1.84337
-1.85155
-0.869289
-0.982817
-2.23055
-2.17449
-3.90043
-2.89825
-1.06204
-1.96429
-0.263294
-0.312633
-3.07025
-3.03007
-3.08337
-2.8858
-1.54263
-1.67669
-1.83671
-2.66418
-3.78303
-0.866456
-2.83307
-1.37873
0
-2.21658
-2.13005
-3.50558
-1.77057
-2.21264
-2.95229
-0.344226
-2.66396
-0.585271
-3.50311
-4.38369
-1.49787
-5.29279
-1.85672
-1.64836
-2.62375
-1.51409
-3.74583
-2.94586
-2.85768
-1.12579
-1.97523
-1.33421
-1.28784
-0.374242
-0.704258
-2.21658
0
-2.27977
-0.878181
-1.99773
-2.74081
-0.272922
-0.201854
-1.92361
-3.29125
-2.19591
-2.29088
-3.02414
-2.82277
-1.0276
-0.894056
-0.720117
-4.15839
-2.69349
-1.36544
-1.9287
-1.53604
-2.45522
-3.04225
-1.75859
-3.98021
-1.95341
-2.13005
-2.27977
0
-0.241488
-2.93822
-4.08111
-2.48678
-1.5109
-3.13217
-1.46537
-3.65077
-0.899163
-1.97168
-3.57812
-0.935111
-1.27538
-2.62045
-2.85698
-2.39006
-3.58786
-2.19086
-1.98131
-0.963525
-1.6886
-3.03562
-2.26423
-1.84337
-3.50558
-0.878181
-0.241488
0
-1.83615
-2.53
-2.29586
-1.91416
-1.13243
-1.0862
-1.84841
-3.44593
-2.44374
-0.486858
-2.86878
-3.0407
-2.00411
-3.11321
-2.54909
-0.232103
-3.22093
-2.0043
-3.48612
-3.86258
-0.259257
-1.37974
-1.85155
-1.77057
-1.99773
-2.93822
-1.83615
0
-2.28778
-1.85845
-1.42101
-2.27362
-0.970127
-1.9498
-1.50128
-3.52735
-2.2284
-2.71818
-2.36085
-2.34961
-1.57716
-1.34207
-1.12672
-1.87184
-1.03065
-1.65093
-3.0111
-3.87912
-1.28116
-0.869289
-2.21264
-2.74081
-4.08111
-2.53
-2.28778
0
-3.1043
-2.1032
-2.80416
-2.44532
-0.145054
-1.1906
-1.77563
-4.58592
-3.11076
-1.92026
-2.72358
0.591432
-0.790082
-2.21852
-2.98296
-2.89729
-1.21371
-2.21319
-3.66574
-2.58595
-0.982817
-2.95229
-0.272922
-2.48678
-2.29586
-1.85845
-3.1043
0
-1.82717
-1.77554
-1.71117
-1.85828
-1.65064
-1.78105
-0.908748
-1.64618
-0.862004
-2.21514
-0.178312
-2.52404
-1.29289
-0.131445
-0.439528
-3.13763
-1.94993
-1.13859
-2.59909
-2.23055
-0.344226
-0.201854
-1.5109
-1.91416
-1.42101
-2.1032
-1.82717
0
-3.5121
-1.42337
-1.18973
-1.32507
-1.41217
-1.55601
-1.37602
-2.2593
-0.46019
-3.52249
-1.72135
-1.95047
0.121953
-3.45488
-2.40267
-2.16518
-2.47639
-2.69038
-2.17449
-2.66396
-1.92361
-3.13217
-1.13243
-2.27362
-2.80416
-1.77554
-3.5121
0
-1.7623
-0.453382
-2.6088
-1.21417
-2.34396
-1.8634
-0.498661
-0.899678
-1.67292
-0.808839
-1.5009
-1.562
-0.788623
-2.26601
-2.18385
-2.65236
-0.682983
-3.90043
-0.585271
-3.29125
-1.46537
-1.0862
-0.970127
-2.44532
-1.71117
-1.42337
-1.7623
0
-3.49784
-4.27674
-2.21222
-3.20896
-2.71366
-0.459527
-2.98797
-2.92151
-1.79567
-1.01223
-0.10004
-2.17714
-1.67926
-2.77037
-2.31187
0.313702
-2.89825
-3.50311
-2.19591
-3.65077
-1.84841
-1.9498
-0.145054
-1.85828
-1.18973
-0.453382
-3.49784
0
-0.927541
-2.43876
-1.32747
-1.07814
-1.77762
-0.0972715
-1.92615
-0.769356
-3.0845
-2.74837
-2.97232
-0.588926
-1.57305
-0.478817
-2.01259
-1.06204
-4.38369
-2.29088
-0.899163
-3.44593
-1.50128
-1.1906
-1.65064
-1.32507
-2.6088
-4.27674
-0.927541
0
-0.894971
-3.76955
-1.80599
-2.97998
-0.515618
-0.561678
-0.90518
-2.05985
-1.94541
-0.80862
-2.01118
-4.20529
0.451575
-0.63668
-1.96429
-1.49787
-3.02414
-1.97168
-2.44374
-3.52735
-1.77563
-1.78105
-1.41217
-1.21417
-2.21222
-2.43876
-0.894971
0
-1.29098
0.552503
-1.25338
-1.95165
-1.96498
-2.07657
-2.95144
-2.63013
-2.54064
-2.41883
-2.09669
-2.37763
-1.76704
-0.263294
-5.29279
-2.82277
-3.57812
-0.486858
-2.2284
-4.58592
-0.908748
-1.55601
-2.34396
-3.20896
-1.32747
-3.76955
-1.29098
0
-0.897886
-3.36653
-0.270174
-3.24021
-2.51221
-1.08708
0.183201
-2.54086
-2.63859
-1.22949
-1.10441
-0.504388
-0.312633
-1.85672
-1.0276
-0.935111
-2.86878
-2.71818
-3.11076
-1.64618
-1.37602
-1.8634
-2.71366
-1.07814
-1.80599
0.552503
-0.897886
0
-2.2395
-1.38795
-1.53676
-1.56881
-1.37131
-0.695299
-1.1495
-0.985009
-1.81103
-1.25613
-1.99567
-3.07025
-1.64836
-0.894056
-1.27538
-3.0407
-2.36085
-1.92026
-0.862004
-2.2593
-0.498661
-0.459527
-1.77762
-2.97998
-1.25338
-3.36653
-2.2395
0
-4.4927
-2.06708
-3.71549
-2.18162
-1.5474
-3.02646
-1.75298
-2.23675
-4.06422
-1.79317
-3.03007
-2.62375
-0.720117
-2.62045
-2.00411
-2.34961
-2.72358
-2.21514
-0.46019
-0.899678
-2.98797
-0.0972715
-0.515618
-1.95165
-0.270174
-1.38795
-4.4927
0
-3.80189
-3.03372
-2.49725
-2.51669
-1.1206
-1.5531
0.101765
-1.38229
-1.00162
-3.08337
-1.51409
-4.15839
-2.85698
-3.11321
-1.57716
0.591432
-0.178312
-3.52249
-1.67292
-2.92151
-1.92615
-0.561678
-1.96498
-3.24021
-1.53676
-2.06708
-3.80189
0
-2.77845
-2.43091
-3.60455
-0.0962895
-2.25908
-2.7931
-1.3477
0.250174
-2.8858
-3.74583
-2.69349
-2.39006
-2.54909
-1.34207
-0.790082
-2.52404
-1.72135
-0.808839
-1.79567
-0.769356
-0.90518
-2.07657
-2.51221
-1.56881
-3.71549
-3.03372
-2.77845
0
-2.29035
-1.49025
-0.948677
-4.40261
-0.538887
-1.93031
-0.604076
-1.54263
-2.94586
-1.36544
-3.58786
-0.232103
-1.12672
-2.21852
-1.29289
-1.95047
-1.5009
-1.01223
-3.0845
-2.05985
-2.95144
-1.08708
-1.37131
-2.18162
-2.49725
-2.43091
-2.29035
0
-1.35918
-2.05707
-1.41037
-2.97251
-3.24009
-2.92446
-1.67669
-2.85768
-1.9287
-2.19086
-3.22093
-1.87184
-2.98296
-0.131445
0.121953
-1.562
-0.10004
-2.74837
-1.94541
-2.63013
0.183201
-0.695299
-1.5474
-2.51669
-3.60455
-1.49025
-1.35918
0
-2.89686
-2.95091
-3.37202
-1.83638
-0.524959
-1.83671
-1.12579
-1.53604
-1.98131
-2.0043
-1.03065
-2.89729
-0.439528
-3.45488
-0.788623
-2.17714
-2.97232
-0.80862
-2.54064
-2.54086
-1.1495
-3.02646
-1.1206
-0.0962895
-0.948677
-2.05707
-2.89686
0
-2.58943
-1.69823
-2.12635
-0.758386
-2.66418
-1.97523
-2.45522
-0.963525
-3.48612
-1.65093
-1.21371
-3.13763
-2.40267
-2.26601
-1.67926
-0.588926
-2.01118
-2.41883
-2.63859
-0.985009
-1.75298
-1.5531
-2.25908
-4.40261
-1.41037
-2.95091
-2.58943
0
