0
-2.0699
-1.20397
-2.9899
-3.06156
-1.1746
-1.73211
-3.60635
-0.985227
-0.434209
-0.901629
-0.912455
-2.47682
-1.08592
-0.330197
-1.33354
-1.52132
-1.07536
-2.91161
-2.68229
-1.94797
-1.23291
-0.179027
-0.995105
-1.20094
-2.65112
-0.0844061
-2.0699
0
-3.31446
-1.91662
-2.74567
-2.9155
-1.97561
-3.9491
-1.50705
-2.45292
-1.55606
-2.22618
-0.590869
-2.64715
-1.2178
-0.916582
-0.958275
-0.743609
-1.43657
-1.74065
-3.83225
-3.754
-1.75543
-1.81589
-1.68728
-0.468895
-1.45399
-1.20397
-3.31446
0
-1.1244
-1.16787
-1.93274
-0.358192
-3.37887
-1.94274
-1.18596
-2.19156
-3.03029
-1.61162
-0.709956
-2.05252
-2.88477
-1.63947
-1.61511
-2.58034
-0.898762
-2.64802
-3.13548
-3.40105
-2.28083
-3.3186
-2.45702
-3.91648
-2.9899
-1.91662
-1.1244
0
-0.847281
-3.53664
-1.2971
-1.15918
-0.967899
-2.50943
-4.01184
-1.99032
-2.66316
-2.12448
-0.0974391
-4.44698
-1.63658
-1.62099
-1.87041
-1.77605
-1.94573
-3.94816
-4.27802
-3.17011
-2.35708
-2.96454
-1.90598
-3.06156
-2.74567
-1.16787
-0.847281
0
-0.524945
-2.37251
-2.61905
-2.32856
-1.1294
-1.45257
-0.993803
-2.16617
-2.44935
-0.170272
-2.41447
-0.904028
-1.86623
-3.45671
-3.39254
-2.95404
-0.388343
-2.01494
-1.89886
-3.49815
-2.67251
-4.77741
-1.1746
-2.9155
-1.93274
-3.53664
-0.524945
0
-1.81754
-0.928617
-2.06979
-2.45141
-2.90418
-0.506645
-1.29816
-2.08287
-2.39113
0.436978
-1.54909
-1.46577
0.0119977
-1.10404
-1.76309
-1.78079
-2.13801
-0.955026
-1.8194
-3.52042
-3.86679
-1.73211
-1.97561
-0.358192
-1.2971
-2.37251
-1.81754
0
-3.73472
-3.3203
-1.53085
-2.65123
-0.890115
0.123822
-4.08864
-1.514
-0.178922
0.461959
-0.828032
-2.07098
-3.28781
0.291701
-2.01862
-2.13723
-2.14332
-2.1032
-2.82498
-0.272492
-3.60635
-3.9491
-3.37887
-1.15918
-2.61905
-0.928617
-3.73472
0
-2.06941
-1.54482
-2.29705
-2.6259
-2.73474
-2.09069
-2.46964
-2.19368
-1.79391
-2.52448
0.305085
-1.3692
-3.66937
-1.86513
-3.1244
-3.36157
-2.49136
-0.736488
0.0976343
-0.985227
-1.50705
-1.94274
-0.967899
-2.32856
-2.06979
-3.3203
-2.06941
0
-0.836637
-3.85186
-2.04483
-2.14976
-0.341015
-2.64499
-2.56666
-2.19198
-1.1519
-1.79668
-1.38942
-2.19642
-1.3471
-3.13565
-2.87668
-0.464942
-3.46657
-2.05419
-0.434209
-2.45292
-1.18596
-2.50943
-1.1294
-2.45141
-1.53085
-1.54482
-0.836637
0
-1.81517
-4.25434
-3.06904
-2.7712
0.457864
-3.04869
-2.88564
-2.04417
-0.824265
-2.52122
-2.76154
-1.24115
-0.75419
-2.21466
-1.25673
-2.27717
-3.71858
-0.901629
-1.55606
-2.19156
-4.01184
-1.45257
-2.90418
-2.65123
-2.29705
-3.85186
-1.81517
0
-2.01278
-1.48018
-2.50317
-2.39005
-0.398964
-3.37229
-1.53458
-0.504885
-2.58333
-2.99624
-1.54375
-1.29129
-2.96805
-1.23402
-2.49402
-0.292264
-0.912455
-2.22618
-3.03029
-1.99032
-0.993803
-0.506645
-0.890115
-2.6259
-2.04483
-4.25434
-2.01278
0
-1.14021
-2.47512
-0.521739
-2.42943
-1.76957
-1.64984
-1.27996
-1.90195
-2.10359
-2.15669
-2.84399
-1.26066
0.18082
-0.590313
-3.01228
-2.47682
-0.590869
-1.61162
-2.66316
-2.16617
-1.29816
0.123822
-2.73474
-2.14976
-3.06904
-1.48018
-1.14021
0
-0.891125
-2.02187
-2.08387
-1.52517
-2.05889
-3.20554
-1.99868
-3.75037
-1.66725
-2.07435
-1.67206
-0.906917
-2.92617
-0.787045
-1.08592
-2.64715
-0.709956
-2.12448
-2.44935
-2.08287
-4.08864
-2.09069
-0.341015
-2.7712
-2.50317
-2.47512
-0.891125
0
-0.946527
-3.89441
-2.90651
-2.03244
-1.64065
-1.75233
-2.10572
-2.78574
-3.1123
-2.39608
-0.80378
-1.45025
-2.10965
-0.330197
-1.2178
-2.05252
-0.0974391
-0.170272
-2.39113
-1.514
-2.46964
-2.64499
0.457864
-2.39005
-0.521739
-2.02187
-0.946527
0
-2.81745
-1.04735
-1.18641
-3.06836
-0.928608
-1.35708
-1.52692
-0.230678
-1.97995
-1.36014
-2.6192
-0.0761181
-1.33354
-0.916582
-2.88477
-4.44698
-2.41447
0.436978
-0.178922
-2.19368
-2.56666
-3.04869
-0.398964
-2.42943
-2.08387
-3.89441
-2.81745
0
0.25779
-2.30044
-0.616062
-1.58942
-1.23937
-0.628693
-3.19967
-1.60618
-3.65533
-0.331889
-3.49504
-1.52132
-0.958275
-1.63947
-1.63658
-0.904028
-1.54909
0.461959
-1.79391
-2.19198
-2.88564
-3.37229
-1.76957
-1.52517
-2.90651
-1.04735
0.25779
0
-1.59962
-2.1909
-0.340326
-1.34576
-2.60752
-2.72401
-2.82362
0.363787
-2.31647
-1.28868
-1.07536
-0.743609
-1.61511
-1.62099
-1.86623
-1.46577
-0.828032
-2.52448
-1.1519
-2.04417
-1.53458
-1.64984
-2.05889
-2.03244
-1.18641
-2.30044
-1.59962
0
-3.47115
-2.59494
-0.942033
0.505238
-1.55754
-2.55735
-2.44296
-3.50316
-2.78238
-2.91161
-1.43657
-2.58034
-1.87041
-3.45671
0.0119977
-2.07098
0.305085
-1.79668
-0.824265
-0.504885
-1.27996
-3.20554
-1.64065
-3.06836
-0.616062
-2.1909
-3.47115
0
-1.95393
-0.85413
0.856245
-2.229
-0.217162
-1.77827
-2.78942
-2.65703
-2.68229
-1.74065
-0.898762
-1.77605
-3.39254
-1.10404
-3.28781
-1.3692
-1.38942
-2.52122
-2.58333
-1.90195
-1.99868
-1.75233
-0.928608
-1.58942
-0.340326
-2.59494
-1.95393
0
-1.92705
-1.77249
-1.53179
-3.72846
-1.9581
-0.639896
-0.916313
-1.94797
-3.83225
-2.64802
-1.94573
-2.95404
-1.76309
0.291701
-3.66937
-2.19642
-2.76154
-2.99624
-2.10359
-3.75037
-2.10572
-1.35708
-1.23937
-1.34576
-0.942033
-0.85413
-1.92705
0
-1.86564
-2.70265
-1.16533
-3.22017
-1.18199
-1.09705
-1.23291
-3.754
-3.13548
-3.94816
-0.388343
-1.78079
-2.01862
-1.86513
-1.3471
-1.24115
-1.54375
-2.15669
-1.66725
-2.78574
-1.52692
-0.628693
-2.60752
0.505238
0.856245
-1.77249
-1.86564
0
-3.84801
-2.58419
-2.87416
-2.01391
-2.20099
-0.179027
-1.75543
-3.40105
-4.27802
-2.01494
-2.13801
-2.13723
-3.1244
-3.13565
-0.75419
-1.29129
-2.84399
-2.07435
-3.1123
-0.230678
-3.19967
-2.72401
-1.55754
-2.229
-1.53179
-2.70265
-3.84801
0
-1.32505
-2.27772
-2.0347
-2.92063
-0.995105
-1.81589
-2.28083
-3.17011
-1.89886
-0.955026
-2.14332
-3.36157
-2.87668
-2.21466
-2.96805
-1.26066
-1.67206
-2.39608
-1.97995
-1.60618
-2.82362
-2.55735
-0.217162
-3.72846
-1.16533
-2.58419
-1.32505
0
-4.01256
-2.26538
-3.24698
-1.20094
-1.68728
-3.3186
-2.35708
-3.49815
-1.8194
-2.1032
-2.49136
-0.464942
-1.25673
-1.23402
0.18082
-0.906917
-0.80378
-1.36014
-3.65533
0.363787
-2.44296
-1.77827
-1.9581
-3.22017
-2.87416
-2.27772
-4.01256
0
-1.77763
-1.62591
-2.65112
-0.468895
-2.45702
-2.96454
-2.67251
-3.52042
-2.82498
-0.736488
-3.46657
-2.27717
-2.49402
-0.590313
-2.92617
-1.45025
-2.6192
-0.331889
-2.31647
-3.50316
-2.78942
-0.639896
-1.18199
-2.01391
-2.0347
-2.26538
-1.77763
0
-2.32624
-0.0844061
-1.45399
-3.91648
-1.90598
-4.77741
-3.86679
-0.272492
0.0976343
-2.05419
-3.71858
-0.292264
-3.01228
-0.787045
-2.10965
-0.0761181
-3.49504
-1.28868
-2.78238
-2.65703
-0.916313
-1.09705
-2.20099
-2.92063
-3.24698
-1.62591
-2.32624
0
