0
-0.704211
-1.75595
-3.80338
-1.20656
-1.21469
-1.50169
-1.97278
-1.64209
-3.13162
-1.89291
0.0440095
-1.83096
-2.14102
-0.704207
-2.21091
-1.27543
-1.38981
-2.88851
-1.45365
-2.01701
-1.99131
-2.31774
-2.19852
-3.498
0.122148
-0.649299
-0.704211
0
-2.15771
-1.80978
-0.996179
-0.992062
-1.82285
-2.14573
-2.72081
-2.35946
-1.64867
-1.57818
-2.32285
-2.49882
-1.96324
-2.30641
-1.4796
-2.93284
-3.50489
-0.195788
-1.8729
-3.0557
-0.979887
-0.221271
-2.65413
-3.05396
-2.57892
-1.75595
-2.15771
0
-2.88022
-3.67202
-3.14435
-2.69606
-3.67858
-3.0057
-0.625399
-3.13988
-2.6551
-2.89895
-3.63526
-2.80608
-2.20154
-4.13698
-1.3693
-2.28031
-1.99925
-0.966061
-1.93005
-3.52779
-2.21956
-2.43954
-4.17124
-4.01998
-3.80338
-1.80978
-2.88022
0
-1.94631
-2.01044
0.816462
-1.77618
-1.26111
-1.99934
-2.02422
-2.39809
-1.27839
-1.83811
-1.93327
-1.30499
-1.1298
-2.65752
-1.77401
-4.11894
-0.938225
-2.13103
-2.0164
-0.693956
-1.84136
-2.80883
-3.12412
-1.20656
-0.996179
-3.67202
-1.94631
0
-1.72205
-0.106815
-0.334316
-3.01784
-2.43051
-1.68928
-1.45319
-2.69983
-1.04726
-2.67314
-0.8388
-2.5294
-1.62104
-1.41031
-2.03766
-3.51514
-3.21546
-2.45962
-1.88817
-2.50961
-2.06387
-0.792393
-1.21469
-0.992062
-3.14435
-2.01044
-1.72205
0
-2.88239
-1.10842
-1.18097
-4.03622
-3.61782
-2.37481
-2.6042
-2.27023
-2.04303
-2.7016
-1.87717
-1.42849
-1.24735
-2.27294
-2.5715
-1.12331
-1.45795
-3.34781
-0.751638
-1.24156
-2.83616
-1.50169
-1.82285
-2.69606
0.816462
-0.106815
-2.88239
0
-4.23676
-1.97665
-0.987327
-1.41258
-2.3939
-2.68129
-0.534828
-2.28145
-4.41495
-2.50684
-3.95148
-0.653907
-2.06103
-1.80628
-0.0856968
-2.13059
-3.05903
-1.64057
-1.65134
-3.87426
-1.97278
-2.14573
-3.67858
-1.77618
-0.334316
-1.10842
-4.23676
0
-3.01996
-1.80977
-1.64872
-2.39689
-3.5817
-1.21768
-1.37568
-2.28311
-1.54862
-3.32299
-0.367177
-2.65128
-2.60986
-2.08009
-2.66472
-1.207
-0.585961
-2.57452
-1.8791
-1.64209
-2.72081
-3.0057
-1.26111
-3.01784
-1.18097
-1.97665
-3.01996
0
-2.96468
-3.22509
-4.34431
-2.34633
-1.51076
-1.49477
-2.3979
-1.88737
-2.46576
-1.15693
-2.24588
-1.438
-1.99655
-2.99528
-2.60253
-1.23309
-3.69217
-3.21433
-3.13162
-2.35946
-0.625399
-1.99934
-2.43051
-4.03622
-0.987327
-1.80977
-2.96468
0
-0.187588
-1.03482
-2.49979
-2.48568
-5.53287
-1.89826
-2.3122
-1.87941
-1.71031
-2.20236
-1.3934
-1.56195
-3.07843
-2.40961
-1.10389
-1.62237
-2.95897
-1.89291
-1.64867
-3.13988
-2.02422
-1.68928
-3.61782
-1.41258
-1.64872
-3.22509
-0.187588
0
-1.48163
-1.60997
-1.02144
-0.429515
-3.07133
-1.25845
-1.91467
-2.86072
-2.39303
-1.40685
-1.13388
-1.29654
-0.429132
-2.87005
-2.61032
0.18479
0.0440095
-1.57818
-2.6551
-2.39809
-1.45319
-2.37481
-2.3939
-2.39689
-4.34431
-1.03482
-1.48163
0
-2.09922
-1.0247
-2.69247
-1.83659
-2.71382
-2.79729
-1.18206
-0.890657
-1.75582
-1.09771
-2.26478
-3.30377
-1.237
-2.94489
-3.18739
-1.83096
-2.32285
-2.89895
-1.27839
-2.69983
-2.6042
-2.68129
-3.5817
-2.34633
-2.49979
-1.60997
-2.09922
0
-2.9724
-0.795521
-2.31763
-3.3251
-3.1163
-1.38143
-3.39872
-1.40945
-2.73018
-0.633146
-3.23689
-0.556416
-2.54667
-0.396304
-2.14102
-2.49882
-3.63526
-1.83811
-1.04726
-2.27023
-0.534828
-1.21768
-1.51076
-2.48568
-1.02144
-1.0247
-2.9724
0
-4.07839
-1.57206
-0.8722
-4.49529
-1.16826
-0.806422
-2.96189
-3.26833
-2.35816
-3.55237
-1.51022
-0.0340394
-1.94685
-0.704207
-1.96324
-2.80608
-1.93327
-2.67314
-2.04303
-2.28145
-1.37568
-1.49477
-5.53287
-0.429515
-2.69247
-0.795521
-4.07839
0
-4.24662
-2.2188
-2.66875
-2.42163
-1.29516
-2.11904
-1.55365
-2.14848
-1.27982
-2.23178
-2.21091
-3.04457
-2.21091
-2.30641
-2.20154
-1.30499
-0.8388
-2.7016
-4.41495
-2.28311
-2.3979
-1.89826
-3.07133
-1.83659
-2.31763
-1.57206
-4.24662
0
-2.83124
-1.94206
-2.01506
-1.75404
-3.58837
-1.52183
-1.83899
-0.728642
-2.29186
-1.00038
-3.17367
-1.27543
-1.4796
-4.13698
-1.1298
-2.5294
-1.87717
-2.50684
-1.54862
-1.88737
-2.3122
-1.25845
-2.71382
-3.3251
-0.8722
-2.2188
-2.83124
0
-1.54887
-2.33463
-0.423325
-1.03122
-1.80884
-2.05324
-2.48256
-1.53295
-1.51937
-3.07695
-1.38981
-2.93284
-1.3693
-2.65752
-1.62104
-1.42849
-3.95148
-3.32299
-2.46576
-1.87941
-1.91467
-2.79729
-3.1163
-4.49529
-2.66875
-1.94206
-1.54887
0
-1.59348
-1.72013
-0.898361
-1.65061
-3.01911
-2.64155
-3.22599
-1.52654
-2.26967
-2.88851
-3.50489
-2.28031
-1.77401
-1.41031
-1.24735
-0.653907
-0.367177
-1.15693
-1.71031
-2.86072
-1.18206
-1.38143
-1.16826
-2.42163
-2.01506
-2.33463
-1.59348
0
-2.1318
-1.63102
-1.32083
-1.4994
-3.4933
-0.0417542
-3.01492
-1.81989
-1.45365
-0.195788
-1.99925
-4.11894
-2.03766
-2.27294
-2.06103
-2.65128
-2.24588
-2.20236
-2.39303
-0.890657
-3.39872
-0.806422
-1.29516
-1.75404
-0.423325
-1.72013
-2.1318
0
-1.4167
-2.70442
-2.34262
-1.73025
-0.489444
-1.33279
-2.00851
-2.01701
-1.8729
-0.966061
-0.938225
-3.51514
-2.5715
-1.80628
-2.60986
-1.438
-1.3934
-1.40685
-1.75582
-1.40945
-2.96189
-2.11904
-3.58837
-1.03122
-0.898361
-1.63102
-1.4167
0
-0.394683
-2.10111
-3.40511
-1.89758
-1.14012
-2.37544
-1.99131
-3.0557
-1.93005
-2.13103
-3.21546
-1.12331
-0.0856968
-2.08009
-1.99655
-1.56195
-1.13388
-1.09771
-2.73018
-3.26833
-1.55365
-1.52183
-1.80884
-1.65061
-1.32083
-2.70442
-0.394683
0
-2.33506
-2.15747
-0.887573
-2.27897
-1.2916
-2.31774
-0.979887
-3.52779
-2.0164
-2.45962
-1.45795
-2.13059
-2.66472
-2.99528
-3.07843
-1.29654
-2.26478
-0.633146
-2.35816
-2.14848
-1.83899
-2.05324
-3.01911
-1.4994
-2.34262
-2.10111
-2.33506
0
-3.00874
-1.07686
-3.05796
-1.46403
-2.19852
-0.221271
-2.21956
-0.693956
-1.88817
-3.34781
-3.05903
-1.207
-2.60253
-2.40961
-0.429132
-3.30377
-3.23689
-3.55237
-1.27982
-0.728642
-2.48256
-2.64155
-3.4933
-1.73025
-3.40511
-2.15747
-3.00874
0
-0.960909
-2.5364
-1.96916
-3.498
-2.65413
-2.43954
-1.84136
-2.50961
-0.751638
-1.64057
-0.585961
-1.23309
-1.10389
-2.87005
-1.237
-0.556416
-1.51022
-2.23178
-2.29186
-1.53295
-3.22599
-0.0417542
-0.489444
-1.89758
-0.887573
-1.07686
-0.960909
0
-2.33039
-3.73191
0.122148
-3.05396
-4.17124
-2.80883
-2.06387
-1.24156
-1.65134
-2.57452
-3.69217
-1.62237
-2.61032
-2.94489
-2.54667
-0.0340394
-2.21091
-1.00038
-1.51937
-1.52654
-3.01492
-1.33279
-1.14012
-2.27897
-3.05796
-2.5364
-2.33039
0
-0.104122
-0.649299
-2.57892
-4.01998
-3.12412
-0.792393
-2.83616
-3.87426
-1.8791
-3.21433
-2.95897
0.18479
-3.18739
-0.396304
-1.94685
-3.04457
-3.17367
-3.07695
-2.26967
-1.81989
-2.00851
-2.37544
-1.2916
-1.46403
-1.96916
-3.73191
-0.104122
0
