0
-1.98166
-1.11763
-0.930239
-0.21788
-3.28349
-2.27805
-3.56172
-2.68717
-2.77563
0.706018
-3.301
-2.67777
-2.35182
-1.77964
0.0404121
-3.03693
-1.14734
-1.98495
-1.25505
0.0210116
-2.07051
-3.21951
-3.60923
-2.43319
-2.04618
-1.4515
-1.98166
0
-1.92978
-1.96279
-2.02783
-1.80078
-2.95954
-3.063
-1.73658
-2.23122
-2.54752
-2.91297
-2.80435
-1.66382
-1.97709
-0.989717
-2.55528
-0.622767
-1.25176
-1.8564
-0.331359
-1.29536
-3.67587
-3.5751
-3.29612
-0.656591
-3.19165
-1.11763
-1.92978
0
-4.25683
-2.85887
-2.74259
-1.49721
-2.58166
-1.89416
-1.47181
-2.34112
-1.73326
-2.19254
-3.35005
-1.55586
-2.19868
-0.861674
-4.06808
-1.67398
-2.1202
-3.43042
-0.930844
-3.8136
-1.33829
-3.32699
-1.21838
-0.836663
-0.930239
-1.96279
-4.25683
0
-3.8537
-1.2486
-2.54296
-1.14446
0.514766
-1.33335
-1.36189
-0.838163
-1.33137
-1.11326
-1.90357
-2.72993
-2.69222
-1.67011
-1.4858
-0.795496
-1.65942
-1.9033
-2.44661
-3.37321
-2.00145
-3.113
-3.54284
-0.21788
-2.02783
-2.85887
-3.8537
0
-1.73226
-1.26952
-1.47888
-1.13372
-2.61897
-2.70503
-3.44124
-1.92493
-1.6725
-2.27291
-0.810864
-1.52114
-1.28979
-2.23078
-1.28504
-1.55669
-1.82768
-1.37651
-0.955304
-3.45475
-2.5666
-2.67884
-3.28349
-1.80078
-2.74259
-1.2486
-1.73226
0
-2.28491
-3.47345
-1.25746
-1.58392
-2.05655
-2.32166
-3.11596
-2.33785
-3.46033
-1.88804
-1.91367
-1.0531
-1.4774
-2.91881
-1.23843
-2.59141
-0.922634
-2.62913
-0.365858
-2.19541
-3.10174
-2.27805
-2.95954
-1.49721
-2.54296
-1.26952
-2.28491
0
-2.25895
-1.17345
-3.08292
-1.85162
-2.33018
-2.06746
-1.12411
-1.98532
-0.76261
-1.2656
-1.28685
-2.30604
-2.62293
-2.46247
-4.46583
-0.0384449
-2.68679
-1.87579
-0.613164
-2.18385
-3.56172
-3.063
-2.58166
-1.14446
-1.47888
-3.47345
-2.25895
0
-2.52133
-2.058
-2.97646
-2.88406
-1.39581
-0.187066
-1.82331
-2.00331
-1.00165
-2.71414
-1.27261
-1.95702
-2.45518
-2.8698
-1.78761
-3.31806
-1.30915
-0.697626
-3.17199
-2.68717
-1.73658
-1.89416
0.514766
-1.13372
-1.25746
-1.17345
-2.52133
0
-1.7959
-1.11477
-3.56701
-3.6978
-2.20462
-2.22862
-1.73127
-1.93358
-1.93814
-2.5709
-2.07179
-2.54139
-1.89905
-1.19912
-2.10288
-0.838909
-3.13829
-2.27181
-2.77563
-2.23122
-1.47181
-1.33335
-2.61897
-1.58392
-3.08292
-2.058
-1.7959
0
-2.05296
-2.63393
-2.49274
-0.0337985
-1.94432
-3.08626
-2.95955
-1.84678
-0.83352
-3.26562
0.556509
-2.32372
-1.79681
-0.640384
-2.76619
-3.25962
-0.99296
0.706018
-2.54752
-2.34112
-1.36189
-2.70503
-2.05655
-1.85162
-2.97646
-1.11477
-2.05296
0
-2.93223
-2.43542
-1.38464
-2.12797
-2.85569
-1.38141
0.544963
-2.31125
-1.87025
-2.52689
-0.700403
-2.31814
-1.52503
-3.40866
-1.86278
1.18184
-3.301
-2.91297
-1.73326
-0.838163
-3.44124
-2.32166
-2.33018
-2.88406
-3.56701
-2.63393
-2.93223
0
-1.43453
-2.80257
-2.38536
-2.87829
-2.64319
0.324509
-2.01587
-3.85902
-3.8273
-1.08049
-2.85396
-2.67051
-3.63912
-2.46963
-2.00318
-2.67777
-2.80435
-2.19254
-1.33137
-1.92493
-3.11596
-2.06746
-1.39581
-3.6978
-2.49274
-2.43542
-1.43453
0
-1.54682
-1.70276
-0.62434
-2.3294
-2.98558
-2.03197
-1.32868
-2.37033
-2.5368
-2.46723
-1.52096
-2.96501
-1.59711
-1.71569
-2.35182
-1.66382
-3.35005
-1.11326
-1.6725
-2.33785
-1.12411
-0.187066
-2.20462
-0.0337985
-1.38464
-2.80257
-1.54682
0
-0.391668
-2.90045
-2.42125
-0.405152
-2.12567
-1.21982
-0.984195
-2.26942
-1.04883
-2.78498
-1.50269
-1.02637
-2.29419
-1.77964
-1.97709
-1.55586
-1.90357
-2.27291
-3.46033
-1.98532
-1.82331
-2.22862
-1.94432
-2.12797
-2.38536
-1.70276
-0.391668
0
-0.681976
-2.44099
-1.14577
-1.08598
-2.3078
-3.35185
-0.985306
-2.30648
-3.05347
-2.27049
-2.37458
-1.16645
0.0404121
-0.989717
-2.19868
-2.72993
-0.810864
-1.88804
-0.76261
-2.00331
-1.73127
-3.08626
-2.85569
-2.87829
-0.62434
-2.90045
-0.681976
0
-1.17434
-1.87315
-2.88634
-3.13274
-1.03486
-1.74199
-2.77353
-1.87454
-0.539758
-1.85624
-2.05882
-3.03693
-2.55528
-0.861674
-2.69222
-1.52114
-1.91367
-1.2656
-1.00165
-1.93358
-2.95955
-1.38141
-2.64319
-2.3294
-2.42125
-2.44099
-1.17434
0
-3.81374
-2.90438
-3.73154
-1.90706
-2.64065
-3.21909
-2.02953
-1.22414
-0.945086
-2.67872
-1.14734
-0.622767
-4.06808
-1.67011
-1.28979
-1.0531
-1.28685
-2.71414
-1.93814
-1.84678
0.544963
0.324509
-2.98558
-0.405152
-1.14577
-1.87315
-3.81374
0
-1.45637
-1.30412
-1.77939
-2.3294
-1.97055
-1.75996
-4.29164
-3.10717
-3.15751
-1.98495
-1.25176
-1.67398
-1.4858
-2.23078
-1.4774
-2.30604
-1.27261
-2.5709
-0.83352
-2.31125
-2.01587
-2.03197
-2.12567
-1.08598
-2.88634
-2.90438
-1.45637
0
-2.939
-3.91232
-2.37722
-2.25844
-2.59621
-1.63748
-1.12189
-2.14399
-1.25505
-1.8564
-2.1202
-0.795496
-1.28504
-2.91881
-2.62293
-1.95702
-2.07179
-3.26562
-1.87025
-3.85902
-1.32868
-1.21982
-2.3078
-3.13274
-3.73154
-1.30412
-2.939
0
-2.00999
-2.00035
-0.737202
-2.27341
-2.1362
0.0878321
-4.2944
0.0210116
-0.331359
-3.43042
-1.65942
-1.55669
-1.23843
-2.46247
-2.45518
-2.54139
0.556509
-2.52689
-3.8273
-2.37033
-0.984195
-3.35185
-1.03486
-1.90706
-1.77939
-3.91232
-2.00999
0
-0.638629
-2.34128
-1.67834
-0.302423
-1.9619
0.30579
-2.07051
-1.29536
-0.930844
-1.9033
-1.82768
-2.59141
-4.46583
-2.8698
-1.89905
-2.32372
-0.700403
-1.08049
-2.5368
-2.26942
-0.985306
-1.74199
-2.64065
-2.3294
-2.37722
-2.00035
-0.638629
0
-1.30027
-2.3053
-1.4742
-3.41671
-2.06191
-3.21951
-3.67587
-3.8136
-2.44661
-1.37651
-0.922634
-0.0384449
-1.78761
-1.19912
-1.79681
-2.31814
-2.85396
-2.46723
-1.04883
-2.30648
-2.77353
-3.21909
-1.97055
-2.25844
-0.737202
-2.34128
-1.30027
0
-3.01015
-2.67595
-0.497076
-3.02703
-3.60923
-3.5751
-1.33829
-3.37321
-0.955304
-2.62913
-2.68679
-3.31806
-2.10288
-0.640384
-1.52503
-2.67051
-1.52096
-2.78498
-3.05347
-1.87454
-2.02953
-1.75996
-2.59621
-2.27341
-1.67834
-2.3053
-3.01015
0
-3.34851
-3.70328
-1.24112
-2.43319
-3.29612
-3.32699
-2.00145
-3.45475
-0.365858
-1.87579
-1.30915
-0.838909
-2.76619
-3.40866
-3.63912
-2.96501
-1.50269
-2.27049
-0.539758
-1.22414
-4.29164
-1.63748
-2.1362
-0.302423
-1.4742
-2.67595
-3.34851
0
-0.959521
-1.69231
-2.04618
-0.656591
-1.21838
-3.113
-2.5666
-2.19541
-0.613164
-0.697626
-3.13829
-3.25962
-1.86278
-2.46963
-1.59711
-1.02637
-2.37458
-1.85624
-0.945086
-3.10717
-1.12189
0.0878321
-1.9619
-3.41671
-0.497076
-3.70328
-0.959521
0
-4.26153
-1.4515
-3.19165
-0.836663
-3.54284
-2.67884
-3.10174
-2.18385
-3.17199
-2.27181
-0.99296
1.18184
-2.00318
-1.71569
-2.29419
-1.16645
-2.05882
-2.67872
-3.15751
-2.14399
-4.2944
0.30579
-2.06191
-3.02703
-1.24112
-1.69231
-4.26153
0
