0
-2.40561
-1.65636
-2.02994
-0.819736
-3.28607
-2.18043
-3.34608
-1.54002
-2.17572
-2.87039
-0.715773
-2.67163
-2.20653
-2.96849
-2.07764
-2.78302
-3.75409
-0.347679
-2.82502
-1.65519
-2.04721
-0.843691
-2.00728
-0.355079
-1.55968
-0.629626
-2.40561
0
-1.41865
-3.33809
-3.19293
-1.70877
-2.34246
-3.50762
-2.37652
-0.59515
-3.27876
-1.29005
-2.01708
-2.44114
-1.11894
-1.83142
-1.72267
-2.83663
-3.80081
-2.07743
-2.29696
-3.058
-3.75137
-1.76396
-0.610581
-0.689981
-2.63353
-1.65636
-1.41865
0
-2.84801
-2.042
-1.20413
-2.77923
-3.86458
-3.69584
-3.76576
-3.9384
-2.10219
-2.45187
-2.46468
-2.48889
-4.68732
-2.38767
-2.24212
-2.09076
-2.4572
-0.845906
-4.18657
-4.57398
-2.95177
-0.552188
-2.81684
-1.97142
-2.02994
-3.33809
-2.84801
0
-1.48326
-1.65366
-2.8598
1.07299
-2.10755
-0.885487
-3.19968
-4.0265
-1.61592
-2.18673
-0.975398
-3.28098
-1.13907
-1.80954
-2.4044
-3.5587
-1.76592
-1.94855
-2.26684
-3.39228
-2.9664
-2.05172
-0.14533
-0.819736
-3.19293
-2.042
-1.48326
0
-3.7878
-2.08132
-0.160173
-1.33642
-0.288588
-1.90932
-2.88739
-1.74692
-2.0708
-0.851455
-1.18005
-3.58234
-1.93275
-1.68045
-1.94988
-1.02538
-0.942368
-1.44007
-2.16253
-2.12573
-0.760528
-2.53835
-3.28607
-1.70877
-1.20413
-1.65366
-3.7878
0
-1.41943
-2.21537
-3.75596
-1.10174
-3.0567
-3.24092
-2.55101
-2.0541
-1.33176
-1.63403
-3.76188
-2.6451
-2.57936
-2.11923
-2.94848
-2.42727
-1.32868
-1.58724
-2.43001
-1.99925
-2.92987
-2.18043
-2.34246
-2.77923
-2.8598
-2.08132
-1.41943
0
-1.57964
-1.74329
-2.27842
-0.168759
-2.70507
-2.0619
-1.53839
-2.20772
-3.97287
-1.0509
-0.787507
-0.617814
-2.57862
-1.339
-1.11965
-3.12685
-2.95211
-2.03411
-2.00586
-3.14965
-3.34608
-3.50762
-3.86458
1.07299
-0.160173
-2.21537
-1.57964
0
-3.79004
-0.975998
-1.83241
-2.43065
-2.85232
-2.81624
-2.85151
-2.32226
-2.34168
-2.66194
-1.06321
-1.12799
-2.06161
-1.49378
-2.05152
-2.11543
-0.829777
-0.279718
-1.84896
-1.54002
-2.37652
-3.69584
-2.10755
-1.33642
-3.75596
-1.74329
-3.79004
0
-1.57277
-1.07705
-1.81046
-2.78352
-1.99126
-2.28854
-0.288926
-1.33295
-2.45659
-0.722351
-0.818018
-1.93466
-0.911419
-1.92806
-2.96441
-1.27461
-0.866287
-1.99041
-2.17572
-0.59515
-3.76576
-0.885487
-0.288588
-1.10174
-2.27842
-0.975998
-1.57277
0
-2.39829
-1.1827
-2.01324
-1.28288
-2.06807
-1.19686
-2.54809
-2.52555
-2.12279
-2.43995
-3.71574
-0.720769
-1.48862
-1.51103
-0.554014
-1.39586
-1.78938
-2.87039
-3.27876
-3.9384
-3.19968
-1.90932
-3.0567
-0.168759
-1.83241
-1.07705
-2.39829
0
-2.92077
-0.910902
-2.77926
-2.05583
-1.16212
-4.59103
-2.30189
-2.13356
-3.04583
-1.36906
-2.00251
-1.70181
-0.521467
-3.10196
-1.10614
-2.63112
-0.715773
-1.29005
-2.10219
-4.0265
-2.88739
-3.24092
-2.70507
-2.43065
-1.81046
-1.1827
-2.92077
0
-4.38138
-3.37179
-0.660942
-3.58764
-1.57728
-0.945556
-1.68453
-2.15792
-3.3997
-2.6838
-2.8476
-3.4496
-1.79019
-2.92261
-2.17724
-2.67163
-2.01708
-2.45187
-1.61592
-1.74692
-2.55101
-2.0619
-2.85232
-2.78352
-2.01324
-0.910902
-4.38138
0
-2.22155
-1.39073
-0.528709
-1.831
-3.6207
-1.21303
-0.155507
-1.75998
-1.25894
-1.03445
-1.13119
-1.05708
-2.63169
-2.81628
-2.20653
-2.44114
-2.46468
-2.18673
-2.0708
-2.0541
-1.53839
-2.81624
-1.99126
-1.28288
-2.77926
-3.37179
-2.22155
0
-3.28388
-2.37132
-1.82434
-0.494448
-1.59304
-2.58518
-2.62564
-2.1703
-1.56343
-2.91907
-2.09131
-1.96986
-2.25431
-2.96849
-1.11894
-2.48889
-0.975398
-0.851455
-1.33176
-2.20772
-2.85151
-2.28854
-2.06807
-2.05583
-0.660942
-1.39073
-3.28388
0
-1.15829
-2.01682
-0.433977
-1.19746
-0.902854
-1.04121
-1.92279
-1.89159
-3.42366
-1.8429
0.326043
-2.4848
-2.07764
-1.83142
-4.68732
-3.28098
-1.18005
-1.63403
-3.97287
-2.32226
-0.288926
-1.19686
-1.16212
-3.58764
-0.528709
-2.37132
-1.15829
0
-1.21094
-3.49736
-2.15943
-1.62127
0.185441
-1.8433
-2.30325
-0.994191
-2.35561
-1.84051
-1.69949
-2.78302
-1.72267
-2.38767
-1.13907
-3.58234
-3.76188
-1.0509
-2.34168
-1.33295
-2.54809
-4.59103
-1.57728
-1.831
-1.82434
-2.01682
-1.21094
0
-2.51928
-1.56413
-0.637624
-1.78321
-3.12636
-1.38973
-2.02074
-2.36094
-1.19138
-1.85312
-3.75409
-2.83663
-2.24212
-1.80954
-1.93275
-2.6451
-0.787507
-2.66194
-2.45659
-2.52555
-2.30189
-0.945556
-3.6207
-0.494448
-0.433977
-3.49736
-2.51928
0
-2.10995
-3.45363
-1.93567
-2.1392
-1.41399
-2.15051
-0.526807
-0.781568
-1.24413
-0.347679
-3.80081
-2.09076
-2.4044
-1.68045
-2.57936
-0.617814
-1.06321
-0.722351
-2.12279
-2.13356
-1.68453
-1.21303
-1.59304
-1.19746
-2.15943
-1.56413
-2.10995
0
-0.677609
-3.14615
-3.74562
-3.56669
-1.61305
-1.89912
-2.33037
-3.51095
-2.82502
-2.07743
-2.4572
-3.5587
-1.94988
-2.11923
-2.57862
-1.12799
-0.818018
-2.43995
-3.04583
-2.15792
-0.155507
-2.58518
-0.902854
-1.62127
-0.637624
-3.45363
-0.677609
0
-1.31606
-3.57837
-1.98061
-2.30648
-0.943341
-1.27587
-2.63682
-1.65519
-2.29696
-0.845906
-1.76592
-1.02538
-2.94848
-1.339
-2.06161
-1.93466
-3.71574
-1.36906
-3.3997
-1.75998
-2.62564
-1.04121
0.185441
-1.78321
-1.93567
-3.14615
-1.31606
0
-2.55939
-2.99425
-2.17628
-2.45342
-2.13168
-1.9468
-2.04721
-3.058
-4.18657
-1.94855
-0.942368
-2.42727
-1.11965
-1.49378
-0.911419
-0.720769
-2.00251
-2.6838
-1.25894
-2.1703
-1.92279
-1.8433
-3.12636
-2.1392
-3.74562
-3.57837
-2.55939
0
-3.88891
-1.22864
-2.56659
-2.5077
-3.22189
-0.843691
-3.75137
-4.57398
-2.26684
-1.44007
-1.32868
-3.12685
-2.05152
-1.92806
-1.48862
-1.70181
-2.8476
-1.03445
-1.56343
-1.89159
-2.30325
-1.38973
-1.41399
-3.56669
-1.98061
-2.99425
-3.88891
0
-1.94236
-2.72365
-1.21152
-2.42576
-2.00728
-1.76396
-2.95177
-3.39228
-2.16253
-1.58724
-2.95211
-2.11543
-2.96441
-1.51103
-0.521467
-3.4496
-1.13119
-2.91907
-3.42366
-0.994191
-2.02074
-2.15051
-1.61305
-2.30648
-2.17628
-1.22864
-1.94236
0
-3.57198
-3.28082
-4.38441
-0.355079
-0.610581
-0.552188
-2.9664
-2.12573
-2.43001
-2.03411
-0.829777
-1.27461
-0.554014
-3.10196
-1.79019
-1.05708
-2.09131
-1.8429
-2.35561
-2.36094
-0.526807
-1.89912
-0.943341
-2.45342
-2.56659
-2.72365
-3.57198
0
-4.60828
-2.54094
-1.55968
-0.689981
-2.81684
-2.05172
-0.760528
-1.99925
-2.00586
-0.279718
-0.866287
-1.39586
-1.10614
-2.92261
-2.63169
-1.96986
0.326043
-1.84051
-1.19138
-0.781568
-2.33037
-1.27587
-2.13168
-2.5077
-1.21152
-3.28082
-4.60828
0
-2.08964
-0.629626
-2.63353
-1.97142
-0.14533
-2.53835
-2.92987
-3.14965
-1.84896
-1.99041
-1.78938
-2.63112
-2.17724
-2.81628
-2.25431
-2.4848
-1.69949
-1.85312
-1.24413
-3.51095
-2.63682
-1.9468
-3.22189
-2.42576
-4.38441
-2.54094
-2.08964
0
