0
-4.99435
-2.45262
-1.22628
-1.32739
-1.37362
-1.55232
-2.81349
-2.28723
-1.35588
-2.75465
-1.07651
-2.77283
-2.73147
-2.24075
-2.17781
-0.105036
-1.70321
-2.85964
-3.24274
-2.15455
-2.4179
-2.6994
-2.11259
-2.29653
-1.02951
-2.58044
-4.99435
0
-3.27695
-2.25886
-2.67348
-2.91621
-3.78055
-3.28668
-0.3078
-0.520109
-2.99306
-1.8962
-2.65951
-1.82568
-2.44381
-3.63052
-2.88729
-0.950836
-2.16715
-1.47569
-1.92079
-0.491398
-0.517424
-1.30739
-2.98838
0.275442
-2.59923
-2.45262
-3.27695
0
-2.27768
-1.30899
-1.61196
0.979982
-1.2253
-1.51924
-2.29027
-1.53235
-1.56089
-1.92216
-2.09035
-0.582759
-2.72571
-1.88828
-2.04108
-2.46722
-2.86796
-0.515159
-3.30333
-1.29147
-3.30644
-1.79099
-0.185526
-3.39499
-1.22628
-2.25886
-2.27768
0
-1.07268
-2.04436
-1.6607
-1.79846
-2.34849
-2.43077
-2.30717
-1.69953
-1.9295
-3.9056
-2.47031
-1.1821
-1.57689
-3.09389
-2.4833
-1.50183
-2.10579
-1.41057
-1.03793
-1.62509
-0.875518
-0.664482
-1.30539
-1.32739
-2.67348
-1.30899
-1.07268
0
-0.369659
-3.05223
-1.51156
-3.56344
-3.531
-2.19426
-2.23885
-3.4353
-2.27283
-2.02421
-1.97143
-2.14404
-2.52355
-2.16869
-2.69902
-1.51742
0.496402
-2.63346
-1.76519
-1.26425
-0.477798
-1.39059
-1.37362
-2.91621
-1.61196
-2.04436
-0.369659
0
-2.26307
-2.42484
-0.919056
-1.56676
-1.22352
-2.4725
-1.04886
-2.24558
-0.440285
-2.38927
-3.23038
-1.60888
-1.52906
-2.68216
-2.83588
-1.91894
-1.87315
-1.63209
-2.02923
-2.60735
-2.74523
-1.55232
-3.78055
0.979982
-1.6607
-3.05223
-2.26307
0
-3.16504
-1.45656
-0.91753
-3.01833
-2.48438
-1.90984
-2.28455
-2.1858
-2.8728
-0.0310007
-2.14158
-3.54067
-2.2645
-2.29178
-2.83918
-1.1099
-1.97106
-2.66277
-3.26714
-2.24852
-2.81349
-3.28668
-1.2253
-1.79846
-1.51156
-2.42484
-3.16504
0
-1.82616
-1.46378
-3.04215
-2.75702
-0.79918
-1.64572
-2.40592
-2.6746
-2.39711
-4.7116
-1.82123
-1.43512
-1.78467
-2.96355
-4.11046
-1.53404
-3.31497
-0.334932
-1.29713
-2.28723
-0.3078
-1.51924
-2.34849
-3.56344
-0.919056
-1.45656
-1.82616
0
-1.56956
-1.46802
-1.02215
-3.03398
-2.64217
-2.81324
-1.91193
-0.521944
-1.95359
-3.33881
-2.03374
-2.09108
-1.89149
-3.26888
-3.83269
-1.24818
-2.72305
-2.24097
-1.35588
-0.520109
-2.29027
-2.43077
-3.531
-1.56676
-0.91753
-1.46378
-1.56956
0
-2.40147
-2.98988
-1.92089
-4.05466
-3.79621
-1.39202
-0.737444
-2.3462
-3.53051
-1.16256
-0.959395
-1.58986
-2.482
-2.43803
-2.70586
-3.06048
-2.58015
-2.75465
-2.99306
-1.53235
-2.30717
-2.19426
-1.22352
-3.01833
-3.04215
-1.46802
-2.40147
0
-1.83045
-2.24586
-1.86659
-1.17843
-1.69914
-1.81388
-3.25095
-0.519954
-2.99864
-1.11203
-3.03405
-3.18718
-2.27918
-2.78294
-2.78895
-2.72596
-1.07651
-1.8962
-1.56089
-1.69953
-2.23885
-2.4725
-2.48438
-2.75702
-1.02215
-2.98988
-1.83045
0
-1.74032
-2.24825
-2.9857
-1.30405
-2.53909
-2.33728
-2.4393
-1.50371
-4.02774
-1.54216
-1.09806
-0.554278
0.837066
-1.8165
-0.503198
-2.77283
-2.65951
-1.92216
-1.9295
-3.4353
-1.04886
-1.90984
-0.79918
-3.03398
-1.92089
-2.24586
-1.74032
0
-0.921836
-1.69631
-0.454654
-1.83041
-2.87956
-3.31224
-0.979278
-2.55884
-0.756507
-1.1465
-2.49329
-3.50587
-2.07466
-2.99273
-2.73147
-1.82568
-2.09035
-3.9056
-2.27283
-2.24558
-2.28455
-1.64572
-2.64217
-4.05466
-1.86659
-2.24825
-0.921836
0
-2.78259
-1.74726
-2.45825
-2.6431
-1.66364
-2.05343
-2.81238
-2.97939
-3.52734
-1.27988
-2.60094
-2.84625
-3.20221
-2.24075
-2.44381
-0.582759
-2.47031
-2.02421
-0.440285
-2.1858
-2.40592
-2.81324
-3.79621
-1.17843
-2.9857
-1.69631
-2.78259
0
-0.901068
-3.34195
-1.59467
-0.0349531
-1.85913
-1.64146
-2.14283
-2.88913
-0.60326
-1.27578
-2.42064
-2.11184
-2.17781
-3.63052
-2.72571
-1.1821
-1.97143
-2.38927
-2.8728
-2.6746
-1.91193
-1.39202
-1.69914
-1.30405
-0.454654
-1.74726
-0.901068
0
-2.80143
-1.8474
-2.36276
-1.96319
-1.93171
-2.24798
-1.67662
-1.66321
-2.18031
-2.34565
-2.95486
-0.105036
-2.88729
-1.88828
-1.57689
-2.14404
-3.23038
-0.0310007
-2.39711
-0.521944
-0.737444
-1.81388
-2.53909
-1.83041
-2.45825
-3.34195
-2.80143
0
-1.09774
-1.68374
-2.25007
-2.91722
-1.59185
-1.80515
0.00948143
-4.26258
-3.1219
-1.87708
-1.70321
-0.950836
-2.04108
-3.09389
-2.52355
-1.60888
-2.14158
-4.7116
-1.95359
-2.3462
-3.25095
-2.33728
-2.87956
-2.6431
-1.59467
-1.8474
-1.09774
0
-2.18034
-1.61098
-0.26704
-1.84105
-1.67365
-2.92222
-0.559529
-1.57438
-3.71593
-2.85964
-2.16715
-2.46722
-2.4833
-2.16869
-1.52906
-3.54067
-1.82123
-3.33881
-3.53051
-0.519954
-2.4393
-3.31224
-1.66364
-0.0349531
-2.36276
-1.68374
-2.18034
0
-2.37324
-2.46476
-2.60238
-2.2748
-1.05986
-2.34908
-2.20356
-2.37152
-3.24274
-1.47569
-2.86796
-1.50183
-2.69902
-2.68216
-2.2645
-1.43512
-2.03374
-1.16256
-2.99864
-1.50371
-0.979278
-2.05343
-1.85913
-1.96319
-2.25007
-1.61098
-2.37324
0
-1.92364
-1.41094
-1.39444
-3.44379
-1.45731
-2.2404
-1.849
-2.15455
-1.92079
-0.515159
-2.10579
-1.51742
-2.83588
-2.29178
-1.78467
-2.09108
-0.959395
-1.11203
-4.02774
-2.55884
-2.81238
-1.64146
-1.93171
-2.91722
-0.26704
-2.46476
-1.92364
0
-1.98454
-1.91393
-1.09756
-2.88151
-3.60774
-4.38615
-2.4179
-0.491398
-3.30333
-1.41057
0.496402
-1.91894
-2.83918
-2.96355
-1.89149
-1.58986
-3.03405
-1.54216
-0.756507
-2.97939
-2.14283
-2.24798
-1.59185
-1.84105
-2.60238
-1.41094
-1.98454
0
-2.47093
-2.4819
-2.17328
-1.94962
-2.14561
-2.6994
-0.517424
-1.29147
-1.03793
-2.63346
-1.87315
-1.1099
-4.11046
-3.26888
-2.482
-3.18718
-1.09806
-1.1465
-3.52734
-2.88913
-1.67662
-1.80515
-1.67365
-2.2748
-1.39444
-1.91393
-2.47093
0
-1.65439
-2.59324
-0.465222
-2.82511
-2.11259
-1.30739
-3.30644
-1.62509
-1.76519
-1.63209
-1.97106
-1.53404
-3.83269
-2.43803
-2.27918
-0.554278
-2.49329
-1.27988
-0.60326
-1.66321
0.00948143
-2.92222
-1.05986
-3.44379
-1.09756
-2.4819
-1.65439
0
-3.22237
-1.36625
-2.13518
-2.29653
-2.98838
-1.79099
-0.875518
-1.26425
-2.02923
-2.66277
-3.31497
-1.24818
-2.70586
-2.78294
0.837066
-3.50587
-2.60094
-1.27578
-2.18031
-4.26258
-0.559529
-2.34908
-1.45731
-2.88151
-2.17328
-2.59324
-3.22237
0
-1.94017
-1.91998
-1.02951
0.275442
-0.185526
-0.664482
-0.477798
-2.60735
-3.26714
-0.334932
-2.72305
-3.06048
-2.78895
-1.8165
-2.07466
-2.84625
-2.42064
-2.34565
-3.1219
-1.57438
-2.20356
-2.2404
-3.60774
-1.94962
-0.465222
-1.36625
-1.94017
0
-2.84571
-2.58044
-2.59923
-3.39499
-1.30539
-1.39059
-2.74523
-2.24852
-1.29713
-2.24097
-2.58015
-2.72596
-0.503198
-2.99273
-3.20221
-2.11184
-2.95486
-1.87708
-3.71593
-2.37152
-1.849
-4.38615
-2.14561
-2.82511
-2.13518
-1.91998
-2.84571
0
