0
0.0318533
-0.4614
-2.81818
-1.15642
-1.69335
-2.8257
-3.19014
-1.2413
-1.78432
-1.06973
-1.23067
-1.36375
-2.32586
-2.53603
-1.59802
-2.11477
-2.94951
-2.29849
-2.15824
-3.3494
-1.41724
-1.70725
-2.56019
-2.04704
-0.843788
-1.56319
0.0318533
0
-0.957562
-1.04975
-1.50636
-1.05742
-1.66412
-1.95209
-2.36033
-1.15634
-3.70467
-4.77808
-2.83102
-3.1078
-1.52973
-1.94579
-3.92049
-0.982496
-1.26064
-1.64729
-1.49974
-2.41319
-2.42392
-2.83892
-1.04943
-1.56263
-1.66749
-0.4614
-0.957562
0
-2.39036
-1.72215
-3.90222
-2.73665
-0.536731
-1.10934
-2.50605
-2.43427
-2.288
-1.5965
-2.3665
-2.31318
-2.61698
-3.4284
-2.36301
-1.51835
-2.84703
-3.40763
-1.86684
-1.77602
-0.836631
-2.02707
-3.8121
-1.09187
-2.81818
-1.04975
-2.39036
0
-2.47186
-3.53418
-1.97084
-3.98339
-0.923048
-1.55377
-0.880904
-1.52621
-1.14983
-2.75271
-0.827858
-2.60919
-0.839303
-2.24886
-0.498757
-2.0494
-2.19007
-2.78744
-0.721488
-1.48196
-3.5972
-1.33682
-1.22102
-1.15642
-1.50636
-1.72215
-2.47186
0
-0.889229
-2.64021
-2.02012
-4.37791
-3.32674
-3.71625
-2.84541
-2.49044
-0.59819
-2.94202
-2.57084
-2.43127
-2.55151
-2.02639
-0.778318
-1.15427
-2.07757
-3.20756
-1.08462
0.412808
-2.73034
-2.50886
-1.69335
-1.05742
-3.90222
-3.53418
-0.889229
0
-2.08429
-0.242839
-1.30522
-2.50991
-3.05144
-0.531436
-4.19557
-0.211286
-2.82061
-0.142794
-1.96067
-1.66179
-2.94955
-1.65194
-3.61376
-3.99676
-0.817733
-1.32577
-2.87868
-0.865405
-3.8598
-2.8257
-1.66412
-2.73665
-1.97084
-2.64021
-2.08429
0
-2.89665
-1.8701
-2.70184
-1.83314
-1.74814
-1.78152
-3.59415
-1.08116
-3.38642
-1.12888
-1.47358
-3.73271
-1.43627
-1.551
-1.99697
-2.91702
-3.12422
-2.33689
-1.27765
-1.52039
-3.19014
-1.95209
-0.536731
-3.98339
-2.02012
-0.242839
-2.89665
0
-0.734188
-3.68231
-1.63159
-3.23745
-1.11144
0.891328
-3.28735
-2.85897
-2.71759
-1.79429
-0.531305
-1.37276
-2.88622
-2.16163
-1.1256
-1.9123
-2.59672
-1.61559
-2.94131
-1.2413
-2.36033
-1.10934
-0.923048
-4.37791
-1.30522
-1.8701
-0.734188
0
-3.77175
-3.05527
-3.90181
-2.52477
-0.593046
-0.436399
-1.64295
-0.835483
-3.89151
-1.15751
-2.56696
-1.52575
-1.85509
-2.46024
-2.33726
-0.352521
-1.38052
-1.64455
-1.78432
-1.15634
-2.50605
-1.55377
-3.32674
-2.50991
-2.70184
-3.68231
-3.77175
0
-1.65608
-2.04016
-1.81708
-0.699124
-2.67386
-0.413696
-3.02556
-0.900598
-1.5738
-2.86567
-1.32017
-2.42341
-2.68146
-2.15224
-3.08892
0.0356815
-0.865274
-1.06973
-3.70467
-2.43427
-0.880904
-3.71625
-3.05144
-1.83314
-1.63159
-3.05527
-1.65608
0
-2.31317
-2.94621
-0.624034
-1.734
-2.88812
-0.376347
-2.95286
-2.44156
-1.18521
-1.62972
-2.76355
-1.35056
-2.89743
-2.0704
-1.48265
-3.34491
-1.23067
-4.77808
-2.288
-1.52621
-2.84541
-0.531436
-1.74814
-3.23745
-3.90181
-2.04016
-2.31317
0
-1.20673
-0.917502
-1.82943
-2.85063
-1.02088
-0.538638
-2.77529
-0.749208
-1.96916
-2.39629
-1.76669
0.458013
-0.744209
-4.17458
-1.14744
-1.36375
-2.83102
-1.5965
-1.14983
-2.49044
-4.19557
-1.78152
-1.11144
-2.52477
-1.81708
-2.94621
-1.20673
0
-1.45829
-1.89738
-2.7675
-2.91171
-0.76072
-1.54215
-2.23041
-0.739251
-1.86653
-2.02746
-1.82152
-3.01569
-2.14736
-2.27691
-2.32586
-3.1078
-2.3665
-2.75271
-0.59819
-0.211286
-3.59415
0.891328
-0.593046
-0.699124
-0.624034
-0.917502
-1.45829
0
-3.58844
-2.05786
-3.34824
-0.928705
-1.45227
-2.44446
-3.22479
-2.72063
0.529858
-2.99641
-0.921547
-1.3409
-0.703229
-2.53603
-1.52973
-2.31318
-0.827858
-2.94202
-2.82061
-1.08116
-3.28735
-0.436399
-2.67386
-1.734
-1.82943
-1.89738
-3.58844
0
-0.448494
-1.88853
-1.31246
-2.10032
-1.87515
-1.98375
-2.98813
-1.58561
-0.273237
-3.29507
-2.21504
-2.60929
-1.59802
-1.94579
-2.61698
-2.60919
-2.57084
-0.142794
-3.38642
-2.85897
-1.64295
-0.413696
-2.88812
-2.85063
-2.7675
-2.05786
-0.448494
0
-3.46423
-2.82069
0.0980339
-3.99874
-2.0346
-2.42193
-3.62923
0.748388
-1.75182
-1.45588
-4.56511
-2.11477
-3.92049
-3.4284
-0.839303
-2.43127
-1.96067
-1.12888
-2.71759
-0.835483
-3.02556
-0.376347
-1.02088
-2.91171
-3.34824
-1.88853
-3.46423
0
-2.34144
-0.390218
-2.14098
-3.34598
-1.02316
-3.94624
-2.40669
-3.06267
-2.46893
-2.64565
-2.94951
-0.982496
-2.36301
-2.24886
-2.55151
-1.66179
-1.47358
-1.79429
-3.89151
-0.900598
-2.95286
-0.538638
-0.76072
-0.928705
-1.31246
-2.82069
-2.34144
0
-1.49157
-0.739264
-1.17346
-1.80288
-2.29943
-1.44583
-2.61582
-2.8534
-2.89147
-2.29849
-1.26064
-1.51835
-0.498757
-2.02639
-2.94955
-3.73271
-0.531305
-1.15751
-1.5738
-2.44156
-2.77529
-1.54215
-1.45227
-2.10032
0.0980339
-0.390218
-1.49157
0
-2.11332
-0.787635
-2.53176
-2.1225
-1.96391
-2.38802
-1.47493
-2.06572
-2.15824
-1.64729
-2.84703
-2.0494
-0.778318
-1.65194
-1.43627
-1.37276
-2.56696
-2.86567
-1.18521
-0.749208
-2.23041
-2.44446
-1.87515
-3.99874
-2.14098
-0.739264
-2.11332
0
-3.02591
-0.914164
-1.60426
-1.77997
-2.28205
-2.46609
-3.65539
-3.3494
-1.49974
-3.40763
-2.19007
-1.15427
-3.61376
-1.551
-2.88622
-1.52575
-1.32017
-1.62972
-1.96916
-0.739251
-3.22479
-1.98375
-2.0346
-3.34598
-1.17346
-0.787635
-3.02591
0
0.346349
-1.78991
-2.45626
-2.3656
0.0237178
-0.41615
-1.41724
-2.41319
-1.86684
-2.78744
-2.07757
-3.99676
-1.99697
-2.16163
-1.85509
-2.42341
-2.76355
-2.39629
-1.86653
-2.72063
-2.98813
-2.42193
-1.02316
-1.80288
-2.53176
-0.914164
0.346349
0
-1.24769
-2.82575
-2.68503
-1.84026
-1.70138
-1.70725
-2.42392
-1.77602
-0.721488
-3.20756
-0.817733
-2.91702
-1.1256
-2.46024
-2.68146
-1.35056
-1.76669
-2.02746
0.529858
-1.58561
-3.62923
-3.94624
-2.29943
-2.1225
-1.60426
-1.78991
-1.24769
0
-3.04023
-1.10993
-0.29256
-1.53826
-2.56019
-2.83892
-0.836631
-1.48196
-1.08462
-1.32577
-3.12422
-1.9123
-2.33726
-2.15224
-2.89743
0.458013
-1.82152
-2.99641
-0.273237
0.748388
-2.40669
-1.44583
-1.96391
-1.77997
-2.45626
-2.82575
-3.04023
0
-1.42074
-1.60943
-1.45479
-2.04704
-1.04943
-2.02707
-3.5972
0.412808
-2.87868
-2.33689
-2.59672
-0.352521
-3.08892
-2.0704
-0.744209
-3.01569
-0.921547
-3.29507
-1.75182
-3.06267
-2.61582
-2.38802
-2.28205
-2.3656
-2.68503
-1.10993
-1.42074
0
-0.17656
-2.01602
-0.843788
-1.56263
-3.8121
-1.33682
-2.73034
-0.865405
-1.27765
-1.61559
-1.38052
0.0356815
-1.48265
-4.17458
-2.14736
-1.3409
-2.21504
-1.45588
-2.46893
-2.8534
-1.47493
-2.46609
0.0237178
-1.84026
-0.29256
-1.60943
-0.17656
0
-0.74144
-1.56319
-1.66749
-1.09187
-1.22102
-2.50886
-3.8598
-1.52039
-2.94131
-1.64455
-0.865274
-3.34491
-1.14744
-2.27691
-0.703229
-2.60929
-4.56511
-2.64565
-2.89147
-2.06572
-3.65539
-0.41615
-1.70138
-1.53826
-1.45479
-2.01602
-0.74144
0
