0
-2.91293
-1.61914
-1.95125
-1.53438
-2.71737
-2.34635
-2.4992
-1.26094
-1.00945
-3.61588
-1.14072
-4.55163
-1.00394
-3.94499
-1.02301
-1.65015
-2.93395
-2.29514
-3.0665
-2.39754
-3.34129
-1.93243
0.979799
-0.987912
-0.900034
-1.35805
-2.91293
0
-2.52291
-0.8184
-1.05047
-1.54249
-0.786133
-2.56665
-3.24226
-2.59957
-0.524352
-2.36685
-4.80702
-2.00391
-2.00016
-2.52196
-2.23236
-2.66753
-2.76818
-1.55206
-1.95586
-4.10216
-3.71999
0.475866
-2.03554
0.178613
-4.12715
-1.61914
-2.52291
0
-2.52567
-4.06358
-1.72124
-2.34501
-1.3949
-1.8773
-3.35223
-1.12106
-2.01046
-3.76516
-1.29529
-2.1041
-1.25694
-2.23177
-1.40895
-1.45231
-3.50125
-0.352207
-4.35418
-2.81915
-1.8967
-0.760609
-3.08282
-2.5586
-1.95125
-0.8184
-2.52567
0
-1.05813
-3.14606
-3.53796
-1.72793
-2.49396
0.104305
-0.979228
-3.045
-2.99072
-1.47616
-2.91437
-1.25327
-1.22962
-2.02654
-1.44545
-2.52518
-1.61134
-1.30444
-2.38316
-1.50656
-1.15865
-2.61501
-0.554963
-1.53438
-1.05047
-4.06358
-1.05813
0
-2.00955
-2.19227
-0.608301
-2.23598
-1.54071
-2.09669
-2.97882
-2.17866
-0.2614
-2.43764
-0.591833
-2.54186
-2.32339
-2.23649
0.905678
-1.1905
-0.992317
-1.35701
-1.53621
-1.38131
-0.58198
-0.936381
-2.71737
-1.54249
-1.72124
-3.14606
-2.00955
0
-3.9528
-3.74424
-1.66085
-2.97998
-1.86386
-3.70946
-3.29449
-2.2846
-2.91457
-0.89632
-1.29592
-2.28462
-3.99506
-1.29949
-3.06527
-2.79717
-1.80127
-2.21217
-2.7611
-3.06154
-3.9198
-2.34635
-0.786133
-2.34501
-3.53796
-2.19227
-3.9528
0
-4.00742
-1.99409
-1.49637
-1.49287
-0.200303
-2.41901
-0.942639
-3.57362
-1.34534
-2.09473
-2.73493
-1.58821
-2.81816
-2.57915
-2.25516
-1.71033
-2.57402
-1.70403
-1.86088
-0.75786
-2.4992
-2.56665
-1.3949
-1.72793
-0.608301
-3.74424
-4.00742
0
-1.99976
-2.33073
-2.21287
-1.70792
-1.37119
-1.49876
-1.21582
-2.80052
-1.98192
-2.45275
-1.39057
-0.299577
-1.85151
-1.16002
-2.28961
-1.36896
-2.02979
-2.42374
-1.67205
-1.26094
-3.24226
-1.8773
-2.49396
-2.23598
-1.66085
-1.99409
-1.99976
0
-2.78836
-1.2024
-2.41038
-1.6004
-2.74626
-1.58767
-1.9647
-1.30798
-1.46217
-1.66425
-2.5341
-3.1524
-1.38498
-1.27641
-1.33324
-2.91189
-1.94203
-1.75487
-1.00945
-2.59957
-3.35223
0.104305
-1.54071
-2.97998
-1.49637
-2.33073
-2.78836
0
-1.41171
-2.7547
-2.59019
-0.318787
-1.92585
-2.31114
-3.4527
-1.86533
-2.27081
-2.75581
0.338914
-0.519459
-2.49862
-1.73442
-2.15534
-0.910573
-0.449554
-3.61588
-0.524352
-1.12106
-0.979228
-2.09669
-1.86386
-1.49287
-2.21287
-1.2024
-1.41171
0
-2.79587
-3.03685
-2.93957
-2.32103
-2.76792
-2.11826
-1.27487
-1.02299
-1.01279
-3.67197
-1.12559
-4.55156
-2.7234
-1.07012
-2.08207
-3.33294
-1.14072
-2.36685
-2.01046
-3.045
-2.97882
-3.70946
-0.200303
-1.70792
-2.41038
-2.7547
-2.79587
0
-2.56299
-2.5821
-1.7667
-2.60532
-1.76242
-2.47182
-1.9023
-1.19732
-2.5823
-2.45191
0.295923
-3.18852
-2.62019
-0.939942
-0.781753
-4.55163
-4.80702
-3.76516
-2.99072
-2.17866
-3.29449
-2.41901
-1.37119
-1.6004
-2.59019
-3.03685
-2.56299
0
-2.31203
-2.50126
-2.27875
-3.99915
-3.06515
-1.59113
-3.49155
-2.52051
-1.38668
-3.62366
-1.51055
-0.923241
-0.172185
-1.09976
-1.00394
-2.00391
-1.29529
-1.47616
-0.2614
-2.2846
-0.942639
-1.49876
-2.74626
-0.318787
-2.93957
-2.5821
-2.31203
0
0.172533
-3.37931
-2.05727
-2.87723
-4.00847
-0.794075
-2.21022
-1.04716
-1.92518
-1.49451
0.458777
-2.2186
-2.09638
-3.94499
-2.00016
-2.1041
-2.91437
-2.43764
-2.91457
-3.57362
-1.21582
-1.58767
-1.92585
-2.32103
-1.7667
-2.50126
0.172533
0
-0.673412
-0.138182
-2.2874
-2.64357
-2.03161
-1.91933
-1.90606
-2.67559
-0.959255
-1.11867
-2.8297
-2.24454
-1.02301
-2.52196
-1.25694
-1.25327
-0.591833
-0.89632
-1.34534
-2.80052
-1.9647
-2.31114
-2.76792
-2.60532
-2.27875
-3.37931
-0.673412
0
-1.68084
-3.82625
-1.64175
-1.92839
-1.15389
-2.5712
-3.41864
-2.68289
-1.31464
-1.80491
-0.322033
-1.65015
-2.23236
-2.23177
-1.22962
-2.54186
-1.29592
-2.09473
-1.98192
-1.30798
-3.4527
-2.11826
-1.76242
-3.99915
-2.05727
-0.138182
-1.68084
0
-2.00307
-1.50104
-0.72062
-2.98065
-1.66543
-2.77836
-2.59804
-3.43801
-2.66446
-3.55983
-2.93395
-2.66753
-1.40895
-2.02654
-2.32339
-2.28462
-2.73493
-2.45275
-1.46217
-1.86533
-1.27487
-2.47182
-3.06515
-2.87723
-2.2874
-3.82625
-2.00307
0
-3.38284
-1.7293
-2.63121
-2.03299
-3.60396
-2.52063
-0.475674
-1.46426
-1.0641
-2.29514
-2.76818
-1.45231
-1.44545
-2.23649
-3.99506
-1.58821
-1.39057
-1.66425
-2.27081
-1.02299
-1.9023
-1.59113
-4.00847
-2.64357
-1.64175
-1.50104
-3.38284
0
-1.56211
-4.42114
-4.04541
-0.524306
-2.69553
-2.79679
-2.17886
-3.26188
-3.0665
-1.55206
-3.50125
-2.52518
0.905678
-1.29949
-2.81816
-0.299577
-2.5341
-2.75581
-1.01279
-1.19732
-3.49155
-0.794075
-2.03161
-1.92839
-0.72062
-1.7293
-1.56211
0
-2.76976
-3.22697
-1.91663
-1.46135
-2.10994
-3.20863
-0.633732
-2.39754
-1.95586
-0.352207
-1.61134
-1.1905
-3.06527
-2.57915
-1.85151
-3.1524
0.338914
-3.67197
-2.5823
-2.52051
-2.21022
-1.91933
-1.15389
-2.98065
-2.63121
-4.42114
-2.76976
0
-0.970035
-3.31352
-3.36425
-2.17139
-2.21576
-1.66347
-3.34129
-4.10216
-4.35418
-1.30444
-0.992317
-2.79717
-2.25516
-1.16002
-1.38498
-0.519459
-1.12559
-2.45191
-1.38668
-1.04716
-1.90606
-2.5712
-1.66543
-2.03299
-4.04541
-3.22697
-0.970035
0
-1.74226
-1.97557
-2.57505
0.499847
-0.56522
-1.93243
-3.71999
-2.81915
-2.38316
-1.35701
-1.80127
-1.71033
-2.28961
-1.27641
-2.49862
-4.55156
0.295923
-3.62366
-1.92518
-2.67559
-3.41864
-2.77836
-3.60396
-0.524306
-1.91663
-3.31352
-1.74226
0
-0.910303
-2.53508
-2.33152
-2.15017
0.979799
0.475866
-1.8967
-1.50656
-1.53621
-2.21217
-2.57402
-1.36896
-1.33324
-1.73442
-2.7234
-3.18852
-1.51055
-1.49451
-0.959255
-2.68289
-2.59804
-2.52063
-2.69553
-1.46135
-3.36425
-1.97557
-0.910303
0
-0.736253
-2.31268
-2.89953
-0.987912
-2.03554
-0.760609
-1.15865
-1.38131
-2.7611
-1.70403
-2.02979
-2.91189
-2.15534
-1.07012
-2.62019
-0.923241
0.458777
-1.11867
-1.31464
-3.43801
-0.475674
-2.79679
-2.10994
-2.17139
-2.57505
-2.53508
-0.736253
0
-2.35058
-1.99272
-0.900034
0.178613
-3.08282
-2.61501
-0.58198
-3.06154
-1.86088
-2.42374
-1.94203
-0.910573
-2.08207
-0.939942
-0.172185
-2.2186
-2.8297
-1.80491
-2.66446
-1.46426
-2.17886
-3.20863
-2.21576
0.499847
-2.33152
-2.31268
-2.35058
0
-2.48339
-1.35805
-4.12715
-2.5586
-0.554963
-0.936381
-3.9198
-0.75786
-1.67205
-1.75487
-0.449554
-3.33294
-0.781753
-1.09976
-2.09638
-2.24454
-0.322033
-3.55983
-1.0641
-3.26188
-0.633732
-1.66347
-0.56522
-2.15017
-2.89953
-1.99272
-2.48339
0
