0
-0.615699
-2.6909
-1.21422
-1.48781
-1.92809
-1.4352
-2.20091
-1.64787
-3.07399
-0.577679
-2.80125
-1.48141
-1.9142
-1.8765
-3.97877
-3.55871
-0.670882
-2.13532
-3.18379
-1.17883
-1.54658
-3.4086
-1.08888
0.298218
-1.78824
-3.2369
-0.615699
0
-2.08416
-2.30551
-1.8838
-2.37395
-1.58458
-0.294592
-2.41581
-2.25604
-2.11833
-4.44384
-0.62323
-1.78297
-3.0021
-2.37866
-4.14136
0.374193
-2.77546
-2.04042
-1.29041
-3.33868
-1.51291
-1.68053
-1.52545
-2.34058
-1.27248
-2.6909
-2.08416
0
-2.20033
-2.8566
-2.48461
-1.08734
-3.5253
-2.4168
-0.719181
-2.79404
-1.33301
-2.43278
-0.773717
-1.30487
-1.74919
-2.57148
-1.24962
-3.92353
-2.30275
-1.93091
-2.35143
-1.45181
-1.60408
-1.75445
-0.634357
-2.80678
-1.21422
-2.30551
-2.20033
0
-2.0392
-3.86486
-0.47116
-2.50321
-0.756217
-1.37646
-2.83222
-2.11171
-2.17749
-4.18878
-3.02711
-1.41441
-1.38835
-3.61109
-2.62039
-1.60149
-3.20999
-3.90737
-2.42415
-1.09842
0.413761
-1.46052
-1.98416
-1.48781
-1.8838
-2.8566
-2.0392
0
-2.20577
-2.98114
-1.51548
-1.52542
-2.84586
-3.94257
-1.70493
0.428178
-1.50801
-2.98739
-1.26339
-2.05102
-1.1505
-1.61696
-1.20093
-2.7897
-2.33786
-1.26878
-2.36692
-2.77465
-1.55019
-2.28493
-1.92809
-2.37395
-2.48461
-3.86486
-2.20577
0
-0.483178
-3.21798
-1.48794
-2.32292
-0.0625711
-0.867694
-3.16783
-4.34765
-2.33735
-3.04346
-2.36253
-0.878527
-0.692093
-2.23886
-2.48055
-2.38093
-1.94786
-1.22773
-2.56861
-1.18377
-1.48717
-1.4352
-1.58458
-1.08734
-0.47116
-2.98114
-0.483178
0
-2.20384
-2.32151
-3.20197
-2.5004
-3.50806
-2.74553
-3.91773
-0.158263
-3.0426
-2.26767
-0.666546
-1.328
-3.32655
-1.75026
-3.15455
-2.304
-0.421838
-3.09056
-1.96305
-2.21914
-2.20091
-0.294592
-3.5253
-2.50321
-1.51548
-3.21798
-2.20384
0
-1.0639
-3.23469
-1.52657
-1.6548
-4.11438
-4.08213
-2.18789
-2.9504
-1.67752
-2.25653
-1.6087
-2.26623
-2.44739
-0.887486
-1.16041
-1.27783
-1.73549
-1.61146
-2.90353
-1.64787
-2.41581
-2.4168
-0.756217
-1.52542
-1.48794
-2.32151
-1.0639
0
-1.9401
-0.920674
-1.00488
-3.01356
0.365793
-2.23523
-3.96671
-2.79358
-1.9788
-1.33227
-1.90124
0.0317156
-2.94705
-2.23809
-0.931275
-1.2263
-1.83053
0.76981
-3.07399
-2.25604
-0.719181
-1.37646
-2.84586
-2.32292
-3.20197
-3.23469
-1.9401
0
-1.92973
-4.34201
-2.04154
-1.04851
-2.63013
0.457062
-2.19379
-1.4544
-2.857
-0.418202
-0.878525
-3.35865
-1.06943
-1.6939
-1.22414
-2.45043
-2.47024
-0.577679
-2.11833
-2.79404
-2.83222
-3.94257
-0.0625711
-2.5004
-1.52657
-0.920674
-1.92973
0
-2.37421
-1.86984
-4.11067
-1.58826
-1.82521
-4.37989
-1.35921
-2.46303
-2.94331
-1.28271
-2.21364
-1.3763
-1.61265
-1.40555
-1.58192
-0.325728
-2.80125
-4.44384
-1.33301
-2.11171
-1.70493
-0.867694
-3.50806
-1.6548
-1.00488
-4.34201
-2.37421
0
-2.48999
-0.052028
-1.27781
-2.04238
-0.993691
-1.89358
-1.47845
-3.35244
-3.49479
-3.20832
-3.71054
-2.48585
-3.48434
-3.82286
-2.07124
-1.48141
-0.62323
-2.43278
-2.17749
0.428178
-3.16783
-2.74553
-4.11438
-3.01356
-2.04154
-1.86984
-2.48999
0
-0.881737
-2.54152
-2.22469
-1.53411
-2.95384
-2.59274
-2.06467
-2.47172
-1.77908
-1.83676
-2.44748
-3.27988
0.114036
-1.70756
-1.9142
-1.78297
-0.773717
-4.18878
-1.50801
-4.34765
-3.91773
-4.08213
0.365793
-1.04851
-4.11067
-0.052028
-0.881737
0
-1.96689
-3.40667
-2.77187
-1.61079
-2.55508
-2.17651
-0.0650355
-3.62322
-1.44624
-3.60098
-2.3334
-3.97389
-0.665194
-1.8765
-3.0021
-1.30487
-3.02711
-2.98739
-2.33735
-0.158263
-2.18789
-2.23523
-2.63013
-1.58826
-1.27781
-2.54152
-1.96689
0
-4.38557
-1.16377
-2.10549
-2.12572
-2.72234
-3.97982
-2.52131
-2.91723
-1.50382
-1.6361
-1.10446
-2.03589
-3.97877
-2.37866
-1.74919
-1.41441
-1.26339
-3.04346
-3.0426
-2.9504
-3.96671
0.457062
-1.82521
-2.04238
-2.22469
-3.40667
-4.38557
0
-2.30571
-2.02355
-1.87228
-3.29453
0.184814
-1.50887
-1.99061
-2.49935
0.190758
-1.73601
-2.53694
-3.55871
-4.14136
-2.57148
-1.38835
-2.05102
-2.36253
-2.26767
-1.67752
-2.79358
-2.19379
-4.37989
-0.993691
-1.53411
-2.77187
-1.16377
-2.30571
0
-4.34893
-2.22832
-1.4937
-1.95167
0.345682
-2.61616
-2.01209
-2.07654
-1.85794
-2.23387
-0.670882
0.374193
-1.24962
-3.61109
-1.1505
-0.878527
-0.666546
-2.25653
-1.9788
-1.4544
-1.35921
-1.89358
-2.95384
-1.61079
-2.10549
-2.02355
-4.34893
0
-0.713498
-2.56071
-1.24103
-2.26724
-2.69315
-3.73771
-0.244027
-2.78007
-0.19478
-2.13532
-2.77546
-3.92353
-2.62039
-1.61696
-0.692093
-1.328
-1.6087
-1.33227
-2.857
-2.46303
-1.47845
-2.59274
-2.55508
-2.12572
-1.87228
-2.22832
-0.713498
0
-3.17911
-0.826379
-1.02725
-2.03075
-1.32193
-2.18394
-3.51737
-1.95196
-3.18379
-2.04042
-2.30275
-1.60149
-1.20093
-2.23886
-3.32655
-2.26623
-1.90124
-0.418202
-2.94331
-3.35244
-2.06467
-2.17651
-2.72234
-3.29453
-1.4937
-2.56071
-3.17911
0
-1.03512
-1.81572
-1.85898
-1.25774
-3.3226
-1.96761
1.16921
-1.17883
-1.29041
-1.93091
-3.20999
-2.7897
-2.48055
-1.75026
-2.44739
0.0317156
-0.878525
-1.28271
-3.49479
-2.47172
-0.0650355
-3.97982
0.184814
-1.95167
-1.24103
-0.826379
-1.03512
0
-2.69995
-2.24653
-2.01333
-2.49231
-2.43127
-1.15188
-1.54658
-3.33868
-2.35143
-3.90737
-2.33786
-2.38093
-3.15455
-0.887486
-2.94705
-3.35865
-2.21364
-3.20832
-1.77908
-3.62322
-2.52131
-1.50887
0.345682
-2.26724
-1.02725
-1.81572
-2.69995
0
-2.6434
-2.27277
-1.21144
-2.29959
-0.90392
-3.4086
-1.51291
-1.45181
-2.42415
-1.26878
-1.94786
-2.304
-1.16041
-2.23809
-1.06943
-1.3763
-3.71054
-1.83676
-1.44624
-2.91723
-1.99061
-2.61616
-2.69315
-2.03075
-1.85898
-2.24653
-2.6434
0
-4.4084
0.142515
-3.02221
-0.930705
-1.08888
-1.68053
-1.60408
-1.09842
-2.36692
-1.22773
-0.421838
-1.27783
-0.931275
-1.6939
-1.61265
-2.48585
-2.44748
-3.60098
-1.50382
-2.49935
-2.01209
-3.73771
-1.32193
-1.25774
-2.01333
-2.27277
-4.4084
0
-2.05341
-2.8803
-2.63885
0.298218
-1.52545
-1.75445
0.413761
-2.77465
-2.56861
-3.09056
-1.73549
-1.2263
-1.22414
-1.40555
-3.48434
-3.27988
-2.3334
-1.6361
0.190758
-2.07654
-0.244027
-2.18394
-3.3226
-2.49231
-1.21144
0.142515
-2.05341
0
-0.994218
-2.01275
-1.78824
-2.34058
-0.634357
-1.46052
-1.55019
-1.18377
-1.96305
-1.61146
-1.83053
-2.45043
-1.58192
-3.82286
0.114036
-3.97389
-1.10446
-1.73601
-1.85794
-2.78007
-3.51737
-1.96761
-2.43127
-2.29959
-3.02221
-2.8803
-0.994218
0
-1.46609
-3.2369
-1.27248
-2.80678
-1.98416
-2.28493
-1.48717
-2.21914
-2.90353
0.76981
-2.47024
-0.325728
-2.07124
-1.70756
-0.665194
-2.03589
-2.53694
-2.23387
-0.19478
-1.95196
1.16921
-1.15188
-0.90392
-0.930705
-2.63885
-2.01275
-1.46609
0
