0
-1.82468
-3.49784
-3.2582
-2.58502
-3.93993
-0.0410444
0.686173
-1.65885
-2.14085
-1.6337
-2.91172
-0.500907
-1.58805
-0.722519
-0.824375
-0.884319
-1.88914
-3.89327
-2.30708
-1.31749
0.275256
-3.3946
-2.89508
-2.42896
-3.41279
-1.07506
-1.82468
0
-2.05943
-1.62659
-2.57032
-3.09233
-1.86627
-1.73189
-2.14315
-2.60754
-2.10584
-3.13923
-1.48499
-0.889753
-0.924375
0.380116
-0.377183
-3.17087
-2.54955
-2.13311
-2.13047
-2.42545
-1.76406
-4.52543
-2.93185
-1.9935
-1.0039
-3.49784
-2.05943
0
-2.80985
-1.12794
-1.59376
-2.27568
-3.07278
-3.56275
-1.39215
-1.90016
-2.04892
-2.74762
-1.99513
-0.372116
-3.4333
-3.60641
-3.00614
-0.816242
-1.18928
-2.24888
-0.599886
-0.220273
-1.14597
-1.18642
-0.870483
-3.0799
-3.2582
-1.62659
-2.80985
0
-2.28353
-0.988822
-1.26413
-1.42343
-2.96667
-2.6942
-2.7522
-1.65702
-3.85951
-2.92264
-0.547339
-0.985343
-2.56988
-2.73648
0.930376
-1.87893
-2.78203
-0.999661
-0.026397
-0.275555
-1.83323
-2.10464
-0.742788
-2.58502
-2.57032
-1.12794
-2.28353
0
-1.92038
-2.92602
-2.1685
-2.10362
-0.604745
-0.92761
-0.812245
-3.80142
-0.990445
-0.66926
-1.87597
-1.86146
-3.44407
-2.26321
-2.60721
-2.82621
-1.24459
-1.01503
-2.05194
-1.70605
-0.890644
-3.54224
-3.93993
-3.09233
-1.59376
-0.988822
-1.92038
0
-1.61777
-2.64952
-2.60344
-3.44253
1.88027
-2.64883
-2.45888
-1.95826
-2.09644
-2.49618
-3.16325
-1.238
-1.87325
-2.3594
-2.84663
-2.17372
-2.97608
-2.42303
-1.00029
-2.61638
-2.50102
-0.0410444
-1.86627
-2.27568
-1.26413
-2.92602
-1.61777
0
-3.06397
-1.86098
-1.24401
-2.43389
-2.02747
-3.1254
-3.72647
-2.29936
-2.05066
-1.57568
-4.11549
-2.39211
-2.59591
-2.28147
-1.47573
-1.35404
-0.713006
-1.73739
-0.253912
-2.48548
0.686173
-1.73189
-3.07278
-1.42343
-2.1685
-2.64952
-3.06397
0
-1.1161
-2.75908
-0.640056
-2.08344
-1.59456
-1.61288
-3.58206
-1.17472
-2.04461
-0.76585
-2.37793
-3.20538
-1.48148
-0.433398
-1.95472
-2.73117
-1.35459
-2.87368
-2.80778
-1.65885
-2.14315
-3.56275
-2.96667
-2.10362
-2.60344
-1.86098
-1.1161
0
-2.72333
-2.34597
0.125899
-1.56868
-2.64555
-1.10974
-1.18842
0.138443
-2.57107
-3.11325
-1.43262
-2.76692
-1.526
-1.51318
-2.42767
-3.47849
-2.19557
-2.70166
-2.14085
-2.60754
-1.39215
-2.6942
-0.604745
-3.44253
-1.24401
-2.75908
-2.72333
0
-3.45486
-1.81085
-2.83893
-2.12765
-1.88859
-1.71682
-0.675926
-3.35674
-1.04078
-2.41444
-2.0023
-1.61874
0.418211
-2.1091
-2.37877
-2.98227
-0.833416
-1.6337
-2.10584
-1.90016
-2.7522
-0.92761
1.88027
-2.43389
-0.640056
-2.34597
-3.45486
0
-2.30923
-3.41579
-4.01568
-1.71503
-3.12913
-3.55102
-3.47466
-3.5742
-2.07993
-2.37763
-1.78074
-1.00352
-1.69151
-1.91516
-0.811931
-2.49438
-2.91172
-3.13923
-2.04892
-1.65702
-0.812245
-2.64883
-2.02747
-2.08344
0.125899
-1.81085
-2.30923
0
-1.62621
-1.09173
-2.19559
-0.300642
-2.5101
-1.04172
-1.68911
-1.72557
-1.8606
-2.92018
-0.995766
-4.06694
-2.65404
-1.39551
-1.81139
-0.500907
-1.48499
-2.74762
-3.85951
-3.80142
-2.45888
-3.1254
-1.59456
-1.56868
-2.83893
-3.41579
-1.62621
0
-1.28947
-1.53026
-3.00377
-2.43712
-2.38745
-1.82066
-3.92573
-2.6216
-0.704574
-2.33823
-2.81773
-1.36556
-0.572927
-1.00717
-1.58805
-0.889753
-1.99513
-2.92264
-0.990445
-1.95826
-3.72647
-1.61288
-2.64555
-2.12765
-4.01568
-1.09173
-1.28947
0
-2.08624
-0.695553
-3.22375
-3.19753
-1.37204
1.2848
-2.49136
-0.82681
-1.43328
-2.61914
-0.121203
-2.85379
-2.52152
-0.722519
-0.924375
-0.372116
-0.547339
-0.66926
-2.09644
-2.29936
-3.58206
-1.10974
-1.88859
-1.71503
-2.19559
-1.53026
-2.08624
0
-1.13414
-3.01712
-3.35794
-1.5413
-2.07868
-2.00074
-1.01367
-2.29614
-1.26577
-2.39048
-0.878222
-1.99483
-0.824375
0.380116
-3.4333
-0.985343
-1.87597
-2.49618
-2.05066
-1.17472
-1.18842
-1.71682
-3.12913
-0.300642
-3.00377
-0.695553
-1.13414
0
-3.16673
-1.57933
-1.46477
-1.2341
-2.33043
-0.865157
-2.42186
-1.32738
-1.06095
-1.90252
-1.3632
-0.884319
-0.377183
-3.60641
-2.56988
-1.86146
-3.16325
-1.57568
-2.04461
0.138443
-0.675926
-3.55102
-2.5101
-2.43712
-3.22375
-3.01712
-3.16673
0
-2.48149
-3.70305
-3.03872
-1.66649
-2.73101
-1.28727
-2.34336
-0.959126
-1.35194
-1.24961
-1.88914
-3.17087
-3.00614
-2.73648
-3.44407
-1.238
-4.11549
-0.76585
-2.57107
-3.35674
-3.47466
-1.04172
-2.38745
-3.19753
-3.35794
-1.57933
-2.48149
0
-2.12462
-2.17596
-0.226177
-2.35056
-2.47925
-2.07893
-1.65421
-2.85642
-2.32426
-3.89327
-2.54955
-0.816242
0.930376
-2.26321
-1.87325
-2.39211
-2.37793
-3.11325
-1.04078
-3.5742
-1.68911
-1.82066
-1.37204
-1.5413
-1.46477
-3.70305
-2.12462
0
-1.58304
-1.93397
-2.81911
-1.48965
-1.16549
-0.727761
-3.44041
-1.29567
-2.30708
-2.13311
-1.18928
-1.87893
-2.60721
-2.3594
-2.59591
-3.20538
-1.43262
-2.41444
-2.07993
-1.72557
-3.92573
1.2848
-2.07868
-1.2341
-3.03872
-2.17596
-1.58304
0
-3.47022
-1.77546
-2.27743
-1.35682
-3.72742
-2.44759
-1.49097
-1.31749
-2.13047
-2.24888
-2.78203
-2.82621
-2.84663
-2.28147
-1.48148
-2.76692
-2.0023
-2.37763
-1.8606
-2.6216
-2.49136
-2.00074
-2.33043
-1.66649
-0.226177
-1.93397
-3.47022
0
-2.81583
-0.907089
-3.52516
-2.98691
-2.74504
-2.27445
0.275256
-2.42545
-0.599886
-0.999661
-1.24459
-2.17372
-1.47573
-0.433398
-1.526
-1.61874
-1.78074
-2.92018
-0.704574
-0.82681
-1.01367
-0.865157
-2.73101
-2.35056
-2.81911
-1.77546
-2.81583
0
-2.22415
-1.411
-2.9677
-1.94045
-1.07958
-3.3946
-1.76406
-0.220273
-0.026397
-1.01503
-2.97608
-1.35404
-1.95472
-1.51318
0.418211
-1.00352
-0.995766
-2.33823
-1.43328
-2.29614
-2.42186
-1.28727
-2.47925
-1.48965
-2.27743
-0.907089
-2.22415
0
-1.13351
-1.88237
-1.46052
-2.89891
-2.89508
-4.52543
-1.14597
-0.275555
-2.05194
-2.42303
-0.713006
-2.73117
-2.42767
-2.1091
-1.69151
-4.06694
-2.81773
-2.61914
-1.26577
-1.32738
-2.34336
-2.07893
-1.16549
-1.35682
-3.52516
-1.411
-1.13351
0
-1.4097
-1.39676
-2.05149
-2.42896
-2.93185
-1.18642
-1.83323
-1.70605
-1.00029
-1.73739
-1.35459
-3.47849
-2.37877
-1.91516
-2.65404
-1.36556
-0.121203
-2.39048
-1.06095
-0.959126
-1.65421
-0.727761
-3.72742
-2.98691
-2.9677
-1.88237
-1.4097
0
-1.67951
-0.935368
-3.41279
-1.9935
-0.870483
-2.10464
-0.890644
-2.61638
-0.253912
-2.87368
-2.19557
-2.98227
-0.811931
-1.39551
-0.572927
-2.85379
-0.878222
-1.90252
-1.35194
-2.85642
-3.44041
-2.44759
-2.74504
-1.94045
-1.46052
-1.39676
-1.67951
0
-3.0513
-1.07506
-1.0039
-3.0799
-0.742788
-3.54224
-2.50102
-2.48548
-2.80778
-2.70166
-0.833416
-2.49438
-1.81139
-1.00717
-2.52152
-1.99483
-1.3632
-1.24961
-2.32426
-1.29567
-1.49097
-2.27445
-1.07958
-2.89891
-2.05149
-0.935368
-3.0513
0
