0
-1.42236
-2.04847
-0.506904
-1.29894
-1.97759
-1.02045
-3.28
-2.04092
-2.79115
-2.55381
-1.66785
-2.76186
-2.22929
-0.511735
-3.87765
-3.74644
-3.10105
-2.56492
-3.174
-2.76882
-1.13498
-1.65372
-1.00551
-2.98122
-2.44381
1.26575
-1.42236
0
-1.18899
-2.64232
-2.79756
-1.51403
-1.117
-2.35481
-1.95395
-1.5286
-2.00773
-1.12868
-0.656955
-2.24982
-1.97823
-3.61764
-1.70575
-1.74431
-1.44733
-2.35248
-2.9733
-2.01826
-1.9769
-2.31788
-3.72352
-2.17326
-3.41436
-2.04847
-1.18899
0
0.231917
-3.39491
-2.21759
-2.72008
-2.82933
-3.81911
-1.74777
-1.94272
-1.37989
-0.992329
-1.95923
-1.2266
-2.94686
-2.87575
-0.909464
-1.42487
-2.27683
-3.20689
-2.27066
-1.59726
-1.3854
-1.79479
-3.1578
-2.31584
-0.506904
-2.64232
0.231917
0
-0.254251
-2.27174
-2.39379
-2.59601
-1.29609
-1.20494
-0.69718
-2.58886
-2.81294
-1.45465
-5.15528
-1.58459
-4.42495
-2.34738
-0.852606
-1.93009
-2.12896
-1.57838
-3.87931
-1.24682
-1.62461
-2.56782
-2.72118
-1.29894
-2.79756
-3.39491
-0.254251
0
-1.90309
-3.55054
-2.61639
-0.896994
-2.36595
-2.85934
-2.71071
-1.88675
-2.48977
-0.88058
-1.41708
-0.223848
-2.05781
-3.04179
-1.64928
-2.89045
-0.835128
-2.44259
-2.66401
-2.04713
-2.06303
-3.26183
-1.97759
-1.51403
-2.21759
-2.27174
-1.90309
0
-1.76818
-3.22288
-3.1319
-1.93429
-0.423182
-1.6411
-3.67961
-3.14085
-1.66876
-1.00844
-2.212
-0.438936
-2.17893
-1.29241
-0.300337
-3.19329
-2.26271
-1.62404
-3.00728
-3.97859
-1.75346
-1.02045
-1.117
-2.72008
-2.39379
-3.55054
-1.76818
0
-0.696988
-2.78933
-1.76666
-0.972776
-3.60727
0.238112
-0.0477986
-2.83775
-1.64476
-1.40476
-1.84864
-1.69176
-3.35388
-2.69939
-0.200538
-2.27118
-0.825808
-1.68279
-2.29202
-1.40309
-3.28
-2.35481
-2.82933
-2.59601
-2.61639
-3.22288
-0.696988
0
-0.870036
-2.30533
-2.08939
-2.06164
-2.28899
-2.78931
-2.43718
-3.41462
-0.0801965
-2.73649
-0.633449
-1.99359
-3.61292
-0.862985
-3.09993
-3.41304
-5.06139
-1.25865
-2.40633
-2.04092
-1.95395
-3.81911
-1.29609
-0.896994
-3.1319
-2.78933
-0.870036
0
-1.72474
-2.54374
-2.00279
-1.98862
-1.22885
-3.02536
-0.936518
-3.76991
-1.89228
-2.36372
-1.28756
-2.12902
-2.99876
-1.94241
-2.56727
-3.38624
-2.20566
-2.14407
-2.79115
-1.5286
-1.74777
-1.20494
-2.36595
-1.93429
-1.76666
-2.30533
-1.72474
0
-1.45709
-1.23668
-1.69871
-2.47766
-2.28691
-0.767899
-2.79267
-0.503202
-2.20779
-3.31903
-4.10138
-3.93305
-3.52109
-1.25038
-3.59635
-0.903802
-1.8468
-2.55381
-2.00773
-1.94272
-0.69718
-2.85934
-0.423182
-0.972776
-2.08939
-2.54374
-1.45709
0
-3.43598
-4.35059
-1.12733
-2.57636
-1.858
-2.50502
-3.41849
-2.20144
-2.06902
1.00448
-1.51078
-1.75471
-0.948955
-3.41883
-2.41372
-0.77729
-1.66785
-1.12868
-1.37989
-2.58886
-2.71071
-1.6411
-3.60727
-2.06164
-2.00279
-1.23668
-3.43598
0
-0.599118
-4.28354
-2.07236
-1.8108
-1.04349
-1.88812
-2.75949
-2.08658
-2.41876
-1.82646
-3.11569
-2.31436
-2.7533
0.0509941
-3.55863
-2.76186
-0.656955
-0.992329
-2.81294
-1.88675
-3.67961
0.238112
-2.28899
-1.98862
-1.69871
-4.35059
-0.599118
0
-0.571299
-1.42922
-0.272073
-2.35952
-2.73761
-1.01817
-1.88582
-2.11455
-1.14622
-1.81332
-1.04706
-3.74073
-1.86915
-2.33199
-2.22929
-2.24982
-1.95923
-1.45465
-2.48977
-3.14085
-0.0477986
-2.78931
-1.22885
-2.47766
-1.12733
-4.28354
-0.571299
0
-0.497871
-2.12229
-1.58543
-3.47324
-2.04553
-3.6998
0.0473887
-3.91558
-0.298522
-0.632325
-1.9996
-4.03943
-1.8149
-0.511735
-1.97823
-1.2266
-5.15528
-0.88058
-1.66876
-2.83775
-2.43718
-3.02536
-2.28691
-2.57636
-2.07236
-1.42922
-0.497871
0
-1.98457
-1.27132
-0.633637
-1.38702
-1.21102
-2.25173
-0.472248
-1.75109
-0.620736
-2.41953
-3.3435
-3.12745
-3.87765
-3.61764
-2.94686
-1.58459
-1.41708
-1.00844
-1.64476
-3.41462
-0.936518
-0.767899
-1.858
-1.8108
-0.272073
-2.12229
-1.98457
0
-1.4161
-2.55924
-1.77854
-1.4003
1.45246
-0.304116
-2.14891
-2.43197
-2.39309
-2.65739
-2.14577
-3.74644
-1.70575
-2.87575
-4.42495
-0.223848
-2.212
-1.40476
-0.0801965
-3.76991
-2.79267
-2.50502
-1.04349
-2.35952
-1.58543
-1.27132
-1.4161
0
-5.17133
-1.58267
-1.87527
-2.17228
-1.9359
-1.0462
-1.64987
-3.34924
-1.90257
-2.28402
-3.10105
-1.74431
-0.909464
-2.34738
-2.05781
-0.438936
-1.84864
-2.73649
-1.89228
-0.503202
-3.41849
-1.88812
-2.73761
-3.47324
-0.633637
-2.55924
-5.17133
0
-3.81072
0.633177
-0.849658
-1.96817
-3.27599
-1.8793
-2.95482
-2.73017
-2.4682
-2.56492
-1.44733
-1.42487
-0.852606
-3.04179
-2.17893
-1.69176
-0.633449
-2.36372
-2.20779
-2.20144
-2.75949
-1.01817
-2.04553
-1.38702
-1.77854
-1.58267
-3.81072
0
-1.95743
-0.37868
-1.25731
-3.29792
-1.30301
-1.58721
-2.62708
-0.31201
-3.174
-2.35248
-2.27683
-1.93009
-1.64928
-1.29241
-3.35388
-1.99359
-1.28756
-3.31903
-2.06902
-2.08658
-1.88582
-3.6998
-1.21102
-1.4003
-1.87527
0.633177
-1.95743
0
-1.03423
-1.72006
-1.20358
-2.53601
-2.38967
-2.52328
-1.06094
-2.76882
-2.9733
-3.20689
-2.12896
-2.89045
-0.300337
-2.69939
-3.61292
-2.12902
-4.10138
1.00448
-2.41876
-2.11455
0.0473887
-2.25173
1.45246
-2.17228
-0.849658
-0.37868
-1.03423
0
-3.19925
-1.39681
-2.43199
-1.1993
-2.27819
-2.16219
-1.13498
-2.01826
-2.27066
-1.57838
-0.835128
-3.19329
-0.200538
-0.862985
-2.99876
-3.93305
-1.51078
-1.82646
-1.14622
-3.91558
-0.472248
-0.304116
-1.9359
-1.96817
-1.25731
-1.72006
-3.19925
0
-2.33337
-3.27327
-3.23262
0.285981
-2.82333
-1.65372
-1.9769
-1.59726
-3.87931
-2.44259
-2.26271
-2.27118
-3.09993
-1.94241
-3.52109
-1.75471
-3.11569
-1.81332
-0.298522
-1.75109
-2.14891
-1.0462
-3.27599
-3.29792
-1.20358
-1.39681
-2.33337
0
-2.41598
-1.87986
-2.26068
-2.07627
-1.00551
-2.31788
-1.3854
-1.24682
-2.66401
-1.62404
-0.825808
-3.41304
-2.56727
-1.25038
-0.948955
-2.31436
-1.04706
-0.632325
-0.620736
-2.43197
-1.64987
-1.8793
-1.30301
-2.53601
-2.43199
-3.27327
-2.41598
0
-1.12174
-1.26702
-2.11545
-2.98122
-3.72352
-1.79479
-1.62461
-2.04713
-3.00728
-1.68279
-5.06139
-3.38624
-3.59635
-3.41883
-2.7533
-3.74073
-1.9996
-2.41953
-2.39309
-3.34924
-2.95482
-1.58721
-2.38967
-1.1993
-3.23262
-1.87986
-1.12174
0
-2.53913
-0.901375
-2.44381
-2.17326
-3.1578
-2.56782
-2.06303
-3.97859
-2.29202
-1.25865
-2.20566
-0.903802
-2.41372
0.0509941
-1.86915
-4.03943
-3.3435
-2.65739
-1.90257
-2.73017
-2.62708
-2.52328
-2.27819
0.285981
-2.26068
-1.26702
-2.53913
0
-2.94093
1.26575
-3.41436
-2.31584
-2.72118
-3.26183
-1.75346
-1.40309
-2.40633
-2.14407
-1.8468
-0.77729
-3.55863
-2.33199
-1.8149
-3.12745
-2.14577
-2.28402
-2.4682
-0.31201
-1.06094
-2.16219
-2.82333
-2.07627
-2.11545
-0.901375
-2.94093
0
