0
-2.20259
0.659226
-0.411786
-1.36361
-2.61945
-2.81781
-2.10977
-3.51812
-1.29759
-3.13082
-3.01205
-2.15599
-2.06816
-2.16346
-0.530565
-1.98794
-2.09947
-2.5067
-1.57793
-2.09093
-2.69301
-0.652013
-2.97949
-1.75983
-0.708484
-1.12693
-2.20259
0
-0.26569
-3.4013
-3.72029
-1.83908
-2.01105
-2.4458
-0.459055
-2.31385
-1.25535
-0.572599
-2.44543
-2.66382
-1.05465
-1.74544
-0.137076
-2.94272
-1.3119
-2.91227
-1.43306
0.12704
-1.12338
-2.695
-1.8519
-2.37513
-1.83715
0.659226
-0.26569
0
-3.5424
-3.56108
-1.69528
-2.09155
-2.4991
-1.658
-1.64288
-1.74794
-2.814
-1.2619
-1.57533
-1.39552
-1.75712
-2.16917
-0.832041
-2.59174
-2.18423
-1.35158
-1.6128
-3.38858
-1.403
-2.66117
-2.80841
-1.24598
-0.411786
-3.4013
-3.5424
0
0.247614
-2.18857
-2.59767
-2.87577
-1.81526
-1.41913
-0.75527
-1.75804
-2.42686
-1.95135
-2.90895
-2.42786
-0.74169
-3.19434
-2.1947
-2.45606
-3.57359
-1.04163
-2.36102
-1.66653
-3.53819
-2.89143
-3.29925
-1.36361
-3.72029
-3.56108
0.247614
0
-3.55673
0.375714
-2.21343
-2.04587
-1.77689
-2.2951
-2.00387
-3.44006
-3.41551
-3.3116
-3.18559
-0.624914
-1.87622
-1.37642
-2.27094
-3.5673
-1.71744
-3.10745
-2.37001
-3.85886
-1.26398
-0.945073
-2.61945
-1.83908
-1.69528
-2.18857
-3.55673
0
-1.96303
-2.11216
-1.18602
-2.62863
-0.404105
-2.3697
-2.38928
-2.08633
-3.59779
-4.20084
-1.71895
-2.62426
-0.0873018
-1.69091
-1.25431
-2.75239
-1.30282
-0.722635
-2.26129
-0.859114
-0.827662
-2.81781
-2.01105
-2.09155
-2.59767
0.375714
-1.96303
0
-3.05844
-1.58834
-1.24425
-3.10935
-2.16305
-1.52577
-1.5632
-2.30143
-1.70953
-1.60515
-2.71174
-1.31864
-1.54446
-0.19139
-3.5927
-1.84887
-2.08039
-2.6212
-3.66466
-1.4746
-2.10977
-2.4458
-2.4991
-2.87577
-2.21343
-2.11216
-3.05844
0
-1.87271
-0.480686
-1.3164
-2.17679
-0.917931
-0.398059
-1.98262
-2.53807
-2.68316
-3.33341
-3.26956
-1.88351
-1.47758
-3.11226
-1.27164
-3.20527
-1.94266
-2.43749
-3.0129
-3.51812
-0.459055
-1.658
-1.81526
-2.04587
-1.18602
-1.58834
-1.87271
0
-1.763
-1.82198
-3.31344
-1.55479
-3.22432
-3.62069
-1.73446
-2.50761
-1.39163
-0.326099
-2.16442
-2.21982
-2.54501
-0.812055
-3.06123
-2.36889
-1.8286
-2.16325
-1.29759
-2.31385
-1.64288
-1.41913
-1.77689
-2.62863
-1.24425
-0.480686
-1.763
0
-3.08912
-1.57526
-4.13802
-0.275292
-1.09938
-2.95844
-3.10294
-2.41386
-3.216
-2.64392
-2.25753
-3.15212
-2.61802
-1.82254
-3.8891
-0.362803
-1.5561
-3.13082
-1.25535
-1.74794
-0.75527
-2.2951
-0.404105
-3.10935
-1.3164
-1.82198
-3.08912
0
-0.999383
-0.707006
-4.69906
-2.71442
-2.30804
-1.70498
-1.8787
-1.53018
-1.20508
-3.01319
-1.01854
-1.64563
-2.48503
-4.17962
-2.6923
-0.881254
-3.01205
-0.572599
-2.814
-1.75804
-2.00387
-2.3697
-2.16305
-2.17679
-3.31344
-1.57526
-0.999383
0
-1.85636
-0.4261
-0.481785
-1.25425
-1.44402
-2.28753
-1.86613
-1.15212
-2.05991
-0.654091
-1.34246
-1.54631
-3.25966
-2.77754
-0.652532
-2.15599
-2.44543
-1.2619
-2.42686
-3.44006
-2.38928
-1.52577
-0.917931
-1.55479
-4.13802
-0.707006
-1.85636
0
-3.57392
-1.01457
-1.75451
-2.80277
-1.39809
-2.12959
-1.80547
-3.7509
-2.50155
-2.07887
-2.18111
-0.664839
-2.63119
-1.99005
-2.06816
-2.66382
-1.57533
-1.95135
-3.41551
-2.08633
-1.5632
-0.398059
-3.22432
-0.275292
-4.69906
-0.4261
-3.57392
0
-1.64353
-1.0346
-1.63766
-1.4772
-0.79977
-2.18088
-2.85853
-1.69068
-2.79318
-1.39562
-2.90173
-2.9011
-2.0511
-2.16346
-1.05465
-1.39552
-2.90895
-3.3116
-3.59779
-2.30143
-1.98262
-3.62069
-1.09938
-2.71442
-0.481785
-1.01457
-1.64353
0
-2.09003
-0.514575
-2.11755
-1.8755
-2.39756
-1.4253
-2.87472
-2.37436
-2.12342
-1.83325
-1.70718
-1.90976
-0.530565
-1.74544
-1.75712
-2.42786
-3.18559
-4.20084
-1.70953
-2.53807
-1.73446
-2.95844
-2.30804
-1.25425
-1.75451
-1.0346
-2.09003
0
-0.514062
-1.49435
-3.3348
-1.45774
-1.46636
-3.18878
-1.89346
-1.91569
-1.62974
-1.18914
-1.91038
-1.98794
-0.137076
-2.16917
-0.74169
-0.624914
-1.71895
-1.60515
-2.68316
-2.50761
-3.10294
-1.70498
-1.44402
-2.80277
-1.63766
-0.514575
-0.514062
0
-1.80494
-2.26402
-1.58698
-0.52247
-2.86516
-2.05439
-1.38658
-1.89618
-0.934092
-1.52111
-2.09947
-2.94272
-0.832041
-3.19434
-1.87622
-2.62426
-2.71174
-3.33341
-1.39163
-2.41386
-1.8787
-2.28753
-1.39809
-1.4772
-2.11755
-1.49435
-1.80494
0
-0.797191
-1.9638
-2.21768
-2.73538
-3.0816
-1.58622
-2.79908
-3.10204
-2.84378
-2.5067
-1.3119
-2.59174
-2.1947
-1.37642
-0.0873018
-1.31864
-3.26956
-0.326099
-3.216
-1.53018
-1.86613
-2.12959
-0.79977
-1.8755
-3.3348
-2.26402
-0.797191
0
-1.07236
-0.975455
-1.36564
-2.2139
-2.76865
-2.31669
-2.86792
-2.37659
-1.57793
-2.91227
-2.18423
-2.45606
-2.27094
-1.69091
-1.54446
-1.88351
-2.16442
-2.64392
-1.20508
-1.15212
-1.80547
-2.18088
-2.39756
-1.45774
-1.58698
-1.9638
-1.07236
0
-1.61186
-2.5318
-2.69975
0.615946
-2.40359
-2.38719
-0.770292
-2.09093
-1.43306
-1.35158
-3.57359
-3.5673
-1.25431
-0.19139
-1.47758
-2.21982
-2.25753
-3.01319
-2.05991
-3.7509
-2.85853
-1.4253
-1.46636
-0.52247
-2.21768
-0.975455
-1.61186
0
-1.12151
-1.02688
-3.64195
-1.598
-1.43887
-1.38878
-2.69301
0.12704
-1.6128
-1.04163
-1.71744
-2.75239
-3.5927
-3.11226
-2.54501
-3.15212
-1.01854
-0.654091
-2.50155
-1.69068
-2.87472
-3.18878
-2.86516
-2.73538
-1.36564
-2.5318
-1.12151
0
-1.49762
-0.698227
-2.82505
-4.0317
0.106596
-0.652013
-1.12338
-3.38858
-2.36102
-3.10745
-1.30282
-1.84887
-1.27164
-0.812055
-2.61802
-1.64563
-1.34246
-2.07887
-2.79318
-2.37436
-1.89346
-2.05439
-3.0816
-2.2139
-2.69975
-1.02688
-1.49762
0
-0.44718
-1.93942
-2.04401
-2.69818
-2.97949
-2.695
-1.403
-1.66653
-2.37001
-0.722635
-2.08039
-3.20527
-3.06123
-1.82254
-2.48503
-1.54631
-2.18111
-1.39562
-2.12342
-1.91569
-1.38658
-1.58622
-2.76865
0.615946
-3.64195
-0.698227
-0.44718
0
-2.93757
-1.5407
-1.83862
-1.75983
-1.8519
-2.66117
-3.53819
-3.85886
-2.26129
-2.6212
-1.94266
-2.36889
-3.8891
-4.17962
-3.25966
-0.664839
-2.90173
-1.83325
-1.62974
-1.89618
-2.79908
-2.31669
-2.40359
-1.598
-2.82505
-1.93942
-2.93757
0
-3.00168
-4.08345
-0.708484
-2.37513
-2.80841
-2.89143
-1.26398
-0.859114
-3.66466
-2.43749
-1.8286
-0.362803
-2.6923
-2.77754
-2.63119
-2.9011
-1.70718
-1.18914
-0.934092
-3.10204
-2.86792
-2.38719
-1.43887
-4.0317
-2.04401
-1.5407
-3.00168
0
-2.4577
-1.12693
-1.83715
-1.24598
-3.29925
-0.945073
-0.827662
-1.4746
-3.0129
-2.16325
-1.5561
-0.881254
-0.652532
-1.99005
-2.0511
-1.90976
-1.91038
-1.52111
-2.84378
-2.37659
-0.770292
-1.38878
0.106596
-2.69818
-1.83862
-4.08345
-2.4577
0
