0
-3.18551
-1.17152
-1.36922
-1.57784
1.53828
-2.89526
-1.34547
-4.49719
-2.26207
-0.771907
-1.85069
-3.07129
-2.30286
-1.65587
-2.54143
-2.05247
-3.10211
-2.05792
-2.89408
-3.23716
-1.9665
-2.30206
-0.794789
-2.27294
-0.568645
-1.56444
-3.18551
0
-3.79378
-2.96942
-1.94503
-1.76441
-2.44541
-2.48548
-3.05611
-3.82491
-1.63135
-3.31999
-0.43847
0.878961
-1.65249
-2.19278
-1.31387
-2.48999
-2.44504
-2.73029
-0.757295
-2.13066
-1.19312
-1.91377
-2.10039
-1.35839
-2.53332
-1.17152
-3.79378
0
-1.82774
-1.52696
-1.86386
-0.368528
-2.01134
-2.41367
-1.80483
-2.85456
-1.84136
-1.47966
-1.99555
-3.03409
-2.43984
-1.88485
-1.56076
-1.53732
-2.22564
-1.16419
-1.47389
-2.62636
-2.10278
-0.617292
-1.05543
-2.35411
-1.36922
-2.96942
-1.82774
0
-1.47731
-2.37374
-0.549236
-2.09489
-2.22461
-2.27247
-2.85927
-3.02754
-0.631395
-1.28293
-1.77584
-0.612326
-4.36675
-1.2719
-1.15066
-1.4262
-2.81681
-3.52405
0.63791
-2.35273
-2.03443
-2.1619
-2.57292
-1.57784
-1.94503
-1.52696
-1.47731
0
-1.3897
-2.28957
-1.61318
-2.82866
-3.5296
-2.05943
-3.6461
-1.83214
-0.130366
-2.38586
-2.77035
-3.52211
-2.30025
-1.75749
-2.07514
-2.637
-2.69228
-0.990922
-2.36222
-1.66281
-2.32359
-1.70163
1.53828
-1.76441
-1.86386
-2.37374
-1.3897
0
-1.94512
-1.95418
-1.45994
-3.40035
-0.951786
-2.28669
-2.65497
-2.59213
-1.53229
-1.67346
-1.01035
-2.71704
-2.23388
-1.7373
-2.57915
-1.90011
-2.60313
-1.92477
-1.80407
-1.67326
-2.83267
-2.89526
-2.44541
-0.368528
-0.549236
-2.28957
-1.94512
0
0.607312
-2.7504
-2.71733
-1.0205
-1.0921
-1.72302
-0.902212
-1.77012
-0.324318
-1.63633
-2.51027
-1.20201
-0.468792
-3.21834
-2.44541
-1.72696
-0.996007
-2.1303
-1.02297
-1.65899
-1.34547
-2.48548
-2.01134
-2.09489
-1.61318
-1.95418
0.607312
0
-2.0719
-4.3098
-1.24198
-3.10161
-1.54082
-2.01395
-1.45824
-2.78368
-2.73125
-1.35532
-2.12497
-1.78854
-1.30527
-1.74849
-2.41994
-1.52697
-1.56014
-1.14928
-2.61353
-4.49719
-3.05611
-2.41367
-2.22461
-2.82866
-1.45994
-2.7504
-2.0719
0
-0.195856
-2.10233
-1.56259
-0.410927
-2.67269
-1.45772
-1.99835
-2.66226
-2.00497
-1.85097
-2.40835
-2.64983
-3.23011
-3.59902
-0.395155
-0.0371097
-1.75462
-1.29235
-2.26207
-3.82491
-1.80483
-2.27247
-3.5296
-3.40035
-2.71733
-4.3098
-0.195856
0
-1.34912
-1.9934
-1.36396
-2.30077
-0.921296
-3.39498
-1.16363
-2.15667
-2.94047
-2.44991
-2.79207
0.539618
-1.67785
-1.82124
-3.38396
-2.99704
-2.48768
-0.771907
-1.63135
-2.85456
-2.85927
-2.05943
-0.951786
-1.0205
-1.24198
-2.10233
-1.34912
0
-2.07195
-1.30984
-1.85498
-2.02848
-2.43289
-1.11504
-2.03213
-0.988154
-1.68752
-0.699957
-2.8363
-1.37913
-1.85714
-1.70953
-0.853143
-0.92479
-1.85069
-3.31999
-1.84136
-3.02754
-3.6461
-2.28669
-1.0921
-3.10161
-1.56259
-1.9934
-2.07195
0
-1.3784
-1.45139
-1.91066
-1.78684
-0.890814
-1.47877
-1.29919
-0.41727
-1.88888
-2.99775
0.417162
-1.32455
-2.45213
-2.12741
-4.16562
-3.07129
-0.43847
-1.47966
-0.631395
-1.83214
-2.65497
-1.72302
-1.54082
-0.410927
-1.36396
-1.30984
-1.3784
0
-1.2717
-1.89504
-2.6825
-0.53322
-1.45122
-4.25271
-1.89617
-1.4838
-1.65556
-0.839443
-3.23819
-3.71688
-1.71913
-1.22022
-2.30286
0.878961
-1.99555
-1.28293
-0.130366
-2.59213
-0.902212
-2.01395
-2.67269
-2.30077
-1.85498
-1.45139
-1.2717
0
-1.27129
-0.768735
-0.907454
-1.26918
-1.92836
-0.419513
-1.51155
-3.42921
-1.44322
-1.09114
-1.55556
-0.185552
-3.45129
-1.65587
-1.65249
-3.03409
-1.77584
-2.38586
-1.53229
-1.77012
-1.45824
-1.45772
-0.921296
-2.02848
-1.91066
-1.89504
-1.27129
0
-1.58675
-2.57703
-1.21816
-4.14764
-0.775978
-2.70799
-2.26473
-3.13327
-2.08031
-2.33777
-3.83922
-2.53102
-2.54143
-2.19278
-2.43984
-0.612326
-2.77035
-1.67346
-0.324318
-2.78368
-1.99835
-3.39498
-2.43289
-1.78684
-2.6825
-0.768735
-1.58675
0
-2.36971
-0.774898
-2.91406
-0.919493
-1.37757
-1.94839
-2.04942
-0.887264
-1.00671
-1.14192
-1.9005
-2.05247
-1.31387
-1.88485
-4.36675
-3.52211
-1.01035
-1.63633
-2.73125
-2.66226
-1.16363
-1.11504
-0.890814
-0.53322
-0.907454
-2.57703
-2.36971
0
-1.56171
-2.14999
-1.93716
-1.87065
-2.55276
-1.79048
-2.16617
-1.80845
-3.13371
-1.70787
-3.10211
-2.48999
-1.56076
-1.2719
-2.30025
-2.71704
-2.51027
-1.35532
-2.00497
-2.15667
-2.03213
-1.47877
-1.45122
-1.26918
-1.21816
-0.774898
-1.56171
0
-1.42871
-1.44718
-2.52337
-1.94183
-2.72695
-0.676911
-1.80202
-0.232033
-1.66733
-2.05792
-2.44504
-1.53732
-1.15066
-1.75749
-2.23388
-1.20201
-2.12497
-1.85097
-2.94047
-0.988154
-1.29919
-4.25271
-1.92836
-4.14764
-2.91406
-2.14999
-1.42871
0
-2.2981
-2.12663
0.50622
-2.17209
-1.87049
-2.02309
-1.13772
-3.23294
-2.89408
-2.73029
-2.22564
-1.4262
-2.07514
-1.7373
-0.468792
-1.78854
-2.40835
-2.44991
-1.68752
-0.41727
-1.89617
-0.419513
-0.775978
-0.919493
-1.93716
-1.44718
-2.2981
0
-1.76511
-2.50038
-3.12079
-1.75951
-2.17063
-2.58076
-1.17573
-3.23716
-0.757295
-1.16419
-2.81681
-2.637
-2.57915
-3.21834
-1.30527
-2.64983
-2.79207
-0.699957
-1.88888
-1.4838
-1.51155
-2.70799
-1.37757
-1.87065
-2.52337
-2.12663
-1.76511
0
-3.35433
-0.102038
-3.57834
-2.71531
-2.54236
-2.16444
-1.9665
-2.13066
-1.47389
-3.52405
-2.69228
-1.90011
-2.44541
-1.74849
-3.23011
0.539618
-2.8363
-2.99775
-1.65556
-3.42921
-2.26473
-1.94839
-2.55276
-1.94183
0.50622
-2.50038
-3.35433
0
-1.23835
-2.68312
-2.16504
-4.77581
-2.65736
-2.30206
-1.19312
-2.62636
0.63791
-0.990922
-2.60313
-1.72696
-2.41994
-3.59902
-1.67785
-1.37913
0.417162
-0.839443
-1.44322
-3.13327
-2.04942
-1.79048
-2.72695
-2.17209
-3.12079
-0.102038
-1.23835
0
-1.40925
-1.73811
-3.12182
-2.25256
-0.794789
-1.91377
-2.10278
-2.35273
-2.36222
-1.92477
-0.996007
-1.52697
-0.395155
-1.82124
-1.85714
-1.32455
-3.23819
-1.09114
-2.08031
-0.887264
-2.16617
-0.676911
-1.87049
-1.75951
-3.57834
-2.68312
-1.40925
0
-1.78741
-4.03866
-1.85255
-2.27294
-2.10039
-0.617292
-2.03443
-1.66281
-1.80407
-2.1303
-1.56014
-0.0371097
-3.38396
-1.70953
-2.45213
-3.71688
-1.55556
-2.33777
-1.00671
-1.80845
-1.80202
-2.02309
-2.17063
-2.71531
-2.16504
-1.73811
-1.78741
0
-2.79325
-0.847541
-0.568645
-1.35839
-1.05543
-2.1619
-2.32359
-1.67326
-1.02297
-1.14928
-1.75462
-2.99704
-0.853143
-2.12741
-1.71913
-0.185552
-3.83922
-1.14192
-3.13371
-0.232033
-1.13772
-2.58076
-2.54236
-4.77581
-3.12182
-4.03866
-2.79325
0
-0.91652
-1.56444
-2.53332
-2.35411
-2.57292
-1.70163
-2.83267
-1.65899
-2.61353
-1.29235
-2.48768
-0.92479
-4.16562
-1.22022
-3.45129
-2.53102
-1.9005
-1.70787
-1.66733
-3.23294
-1.17573
-2.16444
-2.65736
-2.25256
-1.85255
-0.847541
-0.91652
0
