0
-0.740168
-1.55806
-2.08221
-2.35554
-3.20054
-1.21149
-3.22909
0.95337
-2.55097
-1.19669
-3.49541
-0.874249
-2.78758
-2.82036
-2.46295
-0.566524
-2.30548
-2.689
-3.35735
-0.907502
-3.34033
-2.4715
-1.50752
-1.71114
-1.51062
-0.630351
-0.740168
0
-1.52244
-2.62599
-1.74614
-3.59502
-3.21583
-2.32561
-2.62334
-2.22638
-1.41744
-2.05641
-1.85603
0.487147
-1.0832
-2.25086
-2.50393
-3.92526
-1.37964
-1.60709
-3.9311
-2.07711
0.623285
-1.38431
-4.50465
-2.05888
-3.41587
-1.55806
-1.52244
0
-2.28902
-2.61199
-2.25164
-4.19709
-0.468254
-2.36518
-3.27235
-3.14042
-1.43325
-3.09052
-1.37688
-1.91662
-1.56925
-4.13534
-2.43366
-2.17863
-1.53364
-2.6663
-2.58739
-1.68433
-1.47894
-1.93785
-2.23848
-2.43744
-2.08221
-2.62599
-2.28902
0
-1.23498
-2.53636
-2.678
-1.3333
-1.18753
-2.79294
-2.23082
-0.581837
-2.57465
-1.32791
-1.53356
-2.1431
-3.61063
-2.29447
-3.80302
-2.67129
-1.19498
-0.476523
-1.25628
-0.866447
-1.55933
-1.26274
-1.68834
-2.35554
-1.74614
-2.61199
-1.23498
0
-1.07379
-2.21575
0.90251
0.701605
-3.94492
-1.29911
-1.713
-2.40032
-1.91401
-1.35356
-2.08419
-2.56351
-2.6069
-3.16654
-2.6635
-2.47782
-1.64368
-1.8973
-2.20743
-2.86243
-2.09036
-4.17652
-3.20054
-3.59502
-2.25164
-2.53636
-1.07379
0
-2.73399
-3.57647
-2.40123
-0.853354
-0.58537
-0.163544
-3.2691
-2.29315
-2.56177
-3.3136
-3.05978
-2.63927
-2.89678
-1.71
-1.4548
-2.44655
-2.14371
-2.6951
-2.66221
-1.84011
-2.32699
-1.21149
-3.21583
-4.19709
-2.678
-2.21575
-2.73399
0
-1.75026
-1.69216
-2.14291
-3.83699
-1.71697
-3.63596
-1.90247
-2.27531
-0.262706
-1.42972
-0.723344
-1.66877
-1.61775
-0.911217
-1.49474
-0.91733
-3.2833
-1.3739
-2.03568
-1.16793
-3.22909
-2.32561
-0.468254
-1.3333
0.90251
-3.57647
-1.75026
0
-3.34851
-2.76432
-3.4997
-2.11141
-1.88406
-2.36828
-3.03896
-1.7538
-1.10669
-0.296663
-1.55767
-2.77786
-2.48686
-2.2719
0.711167
-3.27872
-3.0891
-1.60912
-2.02667
0.95337
-2.62334
-2.36518
-1.18753
0.701605
-2.40123
-1.69216
-3.34851
0
-1.82493
0.678797
0.190543
-0.121612
-2.86699
-3.76008
-1.86782
-2.06169
-2.3914
-0.995226
-2.06808
-2.7395
-0.729248
-2.37663
-2.4271
-0.913733
-1.13912
-3.2399
-2.55097
-2.22638
-3.27235
-2.79294
-3.94492
-0.853354
-2.14291
-2.76432
-1.82493
0
-2.35262
-2.48466
-3.03553
-4.19812
-1.71156
-2.35866
-2.88584
-2.00828
-0.398903
-0.689369
-2.45514
-1.54001
-3.07273
-0.575363
-3.20175
-1.94553
-3.41532
-1.19669
-1.41744
-3.14042
-2.23082
-1.29911
-0.58537
-3.83699
-3.4997
0.678797
-2.35262
0
-1.48657
-3.20172
-1.86918
-3.00589
-2.21287
-3.68258
-1.7611
-0.274113
-3.80428
-0.977061
-1.42157
-2.92897
-1.71438
-3.93823
-1.39475
-2.132
-3.49541
-2.05641
-1.43325
-0.581837
-1.713
-0.163544
-1.71697
-2.11141
0.190543
-2.48466
-1.48657
0
-0.827506
-1.63021
-1.8787
-1.8155
-0.770834
-1.80592
-3.40074
-1.35702
-3.15917
-2.20535
-2.64704
-3.86734
-5.29794
-2.71247
-0.19255
-0.874249
-1.85603
-3.09052
-2.57465
-2.40032
-3.2691
-3.63596
-1.88406
-0.121612
-3.03553
-3.20172
-0.827506
0
-1.9073
-3.6204
-5.4084
-4.35794
-2.50652
-3.06221
-3.27648
-2.49818
0.0585554
-3.08737
-1.58499
-1.93868
-0.249948
-2.95916
-2.78758
0.487147
-1.37688
-1.32791
-1.91401
-2.29315
-1.90247
-2.36828
-2.86699
-4.19812
-1.86918
-1.63021
-1.9073
0
-1.66654
0.229464
-2.4981
-1.68863
-0.958307
-0.322236
-1.93299
-4.83103
-1.92772
-0.666702
-2.91072
-4.60214
-3.612
-2.82036
-1.0832
-1.91662
-1.53356
-1.35356
-2.56177
-2.27531
-3.03896
-3.76008
-1.71156
-3.00589
-1.8787
-3.6204
-1.66654
0
-2.4212
-1.76155
-0.0119529
-1.83636
-1.73738
-1.76373
-2.995
-1.67066
-3.65948
-0.888433
-2.10306
-2.41876
-2.46295
-2.25086
-1.56925
-2.1431
-2.08419
-3.3136
-0.262706
-1.7538
-1.86782
-2.35866
-2.21287
-1.8155
-5.4084
0.229464
-2.4212
0
-2.6361
-0.557958
-1.26705
-1.83711
-0.860592
-1.50258
-2.27948
-2.04996
-1.90167
-2.37266
-2.0071
-0.566524
-2.50393
-4.13534
-3.61063
-2.56351
-3.05978
-1.42972
-1.10669
-2.06169
-2.88584
-3.68258
-0.770834
-4.35794
-2.4981
-1.76155
-2.6361
0
-1.08112
-1.04954
-2.75028
-2.82319
-2.02422
-3.49596
-1.27522
-2.40846
-2.3459
-0.661085
-2.30548
-3.92526
-2.43366
-2.29447
-2.6069
-2.63927
-0.723344
-0.296663
-2.3914
-2.00828
-1.7611
-1.80592
-2.50652
-1.68863
-0.0119529
-0.557958
-1.08112
0
-2.69054
-4.62864
-1.70511
-2.9131
-1.89986
-2.77344
-1.98454
-2.91283
-3.17072
-2.689
-1.37964
-2.17863
-3.80302
-3.16654
-2.89678
-1.66877
-1.55767
-0.995226
-0.398903
-0.274113
-3.40074
-3.06221
-0.958307
-1.83636
-1.26705
-1.04954
-2.69054
0
-0.63035
-3.37452
-2.41186
-2.92896
-1.58083
-2.28092
-2.73111
-2.10257
-3.35735
-1.60709
-1.53364
-2.67129
-2.6635
-1.71
-1.61775
-2.77786
-2.06808
-0.689369
-3.80428
-1.35702
-3.27648
-0.322236
-1.73738
-1.83711
-2.75028
-4.62864
-0.63035
0
-2.52321
-2.11005
-1.02828
-3.64629
-3.03199
-3.45392
-3.73809
-0.907502
-3.9311
-2.6663
-1.19498
-2.47782
-1.4548
-0.911217
-2.48686
-2.7395
-2.45514
-0.977061
-3.15917
-2.49818
-1.93299
-1.76373
-0.860592
-2.82319
-1.70511
-3.37452
-2.52321
0
-2.3443
-2.57301
-1.72122
-2.981
-1.05686
-1.71385
-3.34033
-2.07711
-2.58739
-0.476523
-1.64368
-2.44655
-1.49474
-2.2719
-0.729248
-1.54001
-1.42157
-2.20535
0.0585554
-4.83103
-2.995
-1.50258
-2.02422
-2.9131
-2.41186
-2.11005
-2.3443
0
-1.18124
-1.2563
-0.557091
-2.28699
-0.841061
-2.4715
0.623285
-1.68433
-1.25628
-1.8973
-2.14371
-0.91733
0.711167
-2.37663
-3.07273
-2.92897
-2.64704
-3.08737
-1.92772
-1.67066
-2.27948
-3.49596
-1.89986
-2.92896
-1.02828
-2.57301
-1.18124
0
-1.81665
-2.8737
-3.0182
-0.829953
-1.50752
-1.38431
-1.47894
-0.866447
-2.20743
-2.6951
-3.2833
-3.27872
-2.4271
-0.575363
-1.71438
-3.86734
-1.58499
-0.666702
-3.65948
-2.04996
-1.27522
-2.77344
-1.58083
-3.64629
-1.72122
-1.2563
-1.81665
0
-3.28133
-1.01344
-2.49572
-1.71114
-4.50465
-1.93785
-1.55933
-2.86243
-2.66221
-1.3739
-3.0891
-0.913733
-3.20175
-3.93823
-5.29794
-1.93868
-2.91072
-0.888433
-1.90167
-2.40846
-1.98454
-2.28092
-3.03199
-2.981
-0.557091
-2.8737
-3.28133
0
-3.18711
-1.34299
-1.51062
-2.05888
-2.23848
-1.26274
-2.09036
-1.84011
-2.03568
-1.60912
-1.13912
-1.94553
-1.39475
-2.71247
-0.249948
-4.60214
-2.10306
-2.37266
-2.3459
-2.91283
-2.73111
-3.45392
-1.05686
-2.28699
-3.0182
-1.01344
-3.18711
0
-0.669925
-0.630351
-3.41587
-2.43744
-1.68834
-4.17652
-2.32699
-1.16793
-2.02667
-3.2399
-3.41532
-2.132
-0.19255
-2.95916
-3.612
-2.41876
-2.0071
-0.661085
-3.17072
-2.10257
-3.73809
-1.71385
-0.841061
-0.829953
-2.49572
-1.34299
-0.669925
0
