0
-1.15636
-2.71224
-1.14158
-3.64968
-2.00094
-2.84557
-2.3208
-3.1835
-1.23109
-2.94393
0.184824
-3.76381
-2.51135
-2.82903
-3.04259
-1.22688
-1.48898
-1.99983
-1.14747
-1.71308
-1.27038
-2.75782
-3.91789
-1.27437
-2.57786
0.191455
-1.15636
0
-3.05464
0.535163
-2.08247
-1.1561
-1.41158
-0.818916
-2.15988
-0.605117
-3.03973
-1.33618
-1.10561
-1.14589
-0.876872
-0.536206
-1.81892
-1.09015
-1.55516
-1.31233
-1.45541
-2.0442
-0.530477
-0.738444
-2.15086
-0.361325
-2.72367
-2.71224
-3.05464
0
-2.51307
-1.53457
-1.98923
-1.34203
-1.95011
-3.04883
-3.64098
-2.41415
-2.22038
-3.50222
-1.57108
-1.54821
-2.66399
-4.86266
-1.20819
-2.16885
-1.26723
-0.808832
-1.99376
-2.98911
-1.89602
-2.19287
0.0766712
-2.87291
-1.14158
0.535163
-2.51307
0
-2.3335
-1.43347
-2.44003
-1.46967
-2.16596
-1.98072
-2.90581
-4.01218
-3.68827
-0.661126
-1.44519
-0.934747
-1.69104
-0.401149
-1.80006
-1.39451
0.110173
-2.27838
-2.32153
-1.93688
-3.09491
-0.276309
-2.01826
-3.64968
-2.08247
-1.53457
-2.3335
0
-2.33454
-2.09739
-1.75479
-2.99946
-1.84248
-2.18055
-1.41449
-3.38119
-1.25934
-3.20053
-3.62533
-1.84447
-2.89785
-3.00001
-2.79738
-3.26799
-1.27353
-2.55814
0.803045
-3.59507
-1.76659
-0.257542
-2.00094
-1.1561
-1.98923
-1.43347
-2.33454
0
-3.74624
-2.3923
-2.0118
-2.90193
-2.59069
-2.10377
-2.52518
-3.13578
-2.70672
-1.72062
-0.235653
-1.66812
-2.5838
-2.12229
-2.64626
-1.79428
-1.76882
-2.92547
-1.58872
-1.94907
-3.11728
-2.84557
-1.41158
-1.34203
-2.44003
-2.09739
-3.74624
0
-2.25885
-2.25233
-0.935828
-2.47027
-2.28963
-3.39037
-2.14961
-0.831682
-1.27844
-0.0977806
-2.18764
-2.74485
-3.88005
-2.16797
-1.21579
-3.18672
-0.922414
-1.91778
-2.48578
-0.378552
-2.3208
-0.818916
-1.95011
-1.46967
-1.75479
-2.3923
-2.25885
0
-1.4586
-2.84396
-2.97919
-1.67213
-2.14312
-1.23382
-2.90574
-2.36997
-0.798546
-1.74881
-0.565088
-3.16515
-0.367045
-1.84108
-0.421225
-1.92078
-1.79538
-1.64491
-2.80607
-3.1835
-2.15988
-3.04883
-2.16596
-2.99946
-2.0118
-2.25233
-1.4586
0
-3.25228
-3.27031
-0.93036
-2.7247
-4.28976
-3.01951
-1.79198
-1.80778
-2.14922
-4.30469
-3.14409
-1.94485
-2.99142
-2.18551
-2.43413
-2.55672
-2.09135
-4.11521
-1.23109
-0.605117
-3.64098
-1.98072
-1.84248
-2.90193
-0.935828
-2.84396
-3.25228
0
-2.59381
-3.07811
-3.64305
-2.36282
-4.54274
-2.35096
-2.45188
-2.47326
-1.70062
-2.43176
-0.508381
-2.27437
-2.20459
-0.855228
-2.28447
-2.20084
-2.76163
-2.94393
-3.03973
-2.41415
-2.90581
-2.18055
-2.59069
-2.47027
-2.97919
-3.27031
-2.59381
0
-2.85939
-2.38954
-2.9508
-2.41737
-2.86436
-2.83425
-0.992621
-1.20001
-1.66147
-3.43801
-2.98525
-2.26991
-3.64632
-3.34002
-2.44819
-3.12791
0.184824
-1.33618
-2.22038
-4.01218
-1.41449
-2.10377
-2.28963
-1.67213
-0.93036
-3.07811
-2.85939
0
-0.830317
-1.94984
-2.41212
-3.79756
-1.06843
-2.44497
-1.69936
-1.98458
-2.2253
-2.68254
-1.30009
-2.84939
-1.22742
-1.81137
-1.89767
-3.76381
-1.10561
-3.50222
-3.68827
-3.38119
-2.52518
-3.39037
-2.14312
-2.7247
-3.64305
-2.38954
-0.830317
0
-3.62151
-2.95008
-2.37845
-2.62577
-1.75898
-2.10574
-1.73671
-1.84036
-0.7802
-2.87639
-2.71603
-2.10975
-0.429022
-3.38806
-2.51135
-1.14589
-1.57108
-0.661126
-1.25934
-3.13578
-2.14961
-1.23382
-4.28976
-2.36282
-2.9508
-1.94984
-3.62151
0
-1.44071
-1.21436
-1.55081
-3.80384
-3.00256
-3.04972
-1.41488
-2.14139
-1.30574
-1.59753
-0.747497
-2.94057
0.128799
-2.82903
-0.876872
-1.54821
-1.44519
-3.20053
-2.70672
-0.831682
-2.90574
-3.01951
-4.54274
-2.41737
-2.41212
-2.95008
-1.44071
0
-2.8993
-3.39516
-3.34113
-2.0253
0.759715
-1.59605
-0.780083
-2.47708
-2.14596
-1.05625
-1.73453
-4.15175
-3.04259
-0.536206
-2.66399
-0.934747
-3.62533
-1.72062
-1.27844
-2.36997
-1.79198
-2.35096
-2.86436
-3.79756
-2.37845
-1.21436
-2.8993
0
-0.841742
0.0297586
-2.67316
-1.46079
-1.44467
-3.84534
-2.54832
-1.39904
-1.18384
-1.962
-1.6997
-1.22688
-1.81892
-4.86266
-1.69104
-1.84447
-0.235653
-0.0977806
-0.798546
-1.80778
-2.45188
-2.83425
-1.06843
-2.62577
-1.55081
-3.39516
-0.841742
0
-2.00222
-2.16896
-0.509804
-2.25231
-2.76893
-2.46241
-2.55247
-0.989405
-1.17167
-1.82484
-1.48898
-1.09015
-1.20819
-0.401149
-2.89785
-1.66812
-2.18764
-1.74881
-2.14922
-2.47326
-0.992621
-2.44497
-1.75898
-3.80384
-3.34113
0.0297586
-2.00222
0
-1.61086
-1.98239
-2.18674
-3.91709
-2.81101
-0.813201
-2.65814
-2.64248
-2.19577
-1.99983
-1.55516
-2.16885
-1.80006
-3.00001
-2.5838
-2.74485
-0.565088
-4.30469
-1.70062
-1.20001
-1.69936
-2.10574
-3.00256
-2.0253
-2.67316
-2.16896
-1.61086
0
-3.05513
-3.05294
-2.20883
-1.61377
-0.687096
-2.55364
-1.43216
-2.43742
-1.14747
-1.31233
-1.26723
-1.39451
-2.79738
-2.12229
-3.88005
-3.16515
-3.14409
-2.43176
-1.66147
-1.98458
-1.73671
-3.04972
0.759715
-1.46079
-0.509804
-1.98239
-3.05513
0
-2.7749
-2.98392
-2.91265
-0.843449
-1.59645
-2.9107
-1.7939
-1.71308
-1.45541
-0.808832
0.110173
-3.26799
-2.64626
-2.16797
-0.367045
-1.94485
-0.508381
-3.43801
-2.2253
-1.84036
-1.41488
-1.59605
-1.44467
-2.25231
-2.18674
-3.05294
-2.7749
0
-0.747824
-3.80068
-3.42149
-2.17381
-2.61692
-2.80495
-1.27038
-2.0442
-1.99376
-2.27838
-1.27353
-1.79428
-1.21579
-1.84108
-2.99142
-2.27437
-2.98525
-2.68254
-0.7802
-2.14139
-0.780083
-3.84534
-2.76893
-3.91709
-2.20883
-2.98392
-0.747824
0
-1.1457
-1.53101
-2.88164
-1.71587
-1.67191
-2.75782
-0.530477
-2.98911
-2.32153
-2.55814
-1.76882
-3.18672
-0.421225
-2.18551
-2.20459
-2.26991
-1.30009
-2.87639
-1.30574
-2.47708
-2.54832
-2.46241
-2.81101
-1.61377
-2.91265
-3.80068
-1.1457
0
-2.42503
-1.80237
-1.83627
-1.38013
-3.91789
-0.738444
-1.89602
-1.93688
0.803045
-2.92547
-0.922414
-1.92078
-2.43413
-0.855228
-3.64632
-2.84939
-2.71603
-1.59753
-2.14596
-1.39904
-2.55247
-0.813201
-0.687096
-0.843449
-3.42149
-1.53101
-2.42503
0
-1.5753
-0.833187
-2.79282
-1.27437
-2.15086
-2.19287
-3.09491
-3.59507
-1.58872
-1.91778
-1.79538
-2.55672
-2.28447
-3.34002
-1.22742
-2.10975
-0.747497
-1.05625
-1.18384
-0.989405
-2.65814
-2.55364
-1.59645
-2.17381
-2.88164
-1.80237
-1.5753
0
-1.70942
-2.30383
-2.57786
-0.361325
0.0766712
-0.276309
-1.76659
-1.94907
-2.48578
-1.64491
-2.09135
-2.20084
-2.44819
-1.81137
-0.429022
-2.94057
-1.73453
-1.962
-1.17167
-2.64248
-1.43216
-2.9107
-2.61692
-1.71587
-1.83627
-0.833187
-1.70942
0
-2.29481
0.191455
-2.72367
-2.87291
-2.01826
-0.257542
-3.11728
-0.378552
-2.80607
-4.11521
-2.76163
-3.12791
-1.89767
-3.38806
0.128799
-4.15175
-1.6997
-1.82484
-2.19577
-2.43742
-1.7939
-2.80495
-1.67191
-1.38013
-2.79282
-2.30383
-2.29481
0
