0
-3.00084
-2.69343
-1.90327
-2.98352
-3.37685
-1.70056
-0.139569
-1.43282
-2.49761
-2.42158
-0.152954
-1.38102
-0.787737
-2.47146
-1.31546
-1.27626
-2.54964
-0.990327
-3.1348
-1.67712
0.290523
-1.50603
-3.5717
-1.94452
-4.10246
-2.45951
-3.00084
0
-2.15581
-2.32056
-2.44447
-3.25584
-0.571901
-2.88887
-1.28526
-2.1458
-2.12551
-2.19732
-2.17669
-3.05107
-1.87925
-1.42717
-1.54965
-3.11372
-0.00662011
-3.0507
-2.50013
-3.4899
-2.08337
-2.21373
-2.03208
-1.90321
-2.37697
-2.69343
-2.15581
0
-1.66744
-0.89063
-3.82489
-1.47654
-1.18284
-1.34753
-2.79602
1.54331
-0.429895
-0.926657
-1.54407
-2.21921
-2.90889
-0.747015
-0.2315
-2.35093
-2.12024
-4.10517
-0.41689
-1.02248
-2.305
-1.4416
-2.1073
-1.69107
-1.90327
-2.32056
-1.66744
0
-2.28182
-2.51044
-1.15495
-1.81583
-2.40467
-1.97132
-3.31773
-3.65678
-2.25531
-2.41326
-0.647506
-1.90432
-0.771835
-3.63738
-2.38095
-0.915515
-3.04957
-3.67235
-1.42375
-2.85977
-3.35082
-1.84831
-1.90412
-2.98352
-2.44447
-0.89063
-2.28182
0
-2.87511
-2.78237
-2.65861
-2.26175
-1.98526
-2.46577
-2.90492
-2.1158
-3.15729
-2.1938
-0.337927
-3.06493
-1.07744
-2.01309
-2.06469
-2.65178
-1.76574
-1.76384
-1.75053
-1.39826
-0.783681
-2.16917
-3.37685
-3.25584
-3.82489
-2.51044
-2.87511
0
-2.08582
-1.53362
-2.70523
-1.18877
-1.35409
-2.82632
-2.70729
-4.40513
-2.37806
-0.785455
-1.88011
-1.91719
-2.02456
-1.21736
-2.16331
-0.678296
-2.14532
-0.165197
-3.47405
-0.872841
-3.68425
-1.70056
-0.571901
-1.47654
-1.15495
-2.78237
-2.08582
0
-2.21197
-0.448382
-1.56927
-2.02203
-3.84011
-2.25005
-2.32402
-2.2536
-1.4601
-2.4585
-1.72567
-2.96762
-2.82407
-2.85329
-2.46844
-0.751309
-0.635272
-2.6886
-2.20573
-2.09581
-0.139569
-2.88887
-1.18284
-1.81583
-2.65861
-1.53362
-2.21197
0
-2.00067
-2.42297
-3.13801
-0.866422
-1.98695
-0.839291
-1.99588
-1.3059
-2.77742
-1.99361
-2.74799
-1.62976
-2.35223
-2.59342
-0.734864
-2.55845
-0.0343371
-1.39909
-1.78133
-1.43282
-1.28526
-1.34753
-2.40467
-2.26175
-2.70523
-0.448382
-2.00067
0
-1.4883
-1.59453
-1.54974
-1.03984
-2.26163
-3.01025
-3.08275
-2.12355
-2.56718
-2.12425
-1.67246
-0.811065
-1.90012
-2.20688
-1.92657
-1.55569
-1.4586
-1.14741
-2.49761
-2.1458
-2.79602
-1.97132
-1.98526
-1.18877
-1.56927
-2.42297
-1.4883
0
-0.711501
0.374923
-0.71971
-2.64661
-2.40922
-1.36053
-2.0944
-3.85996
-2.77029
-2.2825
-1.83067
-1.48874
-2.47748
-1.4963
-2.93588
-1.70796
-1.302
-2.42158
-2.12551
1.54331
-3.31773
-2.46577
-1.35409
-2.02203
-3.13801
-1.59453
-0.711501
0
0.11111
-4.36151
-1.03312
-2.89133
-3.4217
-0.813388
-1.54749
-2.31458
-2.40916
-0.762575
-3.05546
-3.63729
-0.827577
-1.17879
-3.50119
-1.29297
-0.152954
-2.19732
-0.429895
-3.65678
-2.90492
-2.82632
-3.84011
-0.866422
-1.54974
0.374923
0.11111
0
-0.287056
-0.882039
-1.09552
-2.24257
-1.15009
-2.62757
-0.971129
0.47779
-2.35325
-2.16059
-1.81044
-2.08722
-1.61437
-2.94428
-1.77285
-1.38102
-2.17669
-0.926657
-2.25531
-2.1158
-2.70729
-2.25005
-1.98695
-1.03984
-0.71971
-4.36151
-0.287056
0
-2.34855
-0.976139
-1.68217
-0.970171
-0.93849
-1.41869
-1.95633
-2.11731
-3.50022
-0.637917
-2.5584
-0.825589
-2.16016
-0.277964
-0.787737
-3.05107
-1.54407
-2.41326
-3.15729
-4.40513
-2.32402
-0.839291
-2.26163
-2.64661
-1.03312
-0.882039
-2.34855
0
-5.05243
-1.10189
-1.03438
-1.67128
-2.68809
-2.74511
-2.20258
-2.79324
-2.17328
-3.31218
-4.3971
-2.44535
-1.27077
-2.47146
-1.87925
-2.21921
-0.647506
-2.1938
-2.37806
-2.2536
-1.99588
-3.01025
-2.40922
-2.89133
-1.09552
-0.976139
-5.05243
0
-1.99683
-2.30983
-3.87346
-2.12509
-1.65842
0.259791
-2.45769
-1.78027
-1.96118
-0.760813
-1.96789
-1.49314
-1.31546
-1.42717
-2.90889
-1.90432
-0.337927
-0.785455
-1.4601
-1.3059
-3.08275
-1.36053
-3.4217
-2.24257
-1.68217
-1.10189
-1.99683
0
-0.728963
-1.99677
-2.58462
-2.79503
-2.15891
-1.28045
-3.49535
-1.67163
-2.62426
-2.39042
-1.92287
-1.27626
-1.54965
-0.747015
-0.771835
-3.06493
-1.88011
-2.4585
-2.77742
-2.12355
-2.0944
-0.813388
-1.15009
-0.970171
-1.03438
-2.30983
-0.728963
0
-0.332952
-1.24171
-2.0082
-2.23175
-2.95729
-0.92079
-3.06993
0.840141
-1.53309
-2.05568
-2.54964
-3.11372
-0.2315
-3.63738
-1.07744
-1.91719
-1.72567
-1.99361
-2.56718
-3.85996
-1.54749
-2.62757
-0.93849
-1.67128
-3.87346
-1.99677
-0.332952
0
-3.03352
-2.28259
-1.51396
-1.93171
-0.992982
-1.07687
-2.31422
-1.83612
-1.60121
-0.990327
-0.00662011
-2.35093
-2.38095
-2.01309
-2.02456
-2.96762
-2.74799
-2.12425
-2.77029
-2.31458
-0.971129
-1.41869
-2.68809
-2.12509
-2.58462
-1.24171
-3.03352
0
-2.2512
0.0889044
-2.78554
-2.82363
-3.19081
-1.54553
-0.465231
-2.56058
-3.1348
-3.0507
-2.12024
-0.915515
-2.06469
-1.21736
-2.82407
-1.62976
-1.67246
-2.2825
-2.40916
0.47779
-1.95633
-2.74511
-1.65842
-2.79503
-2.0082
-2.28259
-2.2512
0
0.657135
-0.538938
-1.80748
-1.67317
0.433333
-1.40286
-2.41449
-1.67712
-2.50013
-4.10517
-3.04957
-2.65178
-2.16331
-2.85329
-2.35223
-0.811065
-1.83067
-0.762575
-2.35325
-2.11731
-2.20258
0.259791
-2.15891
-2.23175
-1.51396
0.0889044
0.657135
0
-3.42063
-1.7638
-2.27608
-0.15263
-0.201706
-1.66497
0.290523
-3.4899
-0.41689
-3.67235
-1.76574
-0.678296
-2.46844
-2.59342
-1.90012
-1.48874
-3.05546
-2.16059
-3.50022
-2.79324
-2.45769
-1.28045
-2.95729
-1.93171
-2.78554
-0.538938
-3.42063
0
-0.303247
-1.21331
-1.50937
-2.34815
-0.920641
-1.50603
-2.08337
-1.02248
-1.42375
-1.76384
-2.14532
-0.751309
-0.734864
-2.20688
-2.47748
-3.63729
-1.81044
-0.637917
-2.17328
-1.78027
-3.49535
-0.92079
-0.992982
-2.82363
-1.80748
-1.7638
-0.303247
0
-2.83677
-1.79964
-1.74521
-1.40251
-3.5717
-2.21373
-2.305
-2.85977
-1.75053
-0.165197
-0.635272
-2.55845
-1.92657
-1.4963
-0.827577
-2.08722
-2.5584
-3.31218
-1.96118
-1.67163
-3.06993
-1.07687
-3.19081
-1.67317
-2.27608
-1.21331
-2.83677
0
-3.64836
-1.96091
-3.53078
-1.94452
-2.03208
-1.4416
-3.35082
-1.39826
-3.47405
-2.6886
-0.0343371
-1.55569
-2.93588
-1.17879
-1.61437
-0.825589
-4.3971
-0.760813
-2.62426
0.840141
-2.31422
-1.54553
0.433333
-0.15263
-1.50937
-1.79964
-3.64836
0
-0.100349
-1.06221
-4.10246
-1.90321
-2.1073
-1.84831
-0.783681
-0.872841
-2.20573
-1.39909
-1.4586
-1.70796
-3.50119
-2.94428
-2.16016
-2.44535
-1.96789
-2.39042
-1.53309
-1.83612
-0.465231
-1.40286
-0.201706
-2.34815
-1.74521
-1.96091
-0.100349
0
-1.14115
-2.45951
-2.37697
-1.69107
-1.90412
-2.16917
-3.68425
-2.09581
-1.78133
-1.14741
-1.302
-1.29297
-1.77285
-0.277964
-1.27077
-1.49314
-1.92287
-2.05568
-1.60121
-2.56058
-2.41449
-1.66497
-0.920641
-1.40251
-3.53078
-1.06221
-1.14115
0
