0
-2.34622
-1.62446
-0.549242
-2.46427
-2.58027
-1.53101
-0.507824
-2.0618
-1.39851
-3.26396
-2.13216
-0.788946
-3.40155
-3.25226
-2.43575
-1.57309
-0.933
-2.64988
-2.80187
-1.86969
-3.1624
-1.76032
-1.82195
-3.46504
-2.51181
-3.57349
-2.34622
0
-3.45602
-1.8363
-3.36803
-1.51597
-3.29746
-3.21175
-2.92011
-0.422137
-2.9513
-2.78589
-3.19815
-2.7164
-1.65388
-1.68058
-1.69871
-2.16359
-2.23309
-3.5776
-2.75319
-3.28231
-2.28745
-3.55411
-3.57213
-2.23796
-2.12602
-1.62446
-3.45602
0
-1.43937
-3.06424
-0.791237
-1.41823
-1.69417
-0.428422
-2.36237
-0.988456
-2.8345
-0.263359
-1.21247
-1.78365
-1.19937
-2.25978
-1.47185
-2.16177
-3.48904
-1.92103
-3.04042
-2.38394
-1.67389
-1.46577
-0.984264
-1.47108
-0.549242
-1.8363
-1.43937
0
-1.18264
-2.30502
0.13469
-2.36441
0.0531103
-1.9297
-2.15432
-4.07613
-2.24211
-2.8283
-1.87515
-2.28865
-3.09305
-2.13769
-2.97375
-3.55226
-0.57587
-2.38658
-3.49085
-1.45654
-2.56845
-1.7943
-1.06277
-2.46427
-3.36803
-3.06424
-1.18264
0
-1.35687
-3.03825
-1.68522
-2.52878
-3.44926
-1.49399
-3.71182
-2.542
-0.600412
-2.04191
-1.02328
-0.752756
-3.55771
-0.356526
-2.61373
-1.36294
-2.27164
-2.37773
-0.202933
-1.49965
-1.72457
-2.16136
-2.58027
-1.51597
-0.791237
-2.30502
-1.35687
0
-2.52066
-1.57831
-2.88789
-1.55765
-1.78614
-1.66502
-1.43159
-1.06932
-1.6615
-3.79705
-0.973525
-2.06958
-1.68014
-3.22658
-0.69887
-2.41222
-1.2009
-2.3571
-2.52331
-2.02443
-1.81494
-1.53101
-3.29746
-1.41823
0.13469
-3.03825
-2.52066
0
-2.00003
-1.87562
-2.53865
-3.16632
-1.03313
-1.71446
-3.1979
-3.52489
-1.25691
-2.71326
-3.43049
-2.45752
-1.72154
-1.36371
-2.53629
-2.03931
-1.94768
-0.820319
-1.97734
-1.38309
-0.507824
-3.21175
-1.69417
-2.36441
-1.68522
-1.57831
-2.00003
0
-3.1938
-1.23908
-4.628
-1.40601
-1.74919
-3.43718
-3.53074
-1.42607
-1.5795
-1.8699
-2.33063
-0.369514
-1.81404
-0.886268
-2.49708
-1.64121
-3.55062
-2.98351
-3.129
-2.0618
-2.92011
-0.428422
0.0531103
-2.52878
-2.88789
-1.87562
-3.1938
0
-1.56335
-1.44965
-2.05701
-1.42359
-3.40537
-0.661366
-1.8259
-0.906542
-2.64453
-1.59854
0.834814
-1.35432
-2.82994
-1.64651
-3.63489
-1.36684
-1.74463
-1.95202
-1.39851
-0.422137
-2.36237
-1.9297
-3.44926
-1.55765
-2.53865
-1.23908
-1.56335
0
-1.94409
-2.24777
-0.217756
-1.14644
-1.01575
0.168437
-1.96571
-1.27185
-3.78912
-1.25451
-1.8444
-0.823119
-2.22094
-1.68908
-0.979532
-1.91552
-3.54912
-3.26396
-2.9513
-0.988456
-2.15432
-1.49399
-1.78614
-3.16632
-4.628
-1.44965
-1.94409
0
-4.33277
-0.466919
-0.797675
-1.84848
-1.02749
-2.87251
-0.334726
-1.26917
-1.18256
-3.7474
-2.78986
-0.516913
-2.6397
-3.01716
-2.17192
-2.60518
-2.13216
-2.78589
-2.8345
-4.07613
-3.71182
-1.66502
-1.03313
-1.40601
-2.05701
-2.24777
-4.33277
0
-3.0884
-2.78851
-1.93749
-2.03779
-1.97582
-0.405358
-2.6623
-3.04356
-1.45736
-3.85011
-2.7377
-1.07364
-1.50772
-2.8743
-2.60121
-0.788946
-3.19815
-0.263359
-2.24211
-2.542
-1.43159
-1.71446
-1.74919
-1.42359
-0.217756
-0.466919
-3.0884
0
-3.61478
-2.64084
-1.55402
-2.88938
-2.03687
-0.471758
-2.24044
-2.90315
-0.523179
-2.31884
-2.06549
-2.73607
-1.67401
-1.12219
-3.40155
-2.7164
-1.21247
-2.8283
-0.600412
-1.06932
-3.1979
-3.43718
-3.40537
-1.14644
-0.797675
-2.78851
-3.61478
0
-3.52082
-2.15859
-2.57645
-2.72253
-0.570749
-2.67073
-2.84161
-3.31841
-2.65513
-1.59556
-3.19945
-2.21719
-0.697785
-3.25226
-1.65388
-1.78365
-1.87515
-2.04191
-1.6615
-3.52489
-3.53074
-0.661366
-1.01575
-1.84848
-1.93749
-2.64084
-3.52082
0
-3.36881
-2.4306
-3.19823
-1.60572
-2.50158
-1.78605
-2.84074
-2.42173
-3.62322
-1.7538
-3.97899
-1.18533
-2.43575
-1.68058
-1.19937
-2.28865
-1.02328
-3.79705
-1.25691
-1.42607
-1.8259
0.168437
-1.02749
-2.03779
-1.55402
-2.15859
-3.36881
0
-2.44494
-3.05614
-1.21727
-4.14498
-3.01614
-0.990403
-1.37386
-2.08013
-2.53095
-0.669337
-2.77775
-1.57309
-1.69871
-2.25978
-3.09305
-0.752756
-0.973525
-2.71326
-1.5795
-0.906542
-1.96571
-2.87251
-1.97582
-2.88938
-2.57645
-2.4306
-2.44494
0
-0.271825
-2.10529
-2.49187
-3.46363
-3.2356
-1.11432
-1.40014
-2.62241
-3.44586
-2.51892
-0.933
-2.16359
-1.47185
-2.13769
-3.55771
-2.06958
-3.43049
-1.8699
-2.64453
-1.27185
-0.334726
-0.405358
-2.03687
-2.72253
-3.19823
-3.05614
-0.271825
0
-1.97696
-2.82971
-2.6492
-0.31213
-1.7841
0.565708
-2.35635
-1.79757
0.0496126
-2.64988
-2.23309
-2.16177
-2.97375
-0.356526
-1.68014
-2.45752
-2.33063
-1.59854
-3.78912
-1.26917
-2.6623
-0.471758
-0.570749
-1.60572
-1.21727
-2.10529
-1.97696
0
-3.76666
-1.46262
0.00971594
-2.54248
-1.93238
-1.76022
-1.62163
-2.87212
-2.80187
-3.5776
-3.48904
-3.55226
-2.61373
-3.22658
-1.72154
-0.369514
0.834814
-1.25451
-1.18256
-3.04356
-2.24044
-2.67073
-2.50158
-4.14498
-2.49187
-2.82971
-3.76666
0
-1.85716
-1.50763
-2.22536
-1.34027
-2.72596
-1.68951
-1.91155
-1.86969
-2.75319
-1.92103
-0.57587
-1.36294
-0.69887
-1.36371
-1.81404
-1.35432
-1.8444
-3.7474
-1.45736
-2.90315
-2.84161
-1.78605
-3.01614
-3.46363
-2.6492
-1.46262
-1.85716
0
-2.41617
-2.64121
-2.58653
-2.56408
-2.54254
-1.15239
-3.1624
-3.28231
-3.04042
-2.38658
-2.27164
-2.41222
-2.53629
-0.886268
-2.82994
-0.823119
-2.78986
-3.85011
-0.523179
-3.31841
-2.84074
-0.990403
-3.2356
-0.31213
0.00971594
-1.50763
-2.41617
0
-2.04393
-2.44055
-2.9766
-1.02087
-1.24272
-1.76032
-2.28745
-2.38394
-3.49085
-2.37773
-1.2009
-2.03931
-2.49708
-1.64651
-2.22094
-0.516913
-2.7377
-2.31884
-2.65513
-2.42173
-1.37386
-1.11432
-1.7841
-2.54248
-2.22536
-2.64121
-2.04393
0
-1.9212
-1.55336
-2.29127
-2.44383
-1.82195
-3.55411
-1.67389
-1.45654
-0.202933
-2.3571
-1.94768
-1.64121
-3.63489
-1.68908
-2.6397
-1.07364
-2.06549
-1.59556
-3.62322
-2.08013
-1.40014
0.565708
-1.93238
-1.34027
-2.58653
-2.44055
-1.9212
0
-2.64037
-2.27572
-1.93758
-3.46504
-3.57213
-1.46577
-2.56845
-1.49965
-2.52331
-0.820319
-3.55062
-1.36684
-0.979532
-3.01716
-1.50772
-2.73607
-3.19945
-1.7538
-2.53095
-2.62241
-2.35635
-1.76022
-2.72596
-2.56408
-2.9766
-1.55336
-2.64037
0
-1.74539
-1.39098
-2.51181
-2.23796
-0.984264
-1.7943
-1.72457
-2.02443
-1.97734
-2.98351
-1.74463
-1.91552
-2.17192
-2.8743
-1.67401
-2.21719
-3.97899
-0.669337
-3.44586
-1.79757
-1.62163
-1.68951
-2.54254
-1.02087
-2.29127
-2.27572
-1.74539
0
-4.43788
-3.57349
-2.12602
-1.47108
-1.06277
-2.16136
-1.81494
-1.38309
-3.129
-1.95202
-3.54912
-2.60518
-2.60121
-1.12219
-0.697785
-1.18533
-2.77775
-2.51892
0.0496126
-2.87212
-1.91155
-1.15239
-1.24272
-2.44383
-1.93758
-1.39098
-4.43788
0
