0
-1.61854
-2.64347
-1.22024
-0.0394704
-2.60794
-1.24915
-1.58029
-1.86908
-1.42937
-4.15504
-1.66509
-2.56747
-2.21412
-3.65575
-0.131585
-3.16972
-1.1121
-2.51263
-3.48637
-1.613
-0.743926
-1.57828
-0.6989
-1.71575
-1.73157
-1.77612
-1.61854
0
-0.304168
-2.14134
-1.7689
-1.92646
-2.75188
-1.92136
-2.11252
-1.84728
-1.69842
-3.61255
-3.47994
-1.33263
-3.64238
-1.38815
-2.83751
-0.645849
-1.80623
-4.24506
-2.71695
-4.41158
-2.04586
-1.6454
-3.26628
-1.81192
-1.18447
-2.64347
-0.304168
0
-2.60302
-1.05751
-1.49851
-4.09864
-1.33677
-2.14334
-2.84699
-0.582039
-1.70074
-3.74386
-2.26758
-1.9976
-3.02083
-1.3692
-1.94656
-1.50725
-2.54223
0.165249
-5.10793
-2.48865
-1.21449
-2.33403
-3.16205
-1.82795
-1.22024
-2.14134
-2.60302
0
-3.02797
-2.00329
-3.65406
-1.6783
-1.98148
-3.33236
-2.44073
-2.92815
-2.19812
-2.64342
-1.26613
-4.2153
-2.56094
-2.99338
-2.45399
-3.19108
-2.22517
-2.90768
-1.68291
-2.14341
0.0120231
-0.999157
-1.69406
-0.0394704
-1.7689
-1.05751
-3.02797
0
-0.934
-0.418311
-2.21762
-2.69524
-1.69432
-3.34232
-2.57744
-3.21958
-1.62056
-1.59359
-1.93004
-2.04983
-3.27365
-0.68911
-2.70651
-1.35302
-0.791258
-3.38839
-2.16691
-2.32823
-2.15718
-3.21087
-2.60794
-1.92646
-1.49851
-2.00329
-0.934
0
-1.59113
-1.78009
-3.29962
-1.42661
-1.82459
-1.64437
-1.65504
-4.00653
-2.43603
-0.954272
-0.260521
-1.65276
-2.0343
-3.04539
-1.49226
-2.1021
-3.57957
-2.27446
-2.29361
-1.05185
-2.24674
-1.24915
-2.75188
-4.09864
-3.65406
-0.418311
-1.59113
0
-3.00813
-3.07419
-1.22738
-1.93528
-1.96375
-1.78648
-3.51074
-2.6581
-2.03266
-1.28247
-2.12596
-2.31005
-1.43325
-2.03799
-3.61236
-2.91547
-3.48345
-1.98614
-2.33757
-2.37987
-1.58029
-1.92136
-1.33677
-1.6783
-2.21762
-1.78009
-3.00813
0
-1.96543
-2.21276
-0.984127
-1.92206
-1.70345
-1.15324
-1.85093
-2.07457
-2.7216
-1.22653
-0.815367
-1.40214
-1.881
-2.63955
-2.77308
-3.08743
-2.32581
-4.16519
0.195972
-1.86908
-2.11252
-2.14334
-1.98148
-2.69524
-3.29962
-3.07419
-1.96543
0
-0.859039
-0.890058
-2.08672
-0.554064
-3.5286
-1.32353
-2.06105
-0.257288
-1.3661
-2.89431
-2.90432
-1.65087
-4.29515
-1.17653
-2.83848
-1.99481
-2.05413
-2.01099
-1.42937
-1.84728
-2.84699
-3.33236
-1.69432
-1.42661
-1.22738
-2.21276
-0.859039
0
-2.21828
-1.0365
-4.6083
-1.50376
-1.0293
-2.55268
-2.12021
-2.54671
-2.36269
-0.649208
-2.33331
-1.42031
-0.879722
-1.60804
-2.41961
-3.53216
-1.86082
-4.15504
-1.69842
-0.582039
-2.44073
-3.34232
-1.82459
-1.93528
-0.984127
-0.890058
-2.21828
0
-1.56522
-3.01008
-1.52151
-1.26883
-2.05867
-1.67017
-2.04025
-1.5527
-0.134732
-2.95588
-2.06606
-2.42931
-2.54225
-0.2518
-2.06007
-3.227
-1.66509
-3.61255
-1.70074
-2.92815
-2.57744
-1.64437
-1.96375
-1.92206
-2.08672
-1.0365
-1.56522
0
-1.68206
0.0176169
-2.27841
-2.24177
-2.5723
-3.34879
-2.82996
-1.3521
-1.9188
-2.49118
-2.50582
-1.88002
-1.08544
-1.42121
-2.03881
-2.56747
-3.47994
-3.74386
-2.19812
-3.21958
-1.65504
-1.78648
-1.70345
-0.554064
-4.6083
-3.01008
-1.68206
0
-1.29311
-3.04562
-1.21219
-3.70255
-3.39566
-2.77236
-2.89271
-1.5656
-1.32338
-2.58851
-1.98986
-3.07588
-1.66204
-2.85628
-2.21412
-1.33263
-2.26758
-2.64342
-1.62056
-4.00653
-3.51074
-1.15324
-3.5286
-1.50376
-1.52151
0.0176169
-1.29311
0
-1.55274
-1.48512
-2.23712
-1.03024
-1.37884
-0.846729
-2.24421
-1.49368
-2.01271
-1.07324
-2.98851
0.00471135
-1.05495
-3.65575
-3.64238
-1.9976
-1.26613
-1.59359
-2.43603
-2.6581
-1.85093
-1.32353
-1.0293
-1.26883
-2.27841
-3.04562
-1.55274
0
-4.40352
-1.76409
-1.81396
-1.06717
-3.41453
-0.952792
-1.83339
-1.02312
-1.78032
-1.19768
-0.553614
-1.67852
-0.131585
-1.38815
-3.02083
-4.2153
-1.93004
-0.954272
-2.03266
-2.07457
-2.06105
-2.55268
-2.05867
-2.24177
-1.21219
-1.48512
-4.40352
0
-1.89284
-2.53485
-1.98993
-2.45591
-4.66723
-2.12465
-1.17802
-3.52793
-2.71524
-1.41151
-3.01134
-3.16972
-2.83751
-1.3692
-2.56094
-2.04983
-0.260521
-1.28247
-2.7216
-0.257288
-2.12021
-1.67017
-2.5723
-3.70255
-2.23712
-1.76409
-1.89284
0
-1.64989
-3.81753
-2.49739
-2.48363
-0.323241
-2.6166
-0.750446
0.0670251
-2.27343
-2.40134
-1.1121
-0.645849
-1.94656
-2.99338
-3.27365
-1.65276
-2.12596
-1.22653
-1.3661
-2.54671
-2.04025
-3.34879
-3.39566
-1.03024
-1.81396
-2.53485
-1.64989
0
-3.20423
-2.14837
-4.0502
-2.29474
-2.14477
-2.43897
-2.18135
0.0431062
-0.557404
-2.51263
-1.80623
-1.50725
-2.45399
-0.68911
-2.0343
-2.31005
-0.815367
-2.89431
-2.36269
-1.5527
-2.82996
-2.77236
-1.37884
-1.06717
-1.98993
-3.81753
-3.20423
0
-1.02601
-1.24495
-2.32842
-0.719548
-0.84833
-2.50967
-2.27355
-2.013
-3.48637
-4.24506
-2.54223
-3.19108
-2.70651
-3.04539
-1.43325
-1.40214
-2.90432
-0.649208
-0.134732
-1.3521
-2.89271
-0.846729
-3.41453
-2.45591
-2.49739
-2.14837
-1.02601
0
-0.473595
-3.18912
-0.804011
-3.09063
-2.00415
-1.54062
-1.54808
-1.613
-2.71695
0.165249
-2.22517
-1.35302
-1.49226
-2.03799
-1.881
-1.65087
-2.33331
-2.95588
-1.9188
-1.5656
-2.24421
-0.952792
-4.66723
-2.48363
-4.0502
-1.24495
-0.473595
0
-3.11795
-1.80662
-2.71026
-1.33248
-3.23238
-3.7648
-0.743926
-4.41158
-5.10793
-2.90768
-0.791258
-2.1021
-3.61236
-2.63955
-4.29515
-1.42031
-2.06606
-2.49118
-1.32338
-1.49368
-1.83339
-2.12465
-0.323241
-2.29474
-2.32842
-3.18912
-3.11795
0
-1.58687
-0.937497
-2.23697
-0.0269117
-1.34577
-1.57828
-2.04586
-2.48865
-1.68291
-3.38839
-3.57957
-2.91547
-2.77308
-1.17653
-0.879722
-2.42931
-2.50582
-2.58851
-2.01271
-1.02312
-1.17802
-2.6166
-2.14477
-0.719548
-0.804011
-1.80662
-1.58687
0
-2.11863
-2.26335
-2.46746
-1.62075
-0.6989
-1.6454
-1.21449
-2.14341
-2.16691
-2.27446
-3.48345
-3.08743
-2.83848
-1.60804
-2.54225
-1.88002
-1.98986
-1.07324
-1.78032
-3.52793
-0.750446
-2.43897
-0.84833
-3.09063
-2.71026
-0.937497
-2.11863
0
-2.31447
-1.74183
-1.60644
-1.71575
-3.26628
-2.33403
0.0120231
-2.32823
-2.29361
-1.98614
-2.32581
-1.99481
-2.41961
-0.2518
-1.08544
-3.07588
-2.98851
-1.19768
-2.71524
0.0670251
-2.18135
-2.50967
-2.00415
-1.33248
-2.23697
-2.26335
-2.31447
0
-1.56274
-1.73068
-1.73157
-1.81192
-3.16205
-0.999157
-2.15718
-1.05185
-2.33757
-4.16519
-2.05413
-3.53216
-2.06007
-1.42121
-1.66204
0.00471135
-0.553614
-1.41151
-2.27343
0.0431062
-2.27355
-1.54062
-3.23238
-0.0269117
-2.46746
-1.74183
-1.56274
0
-0.700718
-1.77612
-1.18447
-1.82795
-1.69406
-3.21087
-2.24674
-2.37987
0.195972
-2.01099
-1.86082
-3.227
-2.03881
-2.85628
-1.05495
-1.67852
-3.01134
-2.40134
-0.557404
-2.013
-1.54808
-3.7648
-1.34577
-1.62075
-1.60644
-1.73068
-0.700718
0
