0
-0.397824
-1.52778
-1.35946
-1.86086
-0.65533
-0.896315
-3.28146
-1.944
-3.09721
-3.55913
-3.73489
-3.56975
-2.78617
-0.966498
-2.61773
-3.14571
-3.12653
-1.17447
-2.21367
-2.10345
-1.70071
-3.63272
-2.71724
-1.37386
-1.55591
-2.15284
-0.397824
0
-3.16919
-3.94967
-4.60921
-2.55364
-3.40091
-1.61014
-2.45851
-3.16415
-3.86098
-5.09869
-1.33658
-0.198993
-2.69928
-2.13446
-1.0596
-2.92948
-1.04014
-3.0276
-1.45431
-4.06896
-2.64159
-2.58144
-2.61745
-1.08774
-0.750774
-1.52778
-3.16919
0
-0.47946
-1.6002
-3.30322
-2.89389
-2.98884
-1.08389
-2.0192
-2.90572
-0.973062
-2.07505
-3.23647
-0.700674
-1.47763
-3.24441
-1.23698
-0.257617
-0.899163
-2.18696
-2.92761
-2.95815
0.426432
-2.0464
-2.20723
-3.1529
-1.35946
-3.94967
-0.47946
0
-2.20669
-1.66494
-1.91765
-3.16415
0.160606
-1.40742
-0.700997
-2.34558
-2.2553
-1.88527
-2.71308
-0.855433
-1.94946
-3.75192
-2.10732
0.394879
-2.02656
-2.69202
-3.58782
-1.00832
-3.04167
-2.5225
-0.993659
-1.86086
-4.60921
-1.6002
-2.20669
0
-2.29553
-2.36739
-2.18704
-2.77704
-1.96853
-1.97777
-2.351
-1.53961
-1.43288
-2.70146
-2.5546
-1.23187
-3.47046
-0.80944
-2.68637
-1.04002
-2.29201
-0.809521
-2.2338
-2.72964
-1.89601
-1.78076
-0.65533
-2.55364
-3.30322
-1.66494
-2.29553
0
-1.68518
-1.49608
-1.03906
-1.79441
-0.144861
-0.737916
-1.80032
-2.27727
-3.96272
-1.30127
-0.56987
-4.02583
-1.51157
-3.03793
-2.1198
-1.5184
-1.03864
-0.221419
-1.26382
-2.38079
-1.65446
-0.896315
-3.40091
-2.89389
-1.91765
-2.36739
-1.68518
0
-1.83456
-3.25199
-2.57582
0.394118
-4.05049
-2.34565
-1.61779
-3.14051
-2.48629
-0.189807
-3.21905
-2.88181
-2.52522
-0.46951
-1.45961
-2.01953
-2.81749
-3.11057
-2.3227
-2.44048
-3.28146
-1.61014
-2.98884
-3.16415
-2.18704
-1.49608
-1.83456
0
-1.54377
-1.34531
-2.02761
-1.73897
-2.21973
-3.18246
-4.53464
-2.66999
-1.96534
-2.33278
-2.71274
-0.624448
-3.06598
-1.51967
-1.80505
-1.50514
-0.746586
-1.92166
-0.974253
-1.944
-2.45851
-1.08389
0.160606
-2.77704
-1.03906
-3.25199
-1.54377
0
-2.50272
-4.01024
-3.21159
-3.16471
-1.81636
-2.00551
-2.1476
-2.56704
-1.83052
-1.5117
-1.1599
-3.66123
-1.16767
-1.04147
-2.09865
-2.49635
-2.06422
-1.5994
-3.09721
-3.16415
-2.0192
-1.40742
-1.96853
-1.79441
-2.57582
-1.34531
-2.50272
0
-0.862322
-1.8544
-1.03507
-2.93437
-1.83393
-2.03432
-2.99865
-1.66702
-2.24971
-2.63409
-1.91471
-4.02272
-3.31987
-3.25468
-1.6814
-0.161326
-2.21243
-3.55913
-3.86098
-2.90572
-0.700997
-1.97777
-0.144861
0.394118
-2.02761
-4.01024
-0.862322
0
-4.08281
-3.62634
-1.22037
-0.372464
-2.70254
0.358303
-1.61422
-0.380503
-2.17994
-3.81376
-2.69037
-2.76913
-4.83601
-1.63503
-2.52736
-2.71142
-3.73489
-5.09869
-0.973062
-2.34558
-2.351
-0.737916
-4.05049
-1.73897
-3.21159
-1.8544
-4.08281
0
-2.42014
-1.38536
-3.52862
-2.64803
-0.922812
-0.467596
-1.42935
-2.02069
-0.703633
-2.54755
-2.11986
-1.0398
-1.04907
-2.4568
-1.98187
-3.56975
-1.33658
-2.07505
-2.2553
-1.53961
-1.80032
-2.34565
-2.21973
-3.16471
-1.03507
-3.62634
-2.42014
0
-2.85032
-1.09307
-2.3154
-2.2311
-1.54187
-2.30915
-1.26906
-1.19157
-1.79371
-0.556306
-3.04342
-3.11398
-1.38626
-1.44921
-2.78617
-0.198993
-3.23647
-1.88527
-1.43288
-2.27727
-1.61779
-3.18246
-1.81636
-2.93437
-1.22037
-1.38536
-2.85032
0
-1.19354
-1.58011
-3.15292
-2.47999
-3.09266
-2.47054
-1.09241
-1.34061
-1.96795
-2.96189
-3.29799
-1.60465
-4.7962
-0.966498
-2.69928
-0.700674
-2.71308
-2.70146
-3.96272
-3.14051
-4.53464
-2.00551
-1.83393
-0.372464
-3.52862
-1.09307
-1.19354
0
-1.68806
-1.98413
-0.802674
-0.649798
-0.662318
-2.13547
-2.05669
-1.95072
-1.96991
-2.43652
-0.732105
-2.31941
-2.61773
-2.13446
-1.47763
-0.855433
-2.5546
-1.30127
-2.48629
-2.66999
-2.1476
-2.03432
-2.70254
-2.64803
-2.3154
-1.58011
-1.68806
0
-0.554934
-2.41799
-1.9972
-0.965698
-1.32296
-1.3236
-1.71805
-2.83054
-1.72166
-2.80239
-1.09546
-3.14571
-1.0596
-3.24441
-1.94946
-1.23187
-0.56987
-0.189807
-1.96534
-2.56704
-2.99865
0.358303
-0.922812
-2.2311
-3.15292
-1.98413
-0.554934
0
-1.8663
-0.405198
-1.93723
-2.78519
-3.36196
-0.980251
0.222777
-2.08688
-0.854869
-2.12064
-3.12653
-2.92948
-1.23698
-3.75192
-3.47046
-4.02583
-3.21905
-2.33278
-1.83052
-1.66702
-1.61422
-0.467596
-1.54187
-2.47999
-0.802674
-2.41799
-1.8663
0
-0.115103
-2.09527
-1.94373
-3.36301
-2.99075
-2.74734
-2.16316
-3.52828
-2.82062
-1.17447
-1.04014
-0.257617
-2.10732
-0.80944
-1.51157
-2.88181
-2.71274
-1.5117
-2.24971
-0.380503
-1.42935
-2.30915
-3.09266
-0.649798
-1.9972
-0.405198
-0.115103
0
-2.00149
-1.95582
-0.967294
-2.17646
-2.30059
-4.02937
-2.68995
-1.11068
-2.21367
-3.0276
-0.899163
0.394879
-2.68637
-3.03793
-2.52522
-0.624448
-1.1599
-2.63409
-2.17994
-2.02069
-1.26906
-2.47054
-0.662318
-0.965698
-1.93723
-2.09527
-2.00149
0
-1.87638
-0.698499
-2.41325
-1.00898
-0.803411
-3.31113
-2.71809
-2.10345
-1.45431
-2.18696
-2.02656
-1.04002
-2.1198
-0.46951
-3.06598
-3.66123
-1.91471
-3.81376
-0.703633
-1.19157
-1.09241
-2.13547
-1.32296
-2.78519
-1.94373
-1.95582
-1.87638
0
-2.53538
-1.3579
-1.71235
-2.70793
-0.92191
-1.25746
-1.70071
-4.06896
-2.92761
-2.69202
-2.29201
-1.5184
-1.45961
-1.51967
-1.16767
-4.02272
-2.69037
-2.54755
-1.79371
-1.34061
-2.05669
-1.3236
-3.36196
-3.36301
-0.967294
-0.698499
-2.53538
0
-1.73702
-2.06029
-2.26357
-2.83067
-1.93828
-3.63272
-2.64159
-2.95815
-3.58782
-0.809521
-1.03864
-2.01953
-1.80505
-1.04147
-3.31987
-2.76913
-2.11986
-0.556306
-1.96795
-1.95072
-1.71805
-0.980251
-2.99075
-2.17646
-2.41325
-1.3579
-1.73702
0
-2.23792
-2.89558
-1.64435
-1.12079
-2.71724
-2.58144
0.426432
-1.00832
-2.2338
-0.221419
-2.81749
-1.50514
-2.09865
-3.25468
-4.83601
-1.0398
-3.04342
-2.96189
-1.96991
-2.83054
0.222777
-2.74734
-2.30059
-1.00898
-1.71235
-2.06029
-2.23792
0
0.120185
-0.727457
-2.22366
-1.37386
-2.61745
-2.0464
-3.04167
-2.72964
-1.26382
-3.11057
-0.746586
-2.49635
-1.6814
-1.63503
-1.04907
-3.11398
-3.29799
-2.43652
-1.72166
-2.08688
-2.16316
-4.02937
-0.803411
-2.70793
-2.26357
-2.89558
0.120185
0
-1.92116
-1.94718
-1.55591
-1.08774
-2.20723
-2.5225
-1.89601
-2.38079
-2.3227
-1.92166
-2.06422
-0.161326
-2.52736
-2.4568
-1.38626
-1.60465
-0.732105
-2.80239
-0.854869
-3.52828
-2.68995
-3.31113
-0.92191
-2.83067
-1.64435
-0.727457
-1.92116
0
-1.16024
-2.15284
-0.750774
-3.1529
-0.993659
-1.78076
-1.65446
-2.44048
-0.974253
-1.5994
-2.21243
-2.71142
-1.98187
-1.44921
-4.7962
-2.31941
-1.09546
-2.12064
-2.82062
-1.11068
-2.71809
-1.25746
-1.93828
-1.12079
-2.22366
-1.94718
-1.16024
0
