0
-3.27198
-2.5456
-2.52391
-1.3495
-3.29768
-2.5584
-2.24793
-2.70821
-2.37482
-2.74934
-1.03859
-2.35188
-3.20525
-0.707832
-1.70289
-2.62154
-2.37069
-3.80922
-3.29515
-3.05575
-1.89128
-1.57852
-0.926336
-2.48127
-1.46998
-3.71428
-3.27198
0
-2.82655
-1.97181
-4.74668
-2.11445
-0.901551
-2.81468
-1.19701
-1.85274
-1.94985
-0.802727
-1.46537
-0.811154
-1.90928
-0.315667
-3.4179
-3.13844
-2.11115
-2.67214
-1.13552
-1.93545
-0.897468
0.0769368
-1.57289
-3.25449
-2.08554
-2.5456
-2.82655
0
-1.80086
-1.51741
-1.77951
-1.7447
-1.84119
-1.54656
-2.15166
-1.25142
-2.53875
-1.86648
-1.77114
-1.22612
-1.99148
-2.22815
-1.32887
-0.967016
-3.07369
-2.22657
-0.220283
-1.0175
-2.97539
-1.8105
-2.36885
0.792863
-2.52391
-1.97181
-1.80086
0
-2.92813
-2.23577
-2.77673
-0.823128
-2.89738
-1.72382
-1.87343
-2.81466
-1.65346
-1.1802
-2.52291
-2.14501
-1.69087
-3.44266
-2.61391
-0.843038
-2.67136
-2.68517
-1.3291
-1.77566
-2.30299
-1.4923
-1.13587
-1.3495
-4.74668
-1.51741
-2.92813
0
-1.68682
-1.68222
-2.46842
-0.510639
-0.59047
-1.52794
-1.22039
-1.17822
-2.53832
-1.30143
-1.34873
-0.653895
-2.29671
-1.16136
-0.0168441
-0.574357
-2.53986
-1.94361
-2.5591
-1.80329
-1.69243
-0.810935
-3.29768
-2.11445
-1.77951
-2.23577
-1.68682
0
-3.21394
-1.13743
-4.01078
-0.471927
-2.76441
-1.38153
-2.04001
-2.3572
-2.13428
-2.20669
-2.6124
-3.20802
-0.263571
-2.81206
-0.896237
-2.54737
-1.77322
-1.70811
-1.96238
-4.02672
-2.69749
-2.5584
-0.901551
-1.7447
-2.77673
-1.68222
-3.21394
0
-3.07979
-1.76257
-1.85058
-3.37648
-2.28116
-1.93204
-1.75076
-0.528403
-2.03766
-0.453843
-2.47049
-1.41928
-3.03102
-2.8385
-1.08307
-0.70996
-0.983722
-2.48127
-3.75932
-2.81146
-2.24793
-2.81468
-1.84119
-0.823128
-2.46842
-1.13743
-3.07979
0
-2.02363
-2.92117
-2.61451
-2.78077
-2.72984
-1.5298
-1.21758
-0.883863
-3.06358
-1.85807
-1.98916
-2.15606
-3.1824
-1.04207
-2.1729
-2.49745
-0.174118
-1.97307
-1.72997
-2.70821
-1.19701
-1.54656
-2.89738
-0.510639
-4.01078
-1.76257
-2.02363
0
-1.27425
-1.1707
-1.54368
-1.2383
-0.977893
-2.20622
-0.197613
-1.82445
-0.117926
-2.49928
-0.721323
-1.38309
-1.99256
-2.42404
-1.67941
1.13971
-2.76962
-2.37913
-2.37482
-1.85274
-2.15166
-1.72382
-0.59047
-0.471927
-1.85058
-2.92117
-1.27425
0
-3.76494
-1.32647
-1.54994
-0.917848
-0.341472
-3.13628
-2.59572
-2.26432
-1.01364
-3.65232
-2.73309
0.0381662
-3.08776
-2.82334
-1.78421
-2.88887
-3.14241
-2.74934
-1.94985
-1.25142
-1.87343
-1.52794
-2.76441
-3.37648
-2.61451
-1.1707
-3.76494
0
-0.166933
-2.41285
-0.969092
-0.912279
-1.58201
-1.45917
-2.28211
-2.64522
-0.856836
-0.237557
-1.17077
0.127987
-2.37174
-2.79397
-2.36032
-0.545882
-1.03859
-0.802727
-2.53875
-2.81466
-1.22039
-1.38153
-2.28116
-2.78077
-1.54368
-1.32647
-0.166933
0
-1.45373
-1.92609
-3.60382
-2.19023
-1.97234
-2.25558
-1.14951
-1.11198
-0.817519
-2.67307
-1.19063
-2.04775
-1.56083
-0.581502
-1.80064
-2.35188
-1.46537
-1.86648
-1.65346
-1.17822
-2.04001
-1.93204
-2.72984
-1.2383
-1.54994
-2.41285
-1.45373
0
-2.08821
-2.18204
-0.947772
-2.20984
-3.34162
-3.54463
-1.74096
-2.20195
-1.59108
-0.292906
-0.645652
-2.44156
-1.3227
-0.953623
-3.20525
-0.811154
-1.77114
-1.1802
-2.53832
-2.3572
-1.75076
-1.5298
-0.977893
-0.917848
-0.969092
-1.92609
-2.08821
0
-2.95936
-1.28001
-3.31014
-1.04059
-2.66634
-2.80362
-3.50159
-1.72182
-3.23958
-1.80071
-3.84438
-2.92555
-1.24931
-0.707832
-1.90928
-1.22612
-2.52291
-1.30143
-2.13428
-0.528403
-1.21758
-2.20622
-0.341472
-0.912279
-3.60382
-2.18204
-2.95936
0
-0.210886
-1.71275
-2.39246
-1.2672
-1.95736
-2.57391
-2.04199
-2.31689
-0.644619
-1.93926
-2.34326
-1.67503
-1.70289
-0.315667
-1.99148
-2.14501
-1.34873
-2.20669
-2.03766
-0.883863
-0.197613
-3.13628
-1.58201
-2.19023
-0.947772
-1.28001
-0.210886
0
-1.44715
-2.01479
-2.44733
-1.82861
-2.77714
-2.12386
-0.851329
-3.38733
-3.45111
-0.974893
-2.53116
-2.62154
-3.4179
-2.22815
-1.69087
-0.653895
-2.6124
-0.453843
-3.06358
-1.82445
-2.59572
-1.45917
-1.97234
-2.20984
-3.31014
-1.71275
-1.44715
0
-3.1572
-0.713314
-1.12114
-2.1951
-2.52745
-1.89819
-1.26543
-1.2845
-2.20064
-1.12013
-2.37069
-3.13844
-1.32887
-3.44266
-2.29671
-3.20802
-2.47049
-1.85807
-0.117926
-2.26432
-2.28211
-2.25558
-3.34162
-1.04059
-2.39246
-2.01479
-3.1572
0
-3.18683
-1.55709
-4.48027
-0.852383
-0.781504
-3.37395
-1.95645
-2.71081
-2.54803
-3.80922
-2.11115
-0.967016
-2.61391
-1.16136
-0.263571
-1.41928
-1.98916
-2.49928
-1.01364
-2.64522
-1.14951
-3.54463
-2.66634
-1.2672
-2.44733
-0.713314
-3.18683
0
-2.13802
-0.303813
-3.41457
-2.4355
-4.0715
-3.87159
-2.01808
-2.4711
-3.29515
-2.67214
-3.07369
-0.843038
-0.0168441
-2.81206
-3.03102
-2.15606
-0.721323
-3.65232
-0.856836
-1.11198
-1.74096
-2.80362
-1.95736
-1.82861
-1.12114
-1.55709
-2.13802
0
-1.86231
-1.74805
-1.85343
-2.16992
-1.58499
-2.87788
-1.76644
-3.05575
-1.13552
-2.22657
-2.67136
-0.574357
-0.896237
-2.8385
-3.1824
-1.38309
-2.73309
-0.237557
-0.817519
-2.20195
-3.50159
-2.57391
-2.77714
-2.1951
-4.48027
-0.303813
-1.86231
0
-2.32151
-4.51622
-2.20622
-2.39598
-0.952766
-1.30248
-1.89128
-1.93545
-0.220283
-2.68517
-2.53986
-2.54737
-1.08307
-1.04207
-1.99256
0.0381662
-1.17077
-2.67307
-1.59108
-1.72182
-2.04199
-2.12386
-2.52745
-0.852383
-3.41457
-1.74805
-2.32151
0
-0.887639
-2.81434
-2.05887
-2.88193
-1.36054
-1.57852
-0.897468
-1.0175
-1.3291
-1.94361
-1.77322
-0.70996
-2.1729
-2.42404
-3.08776
0.127987
-1.19063
-0.292906
-3.23958
-2.31689
-0.851329
-1.89819
-0.781504
-2.4355
-1.85343
-4.51622
-0.887639
0
-0.51831
-3.6477
-1.70377
-1.50023
-0.926336
0.0769368
-2.97539
-1.77566
-2.5591
-1.70811
-0.983722
-2.49745
-1.67941
-2.82334
-2.37174
-2.04775
-0.645652
-1.80071
-0.644619
-3.38733
-1.26543
-3.37395
-4.0715
-2.16992
-2.20622
-2.81434
-0.51831
0
0.0107319
-2.52353
-1.71741
-2.48127
-1.57289
-1.8105
-2.30299
-1.80329
-1.96238
-2.48127
-0.174118
1.13971
-1.78421
-2.79397
-1.56083
-2.44156
-3.84438
-1.93926
-3.45111
-1.2845
-1.95645
-3.87159
-1.58499
-2.39598
-2.05887
-3.6477
0.0107319
0
-1.90777
-0.137021
-1.46998
-3.25449
-2.36885
-1.4923
-1.69243
-4.02672
-3.75932
-1.97307
-2.76962
-2.88887
-2.36032
-0.581502
-1.3227
-2.92555
-2.34326
-0.974893
-2.20064
-2.71081
-2.01808
-2.87788
-0.952766
-2.88193
-1.70377
-2.52353
-1.90777
0
-1.72547
-3.71428
-2.08554
0.792863
-1.13587
-0.810935
-2.69749
-2.81146
-1.72997
-2.37913
-3.14241
-0.545882
-1.80064
-0.953623
-1.24931
-1.67503
-2.53116
-1.12013
-2.54803
-2.4711
-1.76644
-1.30248
-1.36054
-1.50023
-1.71741
-0.137021
-1.72547
0
