0
-2.13952
-1.75099
-2.14958
-2.43252
-2.28104
-1.75086
-1.82109
-1.01389
-2.66255
-1.02653
-1.52654
-2.49949
-1.05808
-2.39206
-0.428252
-2.14102
-2.22649
-3.42404
-4.38707
-1.51676
-1.77028
-1.37492
-3.24978
-2.83919
-3.0073
-1.71395
-2.13952
0
-3.48585
-3.43809
-1.10319
-0.307704
-1.12484
-0.907911
-2.97402
-1.99266
-1.1477
-1.94628
-1.63645
-4.08252
-1.56566
-1.17861
-2.99433
-1.42169
-1.95763
-1.47408
-1.55603
-2.23983
-1.65101
-3.89718
-3.44704
-1.97128
-1.19687
-1.75099
-3.48585
0
-0.142877
-0.109093
-3.25778
-0.0616908
-1.66779
-3.4082
-1.60679
-3.39001
-1.4663
-1.25031
-1.94569
-2.93376
-3.58492
-0.39706
-1.38738
-0.308647
-1.05291
-2.95304
-1.84708
-2.92141
-1.25395
-3.26566
-3.42236
-2.28812
-2.14958
-3.43809
-0.142877
0
-1.54543
-0.997443
-1.86565
-2.74761
-3.18635
-1.46507
-0.613099
0.0908951
-2.41888
-1.26642
-1.07233
-1.68181
-1.94258
-0.606036
-0.816535
-1.5786
-3.01637
-2.74724
-1.30603
-3.0716
-0.759158
-1.56725
-3.09576
-2.43252
-1.10319
-0.109093
-1.54543
0
-2.69621
0.288005
-2.88917
-1.63922
-2.26343
-0.0454394
-2.77884
-2.47947
-1.97287
-3.32559
-2.13488
-2.6662
-2.37815
-3.33232
-3.26931
-2.33184
-2.28629
-3.47206
-2.11329
-2.8128
-0.966317
-2.75085
-2.28104
-0.307704
-3.25778
-0.997443
-2.69621
0
-2.7406
-2.85334
-1.44117
-3.53903
-1.76171
-1.5653
-0.683432
-1.96502
-2.05222
-4.17656
-2.07992
-2.92774
-0.707918
-2.18435
-0.816036
-0.0532005
-2.13568
-4.01373
-1.81108
-3.37587
-2.15619
-1.75086
-1.12484
-0.0616908
-1.86565
0.288005
-2.7406
0
-2.29173
-2.35047
-1.87789
-1.81041
-1.88988
-1.64115
-1.49697
-2.93393
-4.1259
-3.23595
-1.25764
-0.954568
-2.07304
-2.22827
-3.2167
-1.89029
-0.479731
-3.02782
-2.92459
-0.0548068
-1.82109
-0.907911
-1.66779
-2.74761
-2.88917
-2.85334
-2.29173
0
-0.972124
-0.643956
-2.71402
-0.501174
-1.70962
-1.60314
-0.73618
-2.58413
-1.04127
-1.47853
-2.64904
-0.895784
-2.01025
-0.185359
-1.7865
-0.833402
-1.98318
-0.344545
-2.37073
-1.01389
-2.97402
-3.4082
-3.18635
-1.63922
-1.44117
-2.35047
-0.972124
0
-2.62577
-1.29804
-2.83334
-2.01421
-2.57557
-1.24487
-2.61728
-1.33964
-1.15461
-3.63518
-2.94616
-1.571
-3.31298
-1.77102
-2.40497
-2.81496
-2.51862
-1.81408
-2.66255
-1.99266
-1.60679
-1.46507
-2.26343
-3.53903
-1.87789
-0.643956
-2.62577
0
-1.23652
-2.56342
-0.694192
-1.44568
-2.4809
-3.77613
-0.472699
-2.04039
-3.0968
-2.00646
-0.901374
-1.08846
-2.12524
-0.304387
-2.88248
-1.61024
-1.61056
-1.02653
-1.1477
-3.39001
-0.613099
-0.0454394
-1.76171
-1.81041
-2.71402
-1.29804
-1.23652
0
-3.9275
-1.37902
-2.05134
-1.98887
-0.211851
-4.75893
-1.67114
-1.86933
-1.1003
-3.63786
-2.6256
-1.82155
-0.813535
-2.74195
-2.24852
-0.0509693
-1.52654
-1.94628
-1.4663
0.0908951
-2.77884
-1.5653
-1.88988
-0.501174
-2.83334
-2.56342
-3.9275
0
-1.88044
-2.65428
-3.1243
-1.40768
-1.5298
-2.85352
-2.45617
-1.43781
-1.24034
-2.73525
0.482293
-1.37669
-1.02491
-1.28605
-2.35289
-2.49949
-1.63645
-1.25031
-2.41888
-2.47947
-0.683432
-1.64115
-1.70962
-2.01421
-0.694192
-1.37902
-1.88044
0
0.486145
-1.98957
-1.81929
-3.42531
-3.36824
-1.38193
-0.777901
-1.19035
-1.66315
-3.49104
-2.25179
-0.905668
-3.00106
-1.45204
-1.05808
-4.08252
-1.94569
-1.26642
-1.97287
-1.96502
-1.49697
-1.60314
-2.57557
-1.44568
-2.05134
-2.65428
0.486145
0
-2.46155
-2.10027
-1.76014
-3.06996
-2.70844
-2.38075
-1.60121
-1.85618
-2.6277
-0.903073
-2.90134
-2.19279
-1.78201
-2.39206
-1.56566
-2.93376
-1.07233
-3.32559
-2.05222
-2.93393
-0.73618
-1.24487
-2.4809
-1.98887
-3.1243
-1.98957
-2.46155
0
-3.01691
-4.09297
-2.1105
-0.439682
-1.88314
-2.73344
-1.41772
-2.8123
-2.35971
-3.15155
-1.00143
-3.14973
-0.428252
-1.17861
-3.58492
-1.68181
-2.13488
-4.17656
-4.1259
-2.58413
-2.61728
-3.77613
-0.211851
-1.40768
-1.81929
-2.10027
-3.01691
0
-0.79475
-2.17838
-1.66619
-0.701825
-2.5068
-1.88433
-2.17722
-3.44505
-1.81608
-2.83623
-2.72351
-2.14102
-2.99433
-0.39706
-1.94258
-2.6662
-2.07992
-3.23595
-1.04127
-1.33964
-0.472699
-4.75893
-1.5298
-3.42531
-1.76014
-4.09297
-0.79475
0
-3.45878
-4.03418
-4.44376
-2.63885
-2.67536
-1.90024
-1.3299
-1.49287
-1.99011
-0.960465
-2.22649
-1.42169
-1.38738
-0.606036
-2.37815
-2.92774
-1.25764
-1.47853
-1.15461
-2.04039
-1.67114
-2.85352
-3.36824
-3.06996
-2.1105
-2.17838
-3.45878
0
-1.87065
-0.796897
-3.46191
-2.09227
-2.19311
-1.90488
-2.54128
-1.66933
-4.24506
-3.42404
-1.95763
-0.308647
-0.816535
-3.33232
-0.707918
-0.954568
-2.64904
-3.63518
-3.0968
-1.86933
-2.45617
-1.38193
-2.70844
-0.439682
-1.66619
-4.03418
-1.87065
0
-2.55302
-0.289676
-0.00677582
-1.27676
-1.75517
-2.30504
-2.18828
-2.88989
-4.38707
-1.47408
-1.05291
-1.5786
-3.26931
-2.18435
-2.07304
-0.895784
-2.94616
-2.00646
-1.1003
-1.43781
-0.777901
-2.38075
-1.88314
-0.701825
-4.44376
-0.796897
-2.55302
0
-1.71435
-3.58931
-1.79854
-1.66956
-0.706355
-2.29536
-2.54067
-1.51676
-1.55603
-2.95304
-3.01637
-2.33184
-0.816036
-2.22827
-2.01025
-1.571
-0.901374
-3.63786
-1.24034
-1.19035
-1.60121
-2.73344
-2.5068
-2.63885
-3.46191
-0.289676
-1.71435
0
0.0341471
-2.2492
-1.54409
-2.82729
-2.10594
-1.49752
-1.77028
-2.23983
-1.84708
-2.74724
-2.28629
-0.0532005
-3.2167
-0.185359
-3.31298
-1.08846
-2.6256
-2.73525
-1.66315
-1.85618
-1.41772
-1.88433
-2.67536
-2.09227
-0.00677582
-3.58931
0.0341471
0
-1.4223
-2.28535
-2.14913
-0.466657
-3.39999
-1.37492
-1.65101
-2.92141
-1.30603
-3.47206
-2.13568
-1.89029
-1.7865
-1.77102
-2.12524
-1.82155
0.482293
-3.49104
-2.6277
-2.8123
-2.17722
-1.90024
-2.19311
-1.27676
-1.79854
-2.2492
-1.4223
0
-1.59745
-3.87988
-1.67433
-3.99557
-3.24978
-3.89718
-1.25395
-3.0716
-2.11329
-4.01373
-0.479731
-0.833402
-2.40497
-0.304387
-0.813535
-1.37669
-2.25179
-0.903073
-2.35971
-3.44505
-1.3299
-1.90488
-1.75517
-1.66956
-1.54409
-2.28535
-1.59745
0
0.129204
-2.07245
-1.91762
-2.83919
-3.44704
-3.26566
-0.759158
-2.8128
-1.81108
-3.02782
-1.98318
-2.81496
-2.88248
-2.74195
-1.02491
-0.905668
-2.90134
-3.15155
-1.81608
-1.49287
-2.54128
-2.30504
-0.706355
-2.82729
-2.14913
-3.87988
0.129204
0
-1.51515
-1.31036
-3.0073
-1.97128
-3.42236
-1.56725
-0.966317
-3.37587
-2.92459
-0.344545
-2.51862
-1.61024
-2.24852
-1.28605
-3.00106
-2.19279
-1.00143
-2.83623
-1.99011
-1.66933
-2.18828
-2.29536
-2.10594
-0.466657
-1.67433
-2.07245
-1.51515
0
-1.96104
-1.71395
-1.19687
-2.28812
-3.09576
-2.75085
-2.15619
-0.0548068
-2.37073
-1.81408
-1.61056
-0.0509693
-2.35289
-1.45204
-1.78201
-3.14973
-2.72351
-0.960465
-4.24506
-2.88989
-2.54067
-1.49752
-3.39999
-3.99557
-1.91762
-1.31036
-1.96104
0
