0
-3.10675
-2.67508
-2.28906
-3.10573
-1.3676
-3.129
-0.38935
-2.72362
-2.27548
-1.47037
-1.76757
-3.59129
-3.06824
-3.16541
-2.18049
-1.86732
-2.45366
-2.48283
-1.64732
-1.41021
-1.66389
-2.12972
-3.37421
0.549075
-1.61696
-3.03155
-3.10675
0
-2.17337
-1.60301
-1.50218
-2.35227
-3.19379
-2.27031
-3.68558
-1.74893
-2.58635
-1.57684
-0.94715
-2.45906
-0.623853
-1.95461
-2.8067
-1.59531
-1.76184
-1.42979
-2.20712
-1.89199
-2.96048
-1.72955
-3.23106
-2.9573
-0.707048
-2.67508
-2.17337
0
-0.0642436
-3.05364
-1.9939
-1.36964
-1.8623
-3.27666
-3.72329
-2.33347
-2.37763
-1.93165
-2.00895
-1.86492
-1.39351
-2.03712
-1.56653
-1.07924
-3.44258
-1.40343
-2.60992
-1.64607
-0.99321
-1.57659
-0.842427
-3.71029
-2.28906
-1.60301
-0.0642436
0
-0.285649
-1.02419
-2.41752
-3.63278
-2.65817
-1.72797
-2.35867
-0.927671
-1.31554
-0.675202
-3.35274
-2.47748
-3.2874
-1.46988
-0.973763
-2.56597
0.1634
-1.88067
-0.304737
-2.37286
-3.20842
-2.96264
-2.90896
-3.10573
-1.50218
-3.05364
-0.285649
0
-1.16212
-0.386784
-1.68015
-0.782094
-2.76845
-1.70579
-3.15777
-2.80439
-2.50378
-2.00469
-1.13803
-1.61134
-0.931037
-1.46866
-2.39558
-2.33475
-1.77243
-1.88508
-4.64369
-1.29345
-2.89074
-2.58717
-1.3676
-2.35227
-1.9939
-1.02419
-1.16212
0
-2.90128
-2.41919
-1.92103
-1.59582
-1.94389
-1.4167
-1.7399
-2.26912
-1.03496
-2.33279
-2.25826
-1.46673
-2.66863
-0.155857
-1.9938
-0.660113
-2.26468
-3.47482
-3.70648
-0.78444
-0.744093
-3.129
-3.19379
-1.36964
-2.41752
-0.386784
-2.90128
0
-2.49397
-1.8928
-2.3958
-1.79374
-1.01214
-0.7432
-2.00383
-2.045
-1.98102
-3.48602
-2.86636
-3.76705
-2.95434
-2.37656
-0.436604
-1.68016
-3.0747
-3.45379
-2.49087
-3.47968
-0.38935
-2.27031
-1.8623
-3.63278
-1.68015
-2.41919
-2.49397
0
-2.50792
-3.684
-1.86509
-1.48376
-2.79073
-3.19361
-1.3232
-2.55196
0.522188
-1.38344
-1.56285
-2.69365
-3.20173
-1.90372
-2.79727
-1.96322
-2.16462
-2.49469
-0.688818
-2.72362
-3.68558
-3.27666
-2.65817
-0.782094
-1.92103
-1.8928
-2.50792
0
-1.14531
-2.7089
-3.81482
-2.76044
-3.22209
-1.06235
-2.18874
-3.4005
-3.18168
-3.00034
-1.33965
-2.87538
-3.10068
-2.93164
0.78589
-1.69261
-1.64075
-2.47206
-2.27548
-1.74893
-3.72329
-1.72797
-2.76845
-1.59582
-2.3958
-3.684
-1.14531
0
-2.24411
-3.88803
-2.98362
-0.947827
-2.64704
-2.44606
-2.06094
-0.914089
-1.01243
-1.26708
-1.74499
-2.17362
-1.52275
-0.855659
-3.93438
-3.04483
-2.13648
-1.47037
-2.58635
-2.33347
-2.35867
-1.70579
-1.94389
-1.79374
-1.86509
-2.7089
-2.24411
0
-2.70246
-2.21175
-0.0217441
-0.584319
-1.22087
-1.17895
-0.871594
-3.05092
-0.455184
-2.04619
-1.99558
-1.08364
-2.27372
-1.49646
-2.37469
-2.43202
-1.76757
-1.57684
-2.37763
-0.927671
-3.15777
-1.4167
-1.01214
-1.48376
-3.81482
-3.88803
-2.70246
0
-1.25908
-2.23153
-0.36597
-0.581875
-1.23736
-1.9974
-2.47283
-2.36862
-1.19111
-1.81243
-2.20262
-1.89767
-2.02428
-2.54808
-3.41607
-3.59129
-0.94715
-1.93165
-1.31554
-2.80439
-1.7399
-0.7432
-2.79073
-2.76044
-2.98362
-2.21175
-1.25908
0
-2.22644
-1.61356
-3.27793
-1.99626
-3.39776
-2.22018
-1.1459
-1.80205
-2.21478
-2.38805
-3.07178
-1.67566
-1.99873
-0.704501
-3.06824
-2.45906
-2.00895
-0.675202
-2.50378
-2.26912
-2.00383
-3.19361
-3.22209
-0.947827
-0.0217441
-2.23153
-2.22644
0
-2.71845
-2.93808
-2.48989
-3.27654
-2.00939
-2.6029
-2.73609
-1.87126
-1.71808
-0.333741
-2.56047
-1.30179
-2.28999
-3.16541
-0.623853
-1.86492
-3.35274
-2.00469
-1.03496
-2.045
-1.3232
-1.06235
-2.64704
-0.584319
-0.36597
-1.61356
-2.71845
0
-2.88036
-1.66665
-1.62889
-2.83052
-1.77852
-4.65489
-3.25135
-2.89121
-1.6848
-1.59592
-0.675709
-4.34413
-2.18049
-1.95461
-1.39351
-2.47748
-1.13803
-2.33279
-1.98102
-2.55196
-2.18874
-2.44606
-1.22087
-0.581875
-3.27793
-2.93808
-2.88036
0
-2.91542
-4.5519
-1.91613
-0.825167
-1.69678
-1.16211
-3.34598
-3.98594
-2.46408
-1.30683
-2.18807
-1.86732
-2.8067
-2.03712
-3.2874
-1.61134
-2.25826
-3.48602
0.522188
-3.4005
-2.06094
-1.17895
-1.23736
-1.99626
-2.48989
-1.66665
-2.91542
0
-2.47187
-3.50554
-0.51842
-2.50794
-0.610646
-2.4887
-2.75371
-2.85816
-3.35822
-1.37925
-2.45366
-1.59531
-1.56653
-1.46988
-0.931037
-1.46673
-2.86636
-1.38344
-3.18168
-0.914089
-0.871594
-1.9974
-3.39776
-3.27654
-1.62889
-4.5519
-2.47187
0
-2.49012
-0.936988
-1.32251
-2.48668
-3.19432
-2.72195
-1.43905
-1.62613
-2.9261
-2.48283
-1.76184
-1.07924
-0.973763
-1.46866
-2.66863
-3.76705
-1.56285
-3.00034
-1.01243
-3.05092
-2.47283
-2.22018
-2.00939
-2.83052
-1.91613
-3.50554
-2.49012
0
-2.89336
0.131677
-1.34749
-0.98162
-2.13135
-1.29948
-2.16554
-2.91494
-1.64732
-1.42979
-3.44258
-2.56597
-2.39558
-0.155857
-2.95434
-2.69365
-1.33965
-1.26708
-0.455184
-2.36862
-1.1459
-2.6029
-1.77852
-0.825167
-0.51842
-0.936988
-2.89336
0
-0.417234
-0.736776
-2.92923
-2.52313
-1.5079
-2.87032
-1.15562
-1.41021
-2.20712
-1.40343
0.1634
-2.33475
-1.9938
-2.37656
-3.20173
-2.87538
-1.74499
-2.04619
-1.19111
-1.80205
-2.73609
-4.65489
-1.69678
-2.50794
-1.32251
0.131677
-0.417234
0
-0.197089
-2.38124
0.237564
-3.21566
-2.31311
-2.88567
-1.66389
-1.89199
-2.60992
-1.88067
-1.77243
-0.660113
-0.436604
-1.90372
-3.10068
-2.17362
-1.99558
-1.81243
-2.21478
-1.87126
-3.25135
-1.16211
-0.610646
-2.48668
-1.34749
-0.736776
-0.197089
0
-3.27753
-2.584
-1.71828
-1.50157
-1.17315
-2.12972
-2.96048
-1.64607
-0.304737
-1.88508
-2.26468
-1.68016
-2.79727
-2.93164
-1.52275
-1.08364
-2.20262
-2.38805
-1.71808
-2.89121
-3.34598
-2.4887
-3.19432
-0.98162
-2.92923
-2.38124
-3.27753
0
-0.709333
-2.75
-1.53382
-0.887024
-3.37421
-1.72955
-0.99321
-2.37286
-4.64369
-3.47482
-3.0747
-1.96322
0.78589
-0.855659
-2.27372
-1.89767
-3.07178
-0.333741
-1.6848
-3.98594
-2.75371
-2.72195
-2.13135
-2.52313
0.237564
-2.584
-0.709333
0
-2.66699
-2.00906
-2.00183
0.549075
-3.23106
-1.57659
-3.20842
-1.29345
-3.70648
-3.45379
-2.16462
-1.69261
-3.93438
-1.49646
-2.02428
-1.67566
-2.56047
-1.59592
-2.46408
-2.85816
-1.43905
-1.29948
-1.5079
-3.21566
-1.71828
-2.75
-2.66699
0
-1.60176
-0.864611
-1.61696
-2.9573
-0.842427
-2.96264
-2.89074
-0.78444
-2.49087
-2.49469
-1.64075
-3.04483
-2.37469
-2.54808
-1.99873
-1.30179
-0.675709
-1.30683
-3.35822
-1.62613
-2.16554
-2.87032
-2.31311
-1.50157
-1.53382
-2.00906
-1.60176
0
-2.33112
-3.03155
-0.707048
-3.71029
-2.90896
-2.58717
-0.744093
-3.47968
-0.688818
-2.47206
-2.13648
-2.43202
-3.41607
-0.704501
-2.28999
-4.34413
-2.18807
-1.37925
-2.9261
-2.91494
-1.15562
-2.88567
-1.17315
-0.887024
-2.00183
-0.864611
-2.33112
0
