0
-0.889124
-2.11227
-0.0192327
-1.81134
-1.39036
-1.96941
-1.59621
-0.909897
-1.49615
-1.42759
-1.29768
-1.52209
-0.913322
-1.2677
-3.95787
-2.13586
-3.48353
-2.25472
-2.33991
-1.67264
-1.11399
-0.451423
-1.1598
-1.36235
-0.536599
-2.82741
-0.889124
0
-2.34951
-2.65506
-1.79798
-2.21796
-1.24694
-1.44903
-3.19224
-3.72444
-4.18956
-3.40363
-1.77653
0.681968
-2.95003
-1.26873
-2.54456
-1.50138
-3.07648
-1.75798
0.0315413
-3.09207
-1.53546
-3.29814
-2.63026
-1.82697
-2.1335
-2.11227
-2.34951
0
-0.115858
-2.09217
-2.12113
-1.26436
1.15331
-0.792451
-2.00712
-3.46557
-1.92832
-0.733277
-1.47868
-3.31671
-1.95921
-0.506687
-2.27084
-3.05869
-1.2725
-1.44998
-1.6409
-1.05833
-1.39381
-2.09998
-3.19089
-2.30331
-0.0192327
-2.65506
-0.115858
0
-2.42257
-1.34175
-2.86424
-2.56592
-1.59986
-2.64679
-2.7789
-0.570351
-0.975596
-4.17873
-2.33788
-2.25742
-1.3277
-0.906381
-2.09825
-4.22884
-3.60288
-1.6394
-1.73662
-0.693908
-1.39514
-1.28042
-2.32744
-1.81134
-1.79798
-2.09217
-2.42257
0
-3.06068
-2.58055
-0.834023
-1.3937
-2.61236
-2.17019
-1.26746
-2.71959
-1.95672
-3.30355
-2.49496
-2.60358
-2.52044
-1.60936
-2.29218
-1.98601
-2.06744
-1.82031
-3.07278
-2.45127
-2.71683
-2.47768
-1.39036
-2.21796
-2.12113
-1.34175
-3.06068
0
-1.57185
-3.0391
-3.28334
-1.95052
-2.42921
-3.27699
-3.2837
-3.29356
-1.48998
-2.15231
-2.43179
-1.53301
-1.4048
-3.71458
-3.30881
-0.835122
-1.99189
-2.57212
-2.08877
-2.38745
-1.64311
-1.96941
-1.24694
-1.26436
-2.86424
-2.58055
-1.57185
0
-2.91555
-2.07574
-1.22194
-2.0551
-1.14131
-1.61363
-0.988641
-2.4362
-3.00132
-0.349225
0.0618788
-2.47424
-1.64512
-1.86443
-1.77432
-2.37159
-3.28533
-1.22286
-1.31862
-1.30071
-1.59621
-1.44903
1.15331
-2.56592
-0.834023
-3.0391
-2.91555
0
-2.20535
-2.55803
-2.92793
-2.08587
-3.64824
-3.58323
-2.34184
-2.31688
-1.13106
-1.56006
-2.12976
-3.09079
-2.16979
-0.0177157
-1.61088
-1.63176
-0.632249
-0.0666531
-1.56107
-0.909897
-3.19224
-0.792451
-1.59986
-1.3937
-3.28334
-2.07574
-2.20535
0
-1.90291
-2.54906
-3.14208
-2.66726
-1.10465
-2.51486
-1.7576
-2.43728
-2.31391
-3.77538
-1.75694
-2.43434
-2.32545
-0.924846
-1.95148
-1.90537
-1.71265
-1.13296
-1.49615
-3.72444
-2.00712
-2.64679
-2.61236
-1.95052
-1.22194
-2.55803
-1.90291
0
-2.94601
-1.33112
-2.31841
-3.32563
-4.35143
-2.09507
-1.84832
-1.19199
-0.931681
-3.49121
-1.89112
-2.92434
-1.48394
-2.67642
-2.18031
-2.25843
-2.44812
-1.42759
-4.18956
-3.46557
-2.7789
-2.17019
-2.42921
-2.0551
-2.92793
-2.54906
-2.94601
0
-3.96556
-2.84624
-1.95925
-2.67711
1.13401
-2.26325
-2.72136
-1.61834
-1.17364
-2.15579
-2.2625
0.459897
-2.03568
-1.08455
-0.959437
-2.22628
-1.29768
-3.40363
-1.92832
-0.570351
-1.26746
-3.27699
-1.14131
-2.08587
-3.14208
-1.33112
-3.96556
0
-2.69217
-1.64708
-2.68151
-2.66077
-2.29662
-0.77025
-2.89009
-1.43383
-1.89552
-1.52266
-3.17105
-2.17181
-1.34881
-2.10912
-2.63656
-1.52209
-1.77653
-0.733277
-0.975596
-2.71959
-3.2837
-1.61363
-3.64824
-2.66726
-2.31841
-2.84624
-2.69217
0
-2.88172
-2.22746
-0.493415
-1.60616
-1.30121
-3.76519
-2.17078
-0.790718
-0.504335
-1.81923
-1.36789
-0.766748
-0.457291
-0.578287
-0.913322
0.681968
-1.47868
-4.17873
-1.95672
-3.29356
-0.988641
-3.58323
-1.10465
-3.32563
-1.95925
-1.64708
-2.88172
0
-3.75106
-0.574036
-0.790007
-1.64513
-0.0638846
-0.623727
-3.12951
0.408639
-2.32604
-1.45964
-3.37243
-3.21503
-1.73706
-1.2677
-2.95003
-3.31671
-2.33788
-3.30355
-1.48998
-2.4362
-2.34184
-2.51486
-4.35143
-2.67711
-2.68151
-2.22746
-3.75106
0
-1.81528
-3.83009
-1.02491
-2.96321
-2.13063
-3.43827
-2.21313
-0.897337
0.266316
-1.60594
-1.84388
-1.40562
-3.95787
-1.26873
-1.95921
-2.25742
-2.49496
-2.15231
-3.00132
-2.31688
-1.7576
-2.09507
1.13401
-2.66077
-0.493415
-0.574036
-1.81528
0
-3.66304
-1.92063
-2.97524
-2.24713
-2.44445
-1.39043
-2.53183
-1.44718
-1.5057
-2.92075
-1.19327
-2.13586
-2.54456
-0.506687
-1.3277
-2.60358
-2.43179
-0.349225
-1.13106
-2.43728
-1.84832
-2.26325
-2.29662
-1.60616
-0.790007
-3.83009
-3.66304
0
-2.13978
-1.25716
-2.24653
-1.54183
-2.81129
-3.16592
-3.56668
-3.61703
-0.720863
-2.13167
-3.48353
-1.50138
-2.27084
-0.906381
-2.52044
-1.53301
0.0618788
-1.56006
-2.31391
-1.19199
-2.72136
-0.77025
-1.30121
-1.64513
-1.02491
-1.92063
-2.13978
0
-1.98081
-0.16905
-1.7798
-4.0187
-2.2712
-2.74388
0.465762
-1.47788
-2.77328
-2.25472
-3.07648
-3.05869
-2.09825
-1.60936
-1.4048
-2.47424
-2.12976
-3.77538
-0.931681
-1.61834
-2.89009
-3.76519
-0.0638846
-2.96321
-2.97524
-1.25716
-1.98081
0
-2.4265
-1.5684
-4.03029
0.168371
-2.29058
-2.83891
-3.27625
-2.12243
-2.33991
-1.75798
-1.2725
-4.22884
-2.29218
-3.71458
-1.64512
-3.09079
-1.75694
-3.49121
-1.17364
-1.43383
-2.17078
-0.623727
-2.13063
-2.24713
-2.24653
-0.16905
-2.4265
0
-3.38928
-2.13746
-2.42121
-2.59028
-1.91312
-3.69648
-3.25797
-1.67264
0.0315413
-1.44998
-3.60288
-1.98601
-3.30881
-1.86443
-2.16979
-2.43434
-1.89112
-2.15579
-1.89552
-0.790718
-3.12951
-3.43827
-2.44445
-1.54183
-1.7798
-1.5684
-3.38928
0
-3.35735
-1.57045
-0.346449
-2.32317
-0.71875
0.0949666
-1.11399
-3.09207
-1.6409
-1.6394
-2.06744
-0.835122
-1.77432
-0.0177157
-2.32545
-2.92434
-2.2625
-1.52266
-0.504335
0.408639
-2.21313
-1.39043
-2.81129
-4.0187
-4.03029
-2.13746
-3.35735
0
-0.673736
-2.19432
-0.504901
-2.94228
-2.79906
-0.451423
-1.53546
-1.05833
-1.73662
-1.82031
-1.99189
-2.37159
-1.61088
-0.924846
-1.48394
0.459897
-3.17105
-1.81923
-2.32604
-0.897337
-2.53183
-3.16592
-2.2712
0.168371
-2.42121
-1.57045
-0.673736
0
-3.26456
-4.79591
-3.45049
-1.87264
-1.1598
-3.29814
-1.39381
-0.693908
-3.07278
-2.57212
-3.28533
-1.63176
-1.95148
-2.67642
-2.03568
-2.17181
-1.36789
-1.45964
0.266316
-1.44718
-3.56668
-2.74388
-2.29058
-2.59028
-0.346449
-2.19432
-3.26456
0
-1.85659
-3.43238
-2.61809
-1.36235
-2.63026
-2.09998
-1.39514
-2.45127
-2.08877
-1.22286
-0.632249
-1.90537
-2.18031
-1.08455
-1.34881
-0.766748
-3.37243
-1.60594
-1.5057
-3.61703
0.465762
-2.83891
-1.91312
-2.32317
-0.504901
-4.79591
-1.85659
0
-3.10265
-1.72525
-0.536599
-1.82697
-3.19089
-1.28042
-2.71683
-2.38745
-1.31862
-0.0666531
-1.71265
-2.25843
-0.959437
-2.10912
-0.457291
-3.21503
-1.84388
-2.92075
-0.720863
-1.47788
-3.27625
-3.69648
-0.71875
-2.94228
-3.45049
-3.43238
-3.10265
0
-1.55153
-2.82741
-2.1335
-2.30331
-2.32744
-2.47768
-1.64311
-1.30071
-1.56107
-1.13296
-2.44812
-2.22628
-2.63656
-0.578287
-1.73706
-1.40562
-1.19327
-2.13167
-2.77328
-2.12243
-3.25797
0.0949666
-2.79906
-1.87264
-2.61809
-1.72525
-1.55153
0
