0
-3.90851
-0.563874
-1.33032
-3.22049
-2.77881
-2.36553
-2.78718
-1.49091
-2.44394
-2.27791
0.0465926
-0.659955
-2.93298
-1.28128
-1.48009
-3.28489
-1.82809
-0.766283
-2.68134
-1.7794
-1.7453
-1.04049
-2.09583
-2.62197
-2.31623
-1.74505
-3.90851
0
-2.8692
-3.54102
-2.01159
-1.65458
-3.25631
-2.64182
-1.74236
-2.29852
-2.87267
-5.79205
-0.740462
-2.11182
-2.73079
-1.45903
-1.64464
-0.349773
-3.53654
-3.6083
-2.76218
-2.24191
-0.936309
-2.12186
-2.51331
-1.32183
-2.04724
-0.563874
-2.8692
0
-3.35627
-1.85786
-2.32672
-3.87754
-1.05051
-1.47019
-2.08747
-2.30229
-2.11126
-2.51447
-2.30416
-1.30656
-2.38687
-3.57667
-1.64722
-2.47266
-2.26381
-3.0677
-2.12607
-2.14452
-2.73034
-2.0396
-1.28259
-2.64529
-1.33032
-3.54102
-3.35627
0
-1.52848
-3.30952
-1.53436
-1.71991
-2.60237
-1.53781
-0.759507
-2.37591
-2.5585
-2.27977
-1.55616
-2.87443
-2.52891
-3.09965
-1.70908
-2.25422
-1.63558
-2.71862
-2.64677
-2.5952
-3.17039
-2.68683
-2.04704
-3.22049
-2.01159
-1.85786
-1.52848
0
-2.13649
-3.76516
-1.31021
-0.121688
-2.50927
-1.75236
-1.43263
-1.72545
-0.00330004
-3.00461
-1.5017
-2.40662
-1.97171
-2.31748
-2.33881
-2.66431
-3.07606
-1.98947
-1.58969
-1.4119
-2.2127
-2.00195
-2.77881
-1.65458
-2.32672
-3.30952
-2.13649
0
-1.19683
-3.42455
-2.54324
-1.7759
-3.43459
-3.42914
-2.4357
-1.57706
-1.64665
-2.41358
0.603032
-2.92041
-3.07911
-2.99468
-2.59555
-0.0599012
-2.49863
0.0110873
-3.46833
-2.92584
-0.897823
-2.36553
-3.25631
-3.87754
-1.53436
-3.76516
-1.19683
0
-5.2301
-4.46132
-1.00581
-0.134515
-2.1854
-1.38316
-4.05152
-1.43228
-0.115035
-1.82478
-2.17173
-1.53827
-2.89284
-1.64945
-1.80344
-1.35821
-1.47831
-1.22547
-1.03562
-2.582
-2.78718
-2.64182
-1.05051
-1.71991
-1.31021
-3.42455
-5.2301
0
-1.55457
-2.83293
-2.19305
-0.940132
-1.79356
-2.34969
-1.40558
-2.28314
-1.75578
-2.53031
-3.46128
-2.13598
-2.69898
-1.90935
-1.06445
-2.24314
-1.452
-1.64221
-3.01
-1.49091
-1.74236
-1.47019
-2.60237
-0.121688
-2.54324
-4.46132
-1.55457
0
-0.765664
-3.60719
-2.09074
-1.64706
-3.12057
-1.77357
-2.35027
-3.04418
-2.34238
-2.14751
-1.18433
-2.55375
-2.56754
-1.09871
-1.57989
-1.79694
-3.3376
-2.49984
-2.44394
-2.29852
-2.08747
-1.53781
-2.50927
-1.7759
-1.00581
-2.83293
-0.765664
0
-2.22224
-2.10568
-3.19758
-1.89978
-2.03789
-3.3005
-2.73341
-0.579509
-2.57997
-1.95231
-0.0945477
-2.46448
-1.23504
-2.83909
-0.731209
-1.4345
-2.69253
-2.27791
-2.87267
-2.30229
-0.759507
-1.75236
-3.43459
-0.134515
-2.19305
-3.60719
-2.22224
0
-0.282468
-0.591776
-1.68375
-2.327
-2.53277
-0.615641
-0.959371
-1.29642
-1.5762
-3.52144
-1.62981
-1.33489
-1.08911
-2.24718
-2.52998
-2.95269
0.0465926
-5.79205
-2.11126
-2.37591
-1.43263
-3.42914
-2.1854
-0.940132
-2.09074
-2.10568
-0.282468
0
-0.433165
-1.88452
-2.80219
-1.93492
-1.56393
-1.64742
-3.0386
-0.820063
-0.638965
-2.66672
-1.57713
-2.81953
-1.09803
-2.58648
-2.05914
-0.659955
-0.740462
-2.51447
-2.5585
-1.72545
-2.4357
-1.38316
-1.79356
-1.64706
-3.19758
-0.591776
-0.433165
0
-1.02944
-1.73842
-3.07496
-2.16083
-2.72903
-1.93652
-2.07992
0.45078
-3.59932
-2.71865
-1.10722
-1.51286
-1.78172
-1.93293
-2.93298
-2.11182
-2.30416
-2.27977
-0.00330004
-1.57706
-4.05152
-2.34969
-3.12057
-1.89978
-1.68375
-1.88452
-1.02944
0
-2.11793
-1.62847
-0.851669
-2.38246
-0.947369
-1.24969
-0.241365
-2.54471
-1.60535
-3.04667
-2.0034
-1.24312
-1.1875
-1.28128
-2.73079
-1.30656
-1.55616
-3.00461
-1.64665
-1.43228
-1.40558
-1.77357
-2.03789
-2.327
-2.80219
-1.73842
-2.11793
0
-3.03895
-1.60045
-2.52321
-1.95526
-1.33504
-1.72803
-1.32838
-2.50775
-1.98176
-2.04103
-1.40116
-1.55389
-1.48009
-1.45903
-2.38687
-2.87443
-1.5017
-2.41358
-0.115035
-2.28314
-2.35027
-3.3005
-2.53277
-1.93492
-3.07496
-1.62847
-3.03895
0
-1.64297
-3.26026
-1.7096
-1.39265
-1.47771
-4.27907
-3.23924
-1.26971
-0.525778
-2.50579
-3.14877
-3.28489
-1.64464
-3.57667
-2.52891
-2.40662
0.603032
-1.82478
-1.75578
-3.04418
-2.73341
-0.615641
-1.56393
-2.16083
-0.851669
-1.60045
-1.64297
0
-0.645697
-1.44601
-0.877486
-1.61968
-3.17568
-2.11964
-1.63311
-1.86098
-2.09606
-2.19955
-1.82809
-0.349773
-1.64722
-3.09965
-1.97171
-2.92041
-2.17173
-2.53031
-2.34238
-0.579509
-0.959371
-1.64742
-2.72903
-2.38246
-2.52321
-3.26026
-0.645697
0
-2.78712
-3.90811
-0.293125
-1.6366
-3.09854
-2.91053
-0.269008
-2.69798
-1.69793
-0.766283
-3.53654
-2.47266
-1.70908
-2.31748
-3.07911
-1.53827
-3.46128
-2.14751
-2.57997
-1.29642
-3.0386
-1.93652
-0.947369
-1.95526
-1.7096
-1.44601
-2.78712
0
0.352434
-3.90597
-0.84485
-2.05465
-2.09867
-1.77742
0.00850826
-3.2761
-2.68134
-3.6083
-2.26381
-2.25422
-2.33881
-2.99468
-2.89284
-2.13598
-1.18433
-1.95231
-1.5762
-0.820063
-2.07992
-1.24969
-1.33504
-1.39265
-0.877486
-3.90811
0.352434
0
-2.53927
-1.94749
-1.95803
-3.38418
-1.78351
-1.78278
-2.65855
-1.7794
-2.76218
-3.0677
-1.63558
-2.66431
-2.59555
-1.64945
-2.69898
-2.55375
-0.0945477
-3.52144
-0.638965
0.45078
-0.241365
-1.72803
-1.47771
-1.61968
-0.293125
-3.90597
-2.53927
0
-2.4577
-1.41831
-2.82333
-2.41996
-1.78534
-2.2953
-1.7453
-2.24191
-2.12607
-2.71862
-3.07606
-0.0599012
-1.80344
-1.90935
-2.56754
-2.46448
-1.62981
-2.66672
-3.59932
-2.54471
-1.32838
-4.27907
-3.17568
-1.6366
-0.84485
-1.94749
-2.4577
0
-0.373748
-0.925268
-2.53556
-1.69324
-2.64667
-1.04049
-0.936309
-2.14452
-2.64677
-1.98947
-2.49863
-1.35821
-1.06445
-1.09871
-1.23504
-1.33489
-1.57713
-2.71865
-1.60535
-2.50775
-3.23924
-2.11964
-3.09854
-2.05465
-1.95803
-1.41831
-0.373748
0
-1.07741
-2.50839
-2.03214
-1.39732
-2.09583
-2.12186
-2.73034
-2.5952
-1.58969
0.0110873
-1.47831
-2.24314
-1.57989
-2.83909
-1.08911
-2.81953
-1.10722
-3.04667
-1.98176
-1.26971
-1.63311
-2.91053
-2.09867
-3.38418
-2.82333
-0.925268
-1.07741
0
-2.01894
-3.50641
-0.898277
-2.62197
-2.51331
-2.0396
-3.17039
-1.4119
-3.46833
-1.22547
-1.452
-1.79694
-0.731209
-2.24718
-1.09803
-1.51286
-2.0034
-2.04103
-0.525778
-1.86098
-0.269008
-1.77742
-1.78351
-2.41996
-2.53556
-2.50839
-2.01894
0
-2.07591
-2.97915
-2.31623
-1.32183
-1.28259
-2.68683
-2.2127
-2.92584
-1.03562
-1.64221
-3.3376
-1.4345
-2.52998
-2.58648
-1.78172
-1.24312
-1.40116
-2.50579
-2.09606
-2.69798
0.00850826
-1.78278
-1.78534
-1.69324
-2.03214
-3.50641
-2.07591
0
-1.66252
-1.74505
-2.04724
-2.64529
-2.04704
-2.00195
-0.897823
-2.582
-3.01
-2.49984
-2.69253
-2.95269
-2.05914
-1.93293
-1.1875
-1.55389
-3.14877
-2.19955
-1.69793
-3.2761
-2.65855
-2.2953
-2.64667
-1.39732
-0.898277
-2.97915
-1.66252
0
