0
-3.92537
-1.59839
-1.57748
-2.9671
1.39876
-3.65377
-2.59765
-2.22309
-1.25704
-2.92363
-0.728541
-0.20494
-0.097935
-1.26296
-2.61835
-2.57557
-2.36598
-2.34171
-1.0716
-1.40557
-2.44463
-2.2035
-1.69629
-2.00425
-1.73844
-1.56366
-3.92537
0
-0.492509
-2.12562
-4.14515
-4.00557
-1.63245
-1.68453
-1.23037
-1.52644
-2.47091
-2.62906
-1.2894
-2.56677
-2.75854
-2.85646
0.199561
-2.22371
-2.10865
-1.99748
-1.54898
-1.63052
-2.49872
-1.26341
-1.38602
-1.73055
-2.61691
-1.59839
-0.492509
0
-2.30638
-2.84871
-3.04632
-1.13479
-2.95027
-2.65603
-1.87459
-1.07298
-3.62875
-0.826665
-2.03586
-1.00926
-0.470113
-2.85867
-2.93175
-0.479089
-0.403542
-1.19235
-2.56822
-2.98318
-3.17047
-2.44651
-1.34022
-3.12883
-1.57748
-2.12562
-2.30638
0
0.194072
-1.41529
-0.798127
-1.22331
-3.2299
-1.1797
-1.65224
-2.99207
-0.660892
-2.35945
-2.43952
-3.48346
-1.72869
-1.84314
-3.06192
-1.14089
-1.08445
-1.91249
-1.0319
-3.64361
-2.93723
-3.58368
-2.26896
-2.9671
-4.14515
-2.84871
0.194072
0
-2.42385
-1.88199
-1.71203
-1.34332
-3.27384
-0.706065
-4.20456
-3.33263
-1.62982
-4.72036
-0.30302
-1.73364
-1.56399
-2.42845
-1.31144
-1.59315
-2.39968
-1.95638
-1.38697
-1.61086
-2.7903
-1.35192
1.39876
-4.00557
-3.04632
-1.41529
-2.42385
0
-1.13685
-2.8676
-1.62668
-3.76018
-0.471295
-1.1335
-2.16128
-0.847247
-3.59602
-1.32296
-2.3769
-2.91559
-3.42573
-1.33529
-1.5646
-2.4769
-2.08229
-1.34165
-2.62051
-1.17338
-2.08649
-3.65377
-1.63245
-1.13479
-0.798127
-1.88199
-1.13685
0
-3.63117
-3.05066
-1.7035
-2.01927
-0.802281
-1.84716
-2.09745
-0.251054
-0.518025
-1.55209
-2.05698
-3.41129
-1.63015
-1.45779
-0.443726
-3.08159
-2.05885
-1.80006
-2.54518
-3.23305
-2.59765
-1.68453
-2.95027
-1.22331
-1.71203
-2.8676
-3.63117
0
-2.21922
-3.02536
-2.76276
-2.45807
-2.4095
-2.1427
-1.92814
-1.5941
-2.64461
-1.55566
-0.365523
-3.65566
-0.983502
-1.505
0.000247965
-2.05545
-2.55135
-0.188248
-1.6063
-2.22309
-1.23037
-2.65603
-3.2299
-1.34332
-1.62668
-3.05066
-2.21922
0
-0.687133
-3.79796
-2.19279
-1.85806
-1.55678
-1.11656
0.245055
-1.14168
-1.82964
-1.33803
-1.55828
-1.69436
-2.41439
-1.12347
-2.69084
-1.94589
-1.16171
-1.45478
-1.25704
-1.52644
-1.87459
-1.1797
-3.27384
-3.76018
-1.7035
-3.02536
-0.687133
0
-2.34908
-2.71509
-2.25743
-2.66091
-2.4709
-2.50875
-2.36848
-2.08112
-2.43893
-4.29651
-2.28217
-2.13156
-2.11538
-2.00625
-2.48681
-1.51929
-2.39603
-2.92363
-2.47091
-1.07298
-1.65224
-0.706065
-0.471295
-2.01927
-2.76276
-3.79796
-2.34908
0
-1.88757
-1.14461
-2.4274
-2.84963
-1.99275
-2.07458
-2.77753
-2.37739
-3.06223
-2.15305
-2.36854
-1.646
-0.379715
-3.16171
-3.21121
-0.340559
-0.728541
-2.62906
-3.62875
-2.99207
-4.20456
-1.1335
-0.802281
-2.45807
-2.19279
-2.71509
-1.88757
0
-2.88099
-3.37765
-1.36421
-3.95272
-3.03115
-0.994284
-1.83367
-1.19615
-1.88023
-0.786771
-1.3938
-2.00754
-1.77747
-1.16219
-1.44952
-0.20494
-1.2894
-0.826665
-0.660892
-3.33263
-2.16128
-1.84716
-2.4095
-1.85806
-2.25743
-1.14461
-2.88099
0
-1.09653
-1.91898
-2.36892
-1.47854
-2.05504
-2.8234
-1.07968
-1.94237
-1.42655
-0.344609
-2.56267
-1.05272
-1.61092
-1.64524
-0.097935
-2.56677
-2.03586
-2.35945
-1.62982
-0.847247
-2.09745
-2.1427
-1.55678
-2.66091
-2.4274
-3.37765
-1.09653
0
-2.78675
-1.21069
-1.75915
-2.23372
0.881151
-3.61073
0.646919
-2.4683
-1.75765
-2.37292
-2.90726
-3.41044
-0.178544
-1.26296
-2.75854
-1.00926
-2.43952
-4.72036
-3.59602
-0.251054
-1.92814
-1.11656
-2.4709
-2.84963
-1.36421
-1.91898
-2.78675
0
-1.03802
-3.18482
-2.71113
-2.0327
-1.17668
-0.999944
-2.9131
-0.367905
-1.38515
-1.93169
-0.225827
-4.27601
-2.61835
-2.85646
-0.470113
-3.48346
-0.30302
-1.32296
-0.518025
-1.5941
0.245055
-2.50875
-1.99275
-3.95272
-2.36892
-1.21069
-1.03802
0
-2.8592
-1.03763
-1.89683
-0.930769
-3.75085
-2.80792
-3.80263
-2.38773
-3.25194
-2.50365
-3.97918
-2.57557
0.199561
-2.85867
-1.72869
-1.73364
-2.3769
-1.55209
-2.64461
-1.14168
-2.36848
-2.07458
-3.03115
-1.47854
-1.75915
-3.18482
-2.8592
0
-2.78306
-0.93091
-1.6192
-3.43521
-4.01295
-1.39839
-2.1843
-3.34512
-0.940036
-0.955389
-2.36598
-2.22371
-2.93175
-1.84314
-1.56399
-2.91559
-2.05698
-1.55566
-1.82964
-2.08112
-2.77753
-0.994284
-2.05504
-2.23372
-2.71113
-1.03763
-2.78306
0
-1.82605
-0.947352
-1.93878
-3.0212
-1.50727
-1.95646
-1.00167
0.27592
-2.6161
-2.34171
-2.10865
-0.479089
-3.06192
-2.42845
-3.42573
-3.41129
-0.365523
-1.33803
-2.43893
-2.37739
-1.83367
-2.8234
0.881151
-2.0327
-1.89683
-0.93091
-1.82605
0
-0.90558
-1.29332
-2.95084
-3.30795
-1.91434
-1.88046
-2.66011
-2.77137
-1.0716
-1.99748
-0.403542
-1.14089
-1.31144
-1.33529
-1.63015
-3.65566
-1.55828
-4.29651
-3.06223
-1.19615
-1.07968
-3.61073
-1.17668
-0.930769
-1.6192
-0.947352
-0.90558
0
-2.77725
-0.276201
-1.73422
-2.23185
-2.69165
-3.62779
-2.34384
-1.40557
-1.54898
-1.19235
-1.08445
-1.59315
-1.5646
-1.45779
-0.983502
-1.69436
-2.28217
-2.15305
-1.88023
-1.94237
0.646919
-0.999944
-3.75085
-3.43521
-1.93878
-1.29332
-2.77725
0
-1.59914
-1.79166
-2.40537
-2.05514
-3.77528
-1.26609
-2.44463
-1.63052
-2.56822
-1.91249
-2.39968
-2.4769
-0.443726
-1.505
-2.41439
-2.13156
-2.36854
-0.786771
-1.42655
-2.4683
-2.9131
-2.80792
-4.01295
-3.0212
-2.95084
-0.276201
-1.59914
0
-2.15302
-2.70269
-1.42291
-3.62709
-2.12728
-2.2035
-2.49872
-2.98318
-1.0319
-1.95638
-2.08229
-3.08159
0.000247965
-1.12347
-2.11538
-1.646
-1.3938
-0.344609
-1.75765
-0.367905
-3.80263
-1.39839
-1.50727
-3.30795
-1.73422
-1.79166
-2.15302
0
-2.65041
-3.24218
-1.08897
-2.52788
-1.69629
-1.26341
-3.17047
-3.64361
-1.38697
-1.34165
-2.05885
-2.05545
-2.69084
-2.00625
-0.379715
-2.00754
-2.56267
-2.37292
-1.38515
-2.38773
-2.1843
-1.95646
-1.91434
-2.23185
-2.40537
-2.70269
-2.65041
0
-2.48395
-1.93354
-3.29298
-2.00425
-1.38602
-2.44651
-2.93723
-1.61086
-2.62051
-1.80006
-2.55135
-1.94589
-2.48681
-3.16171
-1.77747
-1.05272
-2.90726
-1.93169
-3.25194
-3.34512
-1.00167
-1.88046
-2.69165
-2.05514
-1.42291
-3.24218
-2.48395
0
-0.898952
-1.46573
-1.73844
-1.73055
-1.34022
-3.58368
-2.7903
-1.17338
-2.54518
-0.188248
-1.16171
-1.51929
-3.21121
-1.16219
-1.61092
-3.41044
-0.225827
-2.50365
-0.940036
0.27592
-2.66011
-3.62779
-3.77528
-3.62709
-1.08897
-1.93354
-0.898952
0
-2.61342
-1.56366
-2.61691
-3.12883
-2.26896
-1.35192
-2.08649
-3.23305
-1.6063
-1.45478
-2.39603
-0.340559
-1.44952
-1.64524
-0.178544
-4.27601
-3.97918
-0.955389
-2.6161
-2.77137
-2.34384
-1.26609
-2.12728
-2.52788
-3.29298
-1.46573
-2.61342
0
