0
-2.58178
-3.50015
-1.88393
-1.95879
-1.25818
-0.238569
-4.12367
-3.96479
-2.68412
-1.68815
-1.37404
-1.77948
-2.10898
-1.80824
-3.06034
-1.60706
-3.21751
-2.23185
-2.15337
-0.971082
-2.13554
-0.631463
-0.743248
-3.34634
-1.69945
-1.99451
-2.58178
0
-2.73617
-1.4332
-3.25768
-2.76179
-0.987513
-2.46096
-1.92363
-4.06712
-4.13095
-2.77053
-1.09462
-3.44394
-1.19255
0.598577
-2.18376
-1.93947
-1.3299
-1.50174
-2.20194
-1.34604
-1.91686
-2.7787
-1.32603
-2.53807
-1.99665
-3.50015
-2.73617
0
-1.17416
-1.51189
-1.69791
-4.31231
-1.70168
-1.65914
-2.103
-2.60345
-3.62777
-1.71477
-2.56565
-1.22531
-3.17071
-1.84418
-0.497445
-3.4184
-0.345612
-1.60419
-1.2054
-1.7843
-0.398063
-4.24638
-3.55453
-0.673509
-1.88393
-1.4332
-1.17416
0
-3.32622
-0.391376
-3.06505
-0.574935
-0.423825
-1.19611
-3.94039
-1.79253
-3.3266
-1.38682
-1.81429
-2.48857
-2.68046
-1.05907
-3.08994
-1.66553
-0.952676
-1.8049
-3.51163
-2.39657
-3.04406
-1.75893
-2.76826
-1.95879
-3.25768
-1.51189
-3.32622
0
-2.07281
-1.1069
-0.92693
-3.03398
-2.33712
-1.37457
-0.814788
-0.429306
-1.95136
-3.49715
-2.23714
-2.2439
-1.06473
0.0801149
-2.25313
-0.789101
-2.82021
-2.94746
-1.80514
-1.51485
-1.82154
-3.20023
-1.25818
-2.76179
-1.69791
-0.391376
-2.07281
0
-2.96975
-0.823292
-1.90414
-0.857909
-2.70478
-1.45193
-1.84023
-0.0963769
-2.73123
-2.09832
-2.73544
-0.885492
-2.01045
-2.78022
-0.962237
-1.4281
-0.509697
-2.06603
-2.18313
-2.42963
-1.22934
-0.238569
-0.987513
-4.31231
-3.06505
-1.1069
-2.96975
0
-0.537963
-2.6982
-2.84888
-2.16274
-0.919473
-3.47685
-0.625276
-2.34087
-0.97533
-3.16755
-2.49128
-1.37694
-1.26587
-2.16349
-2.21967
-2.2756
-2.94315
-2.17019
-1.95936
-3.88048
-4.12367
-2.46096
-1.70168
-0.574935
-0.92693
-0.823292
-0.537963
0
-2.83323
-3.64971
-2.12377
-0.384764
0.360189
-2.40166
-1.83893
-1.61158
-2.94705
-1.15897
-2.52762
-0.998526
-1.71221
-2.0328
-2.37181
-3.46644
-1.69074
-1.71421
-4.20239
-3.96479
-1.92363
-1.65914
-0.423825
-3.03398
-1.90414
-2.6982
-2.83323
0
-2.60834
-2.77972
-3.89368
-2.43605
-2.97107
-1.78085
-0.430178
-3.53846
-2.7941
-3.33605
-2.60502
-0.440821
-1.48173
-1.55307
-2.48967
0.132047
-2.21517
-1.8266
-2.68412
-4.06712
-2.103
-1.19611
-2.33712
-0.857909
-2.84888
-3.64971
-2.60834
0
-0.626159
-1.00328
-1.63652
-1.89846
-1.60819
-1.52887
-2.28802
-2.41771
-1.91327
-2.10463
-3.75603
-3.40445
-1.29082
-2.87951
-0.217778
-0.810362
-1.27099
-1.68815
-4.13095
-2.60345
-3.94039
-1.37457
-2.70478
-2.16274
-2.12377
-2.77972
-0.626159
0
-2.24675
-2.18472
-0.595501
-0.877902
-0.277859
-1.31669
-2.15688
-1.45574
-0.337601
-1.08446
-3.26203
-0.971435
-1.573
-1.78891
-1.64583
-0.812775
-1.37404
-2.77053
-3.62777
-1.79253
-0.814788
-1.45193
-0.919473
-0.384764
-3.89368
-1.00328
-2.24675
0
-1.1715
-2.51793
-1.63144
-1.14837
-2.70582
-1.23605
-1.07354
-0.690704
-2.86054
-2.58242
-1.67341
-1.94066
-2.14987
-2.75735
-0.877705
-1.77948
-1.09462
-1.71477
-3.3266
-0.429306
-1.84023
-3.47685
0.360189
-2.43605
-1.63652
-2.18472
-1.1715
0
-3.01812
-1.67368
-0.947626
-1.92659
-0.683231
-2.57767
-0.0155583
-1.0431
-2.05344
-2.93214
-1.73419
-2.54281
-2.44579
-2.61816
-2.10898
-3.44394
-2.56565
-1.38682
-1.95136
-0.0963769
-0.625276
-2.40166
-2.97107
-1.89846
-0.595501
-2.51793
-3.01812
0
-1.36573
-2.55411
-3.17373
-2.36351
-1.24269
-0.193462
-2.01797
-1.15617
-2.70789
-2.6976
-0.26569
-2.15307
-1.99316
-1.80824
-1.19255
-1.22531
-1.81429
-3.49715
-2.73123
-2.34087
-1.83893
-1.78085
-1.60819
-0.877902
-1.63144
-1.67368
-1.36573
0
-2.48628
-2.79754
-3.63296
-1.34804
-1.4299
-2.55744
-3.02451
-1.30908
-1.35081
-2.10459
-2.0687
-3.47325
-3.06034
0.598577
-3.17071
-2.48857
-2.23714
-2.09832
-0.97533
-1.61158
-0.430178
-1.52887
-0.277859
-1.14837
-0.947626
-2.55411
-2.48628
0
-2.27587
-2.3273
-2.13923
-2.05604
-2.84086
-3.5648
-1.20811
-2.84698
-0.752395
-1.12289
-2.14731
-1.60706
-2.18376
-1.84418
-2.68046
-2.2439
-2.73544
-3.16755
-2.94705
-3.53846
-2.28802
-1.31669
-2.70582
-1.92659
-3.17373
-2.79754
-2.27587
0
-2.74244
-2.45579
-2.6163
-3.68508
-1.93452
-2.23334
-1.45283
-1.81318
-1.85552
-2.53238
-3.21751
-1.93947
-0.497445
-1.05907
-1.06473
-0.885492
-2.49128
-1.15897
-2.7941
-2.41771
-2.15688
-1.23605
-0.683231
-2.36351
-3.63296
-2.3273
-2.74244
0
-1.60139
-2.26579
-1.43282
-2.62175
-3.12169
-1.39134
-3.09903
-1.41622
-2.0442
-2.23185
-1.3299
-3.4184
-3.08994
0.0801149
-2.01045
-1.37694
-2.52762
-3.33605
-1.91327
-1.45574
-1.07354
-2.57767
-1.24269
-1.34804
-2.13923
-2.45579
-1.60139
0
-2.76688
-2.42902
-2.0789
-1.961
-2.50177
-1.17668
-3.14026
-1.59075
-2.15337
-1.50174
-0.345612
-1.66553
-2.25313
-2.78022
-1.26587
-0.998526
-2.60502
-2.10463
-0.337601
-0.690704
-0.0155583
-0.193462
-1.4299
-2.05604
-2.6163
-2.26579
-2.76688
0
-2.03614
-0.662776
-1.62727
-1.68446
-3.32226
-2.76018
-3.07387
-0.971082
-2.20194
-1.60419
-0.952676
-0.789101
-0.962237
-2.16349
-1.71221
-0.440821
-3.75603
-1.08446
-2.86054
-1.0431
-2.01797
-2.55744
-2.84086
-3.68508
-1.43282
-2.42902
-2.03614
0
-0.854146
-0.581596
-2.53682
-1.5519
-3.22903
-1.64861
-2.13554
-1.34604
-1.2054
-1.8049
-2.82021
-1.4281
-2.21967
-2.0328
-1.48173
-3.40445
-3.26203
-2.58242
-2.05344
-1.15617
-3.02451
-3.5648
-1.93452
-2.62175
-2.0789
-0.662776
-0.854146
0
-2.94207
-1.76259
-2.53211
-1.68013
0.352176
-0.631463
-1.91686
-1.7843
-3.51163
-2.94746
-0.509697
-2.2756
-2.37181
-1.55307
-1.29082
-0.971435
-1.67341
-2.93214
-2.70789
-1.30908
-1.20811
-2.23334
-3.12169
-1.961
-1.62727
-0.581596
-2.94207
0
-3.54698
-2.60972
-1.89999
-1.11369
-0.743248
-2.7787
-0.398063
-2.39657
-1.80514
-2.06603
-2.94315
-3.46644
-2.48967
-2.87951
-1.573
-1.94066
-1.73419
-2.6976
-1.35081
-2.84698
-1.45283
-1.39134
-2.50177
-1.68446
-2.53682
-1.76259
-3.54698
0
-2.29506
-2.56513
-1.72256
-3.34634
-1.32603
-4.24638
-3.04406
-1.51485
-2.18313
-2.17019
-1.69074
0.132047
-0.217778
-1.78891
-2.14987
-2.54281
-0.26569
-2.10459
-0.752395
-1.81318
-3.09903
-1.17668
-3.32226
-1.5519
-2.53211
-2.60972
-2.29506
0
-3.66097
-2.00815
-1.69945
-2.53807
-3.55453
-1.75893
-1.82154
-2.42963
-1.95936
-1.71421
-2.21517
-0.810362
-1.64583
-2.75735
-2.44579
-2.15307
-2.0687
-1.12289
-1.85552
-1.41622
-3.14026
-2.76018
-3.22903
-1.68013
-1.89999
-2.56513
-3.66097
0
-2.79592
-1.99451
-1.99665
-0.673509
-2.76826
-3.20023
-1.22934
-3.88048
-4.20239
-1.8266
-1.27099
-0.812775
-0.877705
-2.61816
-1.99316
-3.47325
-2.14731
-2.53238
-2.0442
-1.59075
-3.07387
-1.64861
0.352176
-1.11369
-1.72256
-2.00815
-2.79592
0
