0
-4.12541
-2.76847
-2.99303
-0.255958
-2.35168
-1.28746
-1.71599
-0.504336
-3.90298
-0.67377
-1.27737
-2.97925
-2.24627
-2.02051
-1.7238
-2.14189
-1.97492
-1.46627
-2.3989
-1.58236
-1.60347
-1.80198
-1.24919
-3.68602
-1.4294
-1.574
-4.12541
0
-1.42234
-2.42938
-4.51775
-2.18598
-0.0944076
-2.36077
-0.599126
-0.905408
0.109678
-3.77921
-2.03539
-1.73483
-0.557803
-0.541835
-2.71002
-3.70705
-0.301165
-1.51084
-1.94957
-2.36632
-2.5832
-2.06252
-0.974382
-1.60297
-1.37037
-2.76847
-1.42234
0
-2.25938
-2.33664
-2.77957
-1.27111
-2.28371
-1.67756
-2.63312
-2.65487
-1.76522
-2.59609
-1.59527
-0.598697
-2.39263
-0.956369
-1.51295
-0.425648
-2.80995
-2.59824
-3.64054
-0.620641
-1.08757
-2.40402
-3.24985
-2.96931
-2.99303
-2.42938
-2.25938
0
-1.2788
-3.60563
-2.65509
0.314692
-2.16343
-3.43744
-1.81466
-1.82869
-0.97923
-2.65346
-2.23005
-0.992252
-1.63115
-0.791697
-1.66343
-1.9441
-0.459197
-0.620216
-0.302616
-0.57224
-1.3579
-1.2752
-3.15275
-0.255958
-4.51775
-2.33664
-1.2788
0
-2.84902
-2.41858
-0.738669
-1.71591
-0.863176
-0.498573
-0.512861
-1.95934
-0.342061
-0.972758
-2.11524
-2.88795
-1.09617
-1.42667
-2.77352
-2.89814
-2.1556
0.600133
-2.50458
-3.45229
-1.55237
-0.651285
-2.35168
-2.18598
-2.77957
-3.60563
-2.84902
0
-1.82496
-2.66056
-0.954188
-2.24141
-0.783141
-3.80291
-3.84372
0.556619
-2.42928
-2.13212
-0.700317
-3.95092
-0.762467
-2.39012
-1.22801
-1.71101
-1.19322
-2.05664
-3.2437
-2.78469
-2.23745
-1.28746
-0.0944076
-1.27111
-2.65509
-2.41858
-1.82496
0
-0.839875
-1.03839
-1.18887
-3.86215
-3.25653
-2.76319
-2.9918
-2.366
-3.12733
-2.44352
-1.44998
-2.14647
-3.2706
-2.54504
-0.922048
-1.12349
-1.7515
-2.14043
-1.50618
-1.50422
-1.71599
-2.36077
-2.28371
0.314692
-0.738669
-2.66056
-0.839875
0
-1.56159
-1.70564
-1.6076
-1.93531
-2.87292
-0.825862
-2.76027
-1.85259
-1.55684
-1.20768
-0.362946
-1.48924
-1.41493
-1.41311
-0.921244
-2.702
-0.451143
-2.20073
-3.72919
-0.504336
-0.599126
-1.67756
-2.16343
-1.71591
-0.954188
-1.03839
-1.56159
0
-3.5057
-0.553896
-4.89299
-2.86688
-3.16429
-2.39247
-2.12282
-2.52101
-4.71388
-1.77308
-0.386898
-1.95344
-2.73233
-0.110414
-2.8118
-2.09365
-3.26222
-0.866302
-3.90298
-0.905408
-2.63312
-3.43744
-0.863176
-2.24141
-1.18887
-1.70564
-3.5057
0
-2.72632
-0.772927
-3.25379
-2.61425
-2.11008
-1.65095
-1.69478
-2.50188
-3.80331
-1.18296
-2.11217
-1.84591
-3.23578
-2.51122
-1.65393
-0.77754
-0.744148
-0.67377
0.109678
-2.65487
-1.81466
-0.498573
-0.783141
-3.86215
-1.6076
-0.553896
-2.72632
0
-2.19227
-1.2019
-0.842809
-2.05655
-1.47491
-0.781717
-1.46141
-2.98027
-2.02735
-1.85567
-0.662545
-3.32649
-1.96239
-1.70286
-1.64024
-1.5113
-1.27737
-3.77921
-1.76522
-1.82869
-0.512861
-3.80291
-3.25653
-1.93531
-4.89299
-0.772927
-2.19227
0
-3.32553
-1.56544
-4.16939
-0.793251
-2.25751
-3.69151
-4.4979
-3.46573
-2.00093
-1.46658
-2.05178
-1.35748
-3.98311
-2.89606
-1.97066
-2.97925
-2.03539
-2.59609
-0.97923
-1.95934
-3.84372
-2.76319
-2.87292
-2.86688
-3.25379
-1.2019
-3.32553
0
-0.307016
-1.05926
-2.10806
-0.51396
-2.19746
-1.49671
-1.513
-3.46828
-0.680383
-2.11051
-2.18893
-2.21489
-0.312156
-1.17776
-2.24627
-1.73483
-1.59527
-2.65346
-0.342061
0.556619
-2.9918
-0.825862
-3.16429
-2.61425
-0.842809
-1.56544
-0.307016
0
-0.968427
-2.81949
-2.06885
-1.81564
-0.573154
-0.958779
-2.19202
-2.86289
-1.45448
-2.40438
-3.01211
-1.1381
-3.19237
-2.02051
-0.557803
-0.598697
-2.23005
-0.972758
-2.42928
-2.366
-2.76027
-2.39247
-2.11008
-2.05655
-4.16939
-1.05926
-0.968427
0
-1.68759
-1.35116
-2.17481
-1.49797
-1.60466
-2.36278
-2.52012
-0.307581
-2.08294
-1.91173
-0.715826
-1.0102
-1.7238
-0.541835
-2.39263
-0.992252
-2.11524
-2.13212
-3.12733
-1.85259
-2.12282
-1.65095
-1.47491
-0.793251
-2.10806
-2.81949
-1.68759
0
-2.28165
-1.55929
-2.82513
-1.76614
-0.645898
-3.47184
-2.28083
-2.56404
-1.98571
-1.42463
-2.27462
-2.14189
-2.71002
-0.956369
-1.63115
-2.88795
-0.700317
-2.44352
-1.55684
-2.52101
-1.69478
-0.781717
-2.25751
-0.51396
-2.06885
-1.35116
-2.28165
0
-1.28425
-0.844215
-3.2134
-1.73868
-3.90223
-2.11426
-0.204316
-2.83226
-1.68436
-1.82537
-1.97492
-3.70705
-1.51295
-0.791697
-1.09617
-3.95092
-1.44998
-1.20768
-4.71388
-2.50188
-1.46141
-3.69151
-2.19746
-1.81564
-2.17481
-1.55929
-1.28425
0
-1.41465
-2.89073
-1.63121
-2.47959
-2.08725
-3.1877
-2.0784
-2.0302
-3.39976
-1.46627
-0.301165
-0.425648
-1.66343
-1.42667
-0.762467
-2.14647
-0.362946
-1.77308
-3.80331
-2.98027
-4.4979
-1.49671
-0.573154
-1.49797
-2.82513
-0.844215
-1.41465
0
-0.751971
-3.5736
-1.54702
-2.94134
-2.74941
-4.3885
-2.73634
-3.1832
-2.3989
-1.51084
-2.80995
-1.9441
-2.77352
-2.39012
-3.2706
-1.48924
-0.386898
-1.18296
-2.02735
-3.46573
-1.513
-0.958779
-1.60466
-1.76614
-3.2134
-2.89073
-0.751971
0
-0.842518
-0.843913
-0.14367
-2.73471
-1.52962
-2.63267
-1.34162
-1.58236
-1.94957
-2.59824
-0.459197
-2.89814
-1.22801
-2.54504
-1.41493
-1.95344
-2.11217
-1.85567
-2.00093
-3.46828
-2.19202
-2.36278
-0.645898
-1.73868
-1.63121
-3.5736
-0.842518
0
-0.173065
0.243079
-2.67378
-2.84093
-1.04786
-2.10693
-1.60347
-2.36632
-3.64054
-0.620216
-2.1556
-1.71101
-0.922048
-1.41311
-2.73233
-1.84591
-0.662545
-1.46658
-0.680383
-2.86289
-2.52012
-3.47184
-3.90223
-2.47959
-1.54702
-0.843913
-0.173065
0
-0.710922
-3.03934
-2.66592
-3.12304
-1.09041
-1.80198
-2.5832
-0.620641
-0.302616
0.600133
-1.19322
-1.12349
-0.921244
-0.110414
-3.23578
-3.32649
-2.05178
-2.11051
-1.45448
-0.307581
-2.28083
-2.11426
-2.08725
-2.94134
-0.14367
0.243079
-0.710922
0
-0.857374
-1.01745
-3.88062
-1.56288
-1.24919
-2.06252
-1.08757
-0.57224
-2.50458
-2.05664
-1.7515
-2.702
-2.8118
-2.51122
-1.96239
-1.35748
-2.18893
-2.40438
-2.08294
-2.56404
-0.204316
-3.1877
-2.74941
-2.73471
-2.67378
-3.03934
-0.857374
0
-2.2753
-2.47441
-0.360228
-3.68602
-0.974382
-2.40402
-1.3579
-3.45229
-3.2437
-2.14043
-0.451143
-2.09365
-1.65393
-1.70286
-3.98311
-2.21489
-3.01211
-1.91173
-1.98571
-2.83226
-2.0784
-4.3885
-1.52962
-2.84093
-2.66592
-1.01745
-2.2753
0
-3.89489
-1.82606
-1.4294
-1.60297
-3.24985
-1.2752
-1.55237
-2.78469
-1.50618
-2.20073
-3.26222
-0.77754
-1.64024
-2.89606
-0.312156
-1.1381
-0.715826
-1.42463
-1.68436
-2.0302
-2.73634
-2.63267
-1.04786
-3.12304
-3.88062
-2.47441
-3.89489
0
-0.787852
-1.574
-1.37037
-2.96931
-3.15275
-0.651285
-2.23745
-1.50422
-3.72919
-0.866302
-0.744148
-1.5113
-1.97066
-1.17776
-3.19237
-1.0102
-2.27462
-1.82537
-3.39976
-3.1832
-1.34162
-2.10693
-1.09041
-1.56288
-0.360228
-1.82606
-0.787852
0
