0
-1.88488
-1.50596
0.483529
-2.95744
-2.97322
-2.0106
-1.42009
-1.50659
-2.85461
-2.27552
-1.26986
-1.98907
-1.91984
-1.64473
-1.96601
-0.883658
-2.63259
-2.06523
-0.708643
-0.727388
-2.30524
-1.36498
-2.49672
-2.32791
-0.90584
-3.22239
-1.88488
0
-2.60941
-1.13418
-2.43646
-1.19288
-1.71839
-2.64776
-1.48534
-1.93253
-1.85145
-2.18956
-2.1085
-2.43827
-2.41673
-1.987
-2.06606
-1.50499
-1.30836
-0.813047
-0.654338
-2.24649
-0.00601667
-1.59383
-2.14928
-2.98558
-2.34611
-1.50596
-2.60941
0
-2.54814
-1.43747
-0.923412
-2.00994
0.0560639
-1.6947
-2.05996
-2.17019
-1.23247
-1.62442
-1.67699
-1.34744
-2.60693
-1.82105
-1.51163
-1.2724
-2.72088
-2.62161
-0.931843
-1.90439
-2.54283
-1.84451
-1.79697
-1.55121
0.483529
-1.13418
-2.54814
0
-0.92674
-0.869983
-2.76233
-2.34909
-2.56909
-3.86059
-3.06854
-1.87065
-2.29279
-2.5399
-0.426098
-3.6018
-3.6693
-0.0135363
-1.82691
-2.53768
-1.98011
-0.987
-1.21383
-2.25524
-1.93685
-1.79891
-2.1393
-2.95744
-2.43646
-1.43747
-0.92674
0
-1.48048
0.490839
-2.17272
-3.39395
-2.62658
-1.00503
-2.77453
-0.706214
-1.26582
-0.0628056
-1.98554
-1.96668
-0.658703
-3.40876
-1.94553
-1.67516
-1.73257
-1.38007
-2.8659
-2.13247
-2.10055
-2.9105
-2.97322
-1.19288
-0.923412
-0.869983
-1.48048
0
-3.07017
-3.57203
-1.82492
-1.02106
-1.69571
-0.558063
-2.85175
-2.43781
-1.95662
-3.14742
-1.22419
-0.709468
-2.58583
-3.616
-0.000906327
-1.71884
-2.91474
-0.948829
-0.535203
-2.69834
-2.6391
-2.0106
-1.71839
-2.00994
-2.76233
0.490839
-3.07017
0
-2.0408
-2.4553
-0.620959
-1.64692
-0.90008
-3.21444
-3.80463
-3.79391
-1.97629
-2.13088
-1.4539
-0.514396
-1.72488
-2.41417
-2.55467
-3.01563
-1.13471
-3.14289
-2.4725
-1.68287
-1.42009
-2.64776
0.0560639
-2.34909
-2.17272
-3.57203
-2.0408
0
-1.93661
-1.13112
-1.99347
-2.98603
-0.851997
-3.21851
-3.59769
-2.80239
-3.08066
-1.83131
-3.03207
-1.93444
-1.80779
-2.63606
-2.77063
-1.93501
-3.63831
-2.01268
-2.69446
-1.50659
-1.48534
-1.6947
-2.56909
-3.39395
-1.82492
-2.4553
-1.93661
0
-1.80543
-2.38956
-2.10517
-0.830722
-2.72974
-1.08605
-2.36113
-1.78831
-1.02205
-3.14503
-3.66865
-2.31705
-2.10854
-2.29037
-3.09131
-2.45072
-2.02417
-1.23134
-2.85461
-1.93253
-2.05996
-3.86059
-2.62658
-1.02106
-0.620959
-1.13112
-1.80543
0
-2.93127
-2.04853
-1.84948
-1.11613
-2.25749
-2.71779
-2.24203
-1.15271
-2.25496
-4.22336
-2.2688
-0.471968
-1.36987
-2.32281
-2.40237
-1.31642
-1.98324
-2.27552
-1.85145
-2.17019
-3.06854
-1.00503
-1.69571
-1.64692
-1.99347
-2.38956
-2.93127
0
-1.67302
-1.0031
-2.13099
-1.70349
-0.667121
-0.677827
-3.23111
-2.31404
-1.40533
-1.14265
-1.08507
-2.08345
-2.60333
-1.12689
-1.93896
-2.57038
-1.26986
-2.18956
-1.23247
-1.87065
-2.77453
-0.558063
-0.90008
-2.98603
-2.10517
-2.04853
-1.67302
0
-1.57203
-2.76316
-1.54311
-2.06499
-2.33317
-3.8131
-1.41658
0.0843328
-0.808866
-1.9114
-0.803872
-2.54257
-0.990537
-1.07186
-4.08941
-1.98907
-2.1085
-1.62442
-2.29279
-0.706214
-2.85175
-3.21444
-0.851997
-0.830722
-1.84948
-1.0031
-1.57203
0
-1.52383
-1.24586
-1.54935
-1.88645
-3.0916
-1.29749
-2.53878
-0.678162
-1.6735
-2.73581
-2.22886
-0.802486
-2.77514
-3.94131
-1.91984
-2.43827
-1.67699
-2.5399
-1.26582
-2.43781
-3.80463
-3.21851
-2.72974
-1.11613
-2.13099
-2.76316
-1.52383
0
-2.24659
-3.12084
-1.53889
-0.0824185
-0.889546
-4.97382
-2.65156
-3.31122
-1.51143
-3.25608
-2.09534
0.29434
-1.76239
-1.64473
-2.41673
-1.34744
-0.426098
-0.0628056
-1.95662
-3.79391
-3.59769
-1.08605
-2.25749
-1.70349
-1.54311
-1.24586
-2.24659
0
-0.945079
-1.64863
-2.5502
-0.958053
-3.03251
-2.74183
-2.85943
-1.70571
-2.49354
-3.51491
-2.7465
-2.64399
-1.96601
-1.987
-2.60693
-3.6018
-1.98554
-3.14742
-1.97629
-2.80239
-2.36113
-2.71779
-0.667121
-2.06499
-1.54935
-3.12084
-0.945079
0
-2.17583
-0.641953
-1.22739
-1.56846
-2.02895
-1.63828
-0.459692
-1.71323
-0.95813
-2.74518
-3.83975
-0.883658
-2.06606
-1.82105
-3.6693
-1.96668
-1.22419
-2.13088
-3.08066
-1.78831
-2.24203
-0.677827
-2.33317
-1.88645
-1.53889
-1.64863
-2.17583
0
-0.976841
-0.933398
-1.96506
-1.68453
-2.42353
-1.9708
-2.70775
-2.98257
-1.92744
-1.1453
-2.63259
-1.50499
-1.51163
-0.0135363
-0.658703
-0.709468
-1.4539
-1.83131
-1.02205
-1.15271
-3.23111
-3.8131
-3.0916
-0.0824185
-2.5502
-0.641953
-0.976841
0
-0.843958
-2.73742
-0.328142
-1.85809
-2.21833
-2.20629
-2.45012
-4.02557
-2.86198
-2.06523
-1.30836
-1.2724
-1.82691
-3.40876
-2.58583
-0.514396
-3.03207
-3.14503
-2.25496
-2.31404
-1.41658
-1.29749
-0.889546
-0.958053
-1.22739
-0.933398
-0.843958
0
-1.03234
-0.628247
-1.29129
-0.760356
-2.55254
-2.42183
-0.33474
-2.60779
-0.708643
-0.813047
-2.72088
-2.53768
-1.94553
-3.616
-1.72488
-1.93444
-3.66865
-4.22336
-1.40533
0.0843328
-2.53878
-4.97382
-3.03251
-1.56846
-1.96506
-2.73742
-1.03234
0
-3.01218
-3.6573
-1.22218
-2.114
-0.540684
-0.144787
-2.26335
-0.727388
-0.654338
-2.62161
-1.98011
-1.67516
-0.000906327
-2.41417
-1.80779
-2.31705
-2.2688
-1.14265
-0.808866
-0.678162
-2.65156
-2.74183
-2.02895
-1.68453
-0.328142
-0.628247
-3.01218
0
-1.86684
-3.66194
-2.49756
-3.99359
-0.411861
-2.9411
-2.30524
-2.24649
-0.931843
-0.987
-1.73257
-1.71884
-2.55467
-2.63606
-2.10854
-0.471968
-1.08507
-1.9114
-1.6735
-3.31122
-2.85943
-1.63828
-2.42353
-1.85809
-1.29129
-3.6573
-1.86684
0
-3.84401
-2.38182
-2.57121
0.368841
-3.27225
-1.36498
-0.00601667
-1.90439
-1.21383
-1.38007
-2.91474
-3.01563
-2.77063
-2.29037
-1.36987
-2.08345
-0.803872
-2.73581
-1.51143
-1.70571
-0.459692
-1.9708
-2.21833
-0.760356
-1.22218
-3.66194
-3.84401
0
-1.4239
-1.09734
-1.36292
-1.77181
-2.49672
-1.59383
-2.54283
-2.25524
-2.8659
-0.948829
-1.13471
-1.93501
-3.09131
-2.32281
-2.60333
-2.54257
-2.22886
-3.25608
-2.49354
-1.71323
-2.70775
-2.20629
-2.55254
-2.114
-2.49756
-2.38182
-1.4239
0
-2.29465
-2.97948
-2.37706
-2.32791
-2.14928
-1.84451
-1.93685
-2.13247
-0.535203
-3.14289
-3.63831
-2.45072
-2.40237
-1.12689
-0.990537
-0.802486
-2.09534
-3.51491
-0.95813
-2.98257
-2.45012
-2.42183
-0.540684
-3.99359
-2.57121
-1.09734
-2.29465
0
-1.96731
-1.21476
-0.90584
-2.98558
-1.79697
-1.79891
-2.10055
-2.69834
-2.4725
-2.01268
-2.02417
-1.31642
-1.93896
-1.07186
-2.77514
0.29434
-2.7465
-2.74518
-1.92744
-4.02557
-0.33474
-0.144787
-0.411861
0.368841
-1.36292
-2.97948
-1.96731
0
-2.3285
-3.22239
-2.34611
-1.55121
-2.1393
-2.9105
-2.6391
-1.68287
-2.69446
-1.23134
-1.98324
-2.57038
-4.08941
-3.94131
-1.76239
-2.64399
-3.83975
-1.1453
-2.86198
-2.60779
-2.26335
-2.9411
-3.27225
-1.77181
-2.37706
-1.21476
-2.3285
0
