0
-3.12555
-2.62891
-1.64417
-2.56422
0.539007
-1.97527
-1.92433
-1.32319
-1.11941
-1.73596
-3.55172
-1.09315
-1.68537
-4.24984
-3.06383
-0.382961
-1.37358
-0.784295
-2.5182
-2.11901
-2.63396
-1.78187
-1.87238
-1.51277
-2.53026
-1.37176
-3.12555
0
-1.14483
-1.18761
0.337804
-0.944599
-2.83561
-1.41535
-1.17147
-2.45794
-3.36783
-3.28653
-2.66477
-2.14879
-2.21988
-1.63374
-1.38928
-2.00596
-2.62469
-0.842318
-1.82001
-3.38235
-3.57771
-3.27274
-0.812748
-2.81164
-2.18824
-2.62891
-1.14483
0
-2.41486
-1.09978
-1.89996
-2.49235
-0.371247
-2.0792
-2.59728
-2.10396
-0.416001
-3.16878
-1.75373
-1.86665
-0.797583
-4.42421
0.251449
-4.17885
-2.51728
-2.54942
-2.88466
-0.680376
-1.92335
-2.90197
-1.09293
-2.68214
-1.64417
-1.18761
-2.41486
0
-1.20222
-1.98388
-3.26481
-2.12142
-1.02516
-2.21395
-1.96583
-2.53936
-1.34812
-2.18016
-2.2706
-0.749015
-2.40416
-2.80487
-1.0213
-1.46509
-1.79631
-1.81734
-2.91753
-2.7314
-1.92838
-1.03134
-2.00947
-2.56422
0.337804
-1.09978
-1.20222
0
-0.32915
-1.49984
-2.56357
-3.18878
-2.33452
-1.61808
-2.2187
-0.793299
-2.21078
-2.52096
-0.752046
-1.97074
-1.96058
-3.3322
-0.825889
-1.45562
-2.90602
-2.66676
-2.9375
-0.817722
-2.28808
-3.48868
0.539007
-0.944599
-1.89996
-1.98388
-0.32915
0
-1.17865
-1.78081
-3.23787
-3.2914
-1.86197
-1.78978
-0.969704
-1.92729
-1.67197
-1.72235
-1.0517
-1.01424
-0.372671
-3.47738
-3.56084
-1.34006
-2.22678
-2.42441
-0.990379
-1.65913
-1.83895
-1.97527
-2.83561
-2.49235
-3.26481
-1.49984
-1.17865
0
-2.62043
-4.11654
-1.66844
-2.89436
-1.66675
-2.15297
-1.481
-0.788252
-2.66952
-0.47751
-2.44093
-1.4453
-3.00415
-3.54164
0.165068
-1.54135
-1.69939
-1.38724
-1.75656
-1.0712
-1.92433
-1.41535
-0.371247
-2.12142
-2.56357
-1.78081
-2.62043
0
-2.29254
-2.44979
-1.99454
-3.50818
-2.11777
-1.66285
-2.49715
-1.22965
-2.25065
-0.725516
-3.04387
-2.56894
-2.25717
-3.7138
-3.01368
-2.50484
-0.583332
-2.35036
0.842051
-1.32319
-1.17147
-2.0792
-1.02516
-3.18878
-3.23787
-4.11654
-2.29254
0
-1.37312
-2.13856
-3.13162
0.548318
-0.982193
-1.62348
-2.63716
-0.116242
-1.18621
-0.3332
-1.68621
-2.16819
-1.14151
-2.60735
-2.61824
-1.45987
-1.96307
-2.15489
-1.11941
-2.45794
-2.59728
-2.21395
-2.33452
-3.2914
-1.66844
-2.44979
-1.37312
0
-4.27618
-3.45363
-2.97003
-0.450096
-2.64736
-0.404688
-1.26826
-2.94749
-2.31419
-2.99547
-2.53411
-1.81396
-2.03117
0.0657026
-3.41427
-2.19348
-1.25642
-1.73596
-3.36783
-2.10396
-1.96583
-1.61808
-1.86197
-2.89436
-1.99454
-2.13856
-4.27618
0
-1.92216
-2.1739
-3.72096
-1.95807
-1.50975
-3.96556
-2.60653
-0.849455
0.35953
-0.396537
-2.7809
-2.39552
-2.84666
-2.08256
-1.17577
-2.81585
-3.55172
-3.28653
-0.416001
-2.53936
-2.2187
-1.78978
-1.66675
-3.50818
-3.13162
-3.45363
-1.92216
0
-1.17331
-1.50273
-0.976629
-2.6767
-1.1185
-2.61243
-2.22281
-0.714979
-0.258228
-2.08756
-1.28345
-4.54416
-1.55809
-2.75806
-1.94859
-1.09315
-2.66477
-3.16878
-1.34812
-0.793299
-0.969704
-2.15297
-2.11777
0.548318
-2.97003
-2.1739
-1.17331
0
-2.58591
-2.44852
-1.3047
-1.71083
-2.73288
-2.19271
0.339683
-2.49588
-2.47522
-0.849648
-1.68659
-3.03968
-0.210603
-2.43026
-1.68537
-2.14879
-1.75373
-2.18016
-2.21078
-1.92729
-1.481
-1.66285
-0.982193
-0.450096
-3.72096
-1.50273
-2.58591
0
-3.67128
-1.24218
-1.58707
-0.87948
-3.0902
-0.845056
-2.25179
-2.05537
-0.553767
-2.20963
-1.55056
-2.41191
-3.32941
-4.24984
-2.21988
-1.86665
-2.2706
-2.52096
-1.67197
-0.788252
-2.49715
-1.62348
-2.64736
-1.95807
-0.976629
-2.44852
-3.67128
0
-2.04636
-1.22574
-1.05878
-1.60463
-2.37631
-4.09835
-2.19848
-1.92561
-1.74886
-2.35666
-3.76555
-1.86152
-3.06383
-1.63374
-0.797583
-0.749015
-0.752046
-1.72235
-2.66952
-1.22965
-2.63716
-0.404688
-1.50975
-2.6767
-1.3047
-1.24218
-2.04636
0
-1.34592
-3.77189
-0.485241
-2.33466
-2.28886
-1.83303
-3.71732
-1.37965
-1.12202
-2.6896
-3.65965
-0.382961
-1.38928
-4.42421
-2.40416
-1.97074
-1.0517
-0.47751
-2.25065
-0.116242
-1.26826
-3.96556
-1.1185
-1.71083
-1.58707
-1.22574
-1.34592
0
-1.93187
-1.07989
-1.69855
-2.60088
-2.54336
-3.12554
-2.66056
-2.1583
-2.76808
-1.8119
-1.37358
-2.00596
0.251449
-2.80487
-1.96058
-1.01424
-2.44093
-0.725516
-1.18621
-2.94749
-2.60653
-2.61243
-2.73288
-0.87948
-1.05878
-3.77189
-1.93187
0
-0.606078
-1.33619
-1.19928
-2.8114
-1.86969
-2.09444
-1.16266
-3.00817
-2.99809
-0.784295
-2.62469
-4.17885
-1.0213
-3.3322
-0.372671
-1.4453
-3.04387
-0.3332
-2.31419
-0.849455
-2.22281
-2.19271
-3.0902
-1.60463
-0.485241
-1.07989
-0.606078
0
-2.92238
-2.50118
-3.66095
-1.29557
-1.80893
-1.44937
0.239118
-1.49217
-2.5182
-0.842318
-2.51728
-1.46509
-0.825889
-3.47738
-3.00415
-2.56894
-1.68621
-2.99547
0.35953
-0.714979
0.339683
-0.845056
-2.37631
-2.33466
-1.69855
-1.33619
-2.92238
0
-2.56763
-1.68935
-2.21224
-1.51667
-2.30808
-1.43701
-2.42746
-2.11901
-1.82001
-2.54942
-1.79631
-1.45562
-3.56084
-3.54164
-2.25717
-2.16819
-2.53411
-0.396537
-0.258228
-2.49588
-2.25179
-4.09835
-2.28886
-2.60088
-1.19928
-2.50118
-2.56763
0
-3.60994
-1.28448
-0.70996
-1.99157
-3.42795
-2.54883
-2.63396
-3.38235
-2.88466
-1.81734
-2.90602
-1.34006
0.165068
-3.7138
-1.14151
-1.81396
-2.7809
-2.08756
-2.47522
-2.05537
-2.19848
-1.83303
-2.54336
-2.8114
-3.66095
-1.68935
-3.60994
0
-0.943047
-1.04061
-1.77103
-2.2509
-2.81416
-1.78187
-3.57771
-0.680376
-2.91753
-2.66676
-2.22678
-1.54135
-3.01368
-2.60735
-2.03117
-2.39552
-1.28345
-0.849648
-0.553767
-1.92561
-3.71732
-3.12554
-1.86969
-1.29557
-2.21224
-1.28448
-0.943047
0
-3.99015
-2.2812
-2.90244
-2.12689
-1.87238
-3.27274
-1.92335
-2.7314
-2.9375
-2.42441
-1.69939
-2.50484
-2.61824
0.0657026
-2.84666
-4.54416
-1.68659
-2.20963
-1.74886
-1.37965
-2.66056
-2.09444
-1.80893
-1.51667
-0.70996
-1.04061
-3.99015
0
-2.56194
-1.53388
-3.08508
-1.51277
-0.812748
-2.90197
-1.92838
-0.817722
-0.990379
-1.38724
-0.583332
-1.45987
-3.41427
-2.08256
-1.55809
-3.03968
-1.55056
-2.35666
-1.12202
-2.1583
-1.16266
-1.44937
-2.30808
-1.99157
-1.77103
-2.2812
-2.56194
0
-3.03916
-2.52545
-2.53026
-2.81164
-1.09293
-1.03134
-2.28808
-1.65913
-1.75656
-2.35036
-1.96307
-2.19348
-1.17577
-2.75806
-0.210603
-2.41191
-3.76555
-2.6896
-2.76808
-3.00817
0.239118
-1.43701
-3.42795
-2.2509
-2.90244
-1.53388
-3.03916
0
-2.94823
-1.37176
-2.18824
-2.68214
-2.00947
-3.48868
-1.83895
-1.0712
0.842051
-2.15489
-1.25642
-2.81585
-1.94859
-2.43026
-3.32941
-1.86152
-3.65965
-1.8119
-2.99809
-1.49217
-2.42746
-2.54883
-2.81416
-2.12689
-3.08508
-2.52545
-2.94823
0
