0
-4.23879
-0.460051
-1.10779
-1.3964
-2.50313
-1.90272
-2.303
-3.11351
-0.966374
-1.36603
-1.55631
-0.282063
-0.812391
-3.22337
-1.35022
-1.81718
-2.5485
-0.750036
-2.94737
-4.18386
-0.766602
-2.85457
-3.31593
-2.71125
-0.775855
-2.05156
-4.23879
0
-1.75796
-2.52263
-1.53162
-2.81068
-1.16245
-2.33764
-3.11825
-2.03139
-0.948058
-1.48991
-2.1693
-2.84988
-1.88811
-4.18189
-1.09516
-2.44019
-1.96677
-1.20682
-1.03532
-2.24311
-0.629603
-1.57586
-3.76625
-2.02988
-1.90288
-0.460051
-1.75796
0
-0.655091
-1.58827
-1.24118
-2.5366
-2.0895
-2.72521
-1.2288
-1.64732
-2.47074
-2.64742
-1.14851
-3.381
-4.11799
-1.91643
-1.82009
-1.44019
-1.94927
-0.610218
-1.24102
-3.81441
-1.68889
-2.6094
-2.05621
-1.53146
-1.10779
-2.52263
-0.655091
0
-0.715596
-2.45497
-1.56311
-2.52566
-1.59808
-0.542187
-2.01282
-2.35575
-1.10623
-1.89051
-2.26877
-2.46029
-1.92648
-3.53958
-1.90157
-1.36966
-0.791667
-2.4172
-1.31339
-1.90603
-1.86711
-2.40294
-1.34266
-1.3964
-1.53162
-1.58827
-0.715596
0
-0.502745
-1.53205
-1.61611
-2.7236
-1.51239
-3.19869
-1.59463
-1.84861
-0.438885
-1.53187
-1.75413
-1.06722
-2.94345
-2.30684
-3.30621
-2.29881
-1.97765
-0.829576
-2.164
-3.9938
-3.04494
-3.19052
-2.50313
-2.81068
-1.24118
-2.45497
-0.502745
0
-2.16398
-0.820206
-2.38958
-0.570079
-0.965695
-3.89543
-3.14295
-2.24921
-1.26634
-2.47585
-2.54875
-1.86156
-2.92008
-3.90507
-2.05535
-2.2411
-2.42976
-1.56331
-2.83667
-1.69159
-2.20199
-1.90272
-1.16245
-2.5366
-1.56311
-1.53205
-2.16398
0
-1.98391
-1.3083
-1.09483
-0.915419
-2.3393
-3.69595
-3.06058
-0.834781
-1.54831
-2.13686
-2.69086
-3.46646
-1.47366
-2.58989
-2.05359
-2.96133
-2.50402
-0.712337
-3.18409
-1.57342
-2.303
-2.33764
-2.0895
-2.52566
-1.61611
-0.820206
-1.98391
0
-1.16291
-1.48547
-1.46935
-4.00285
-0.77443
-3.81925
-1.35391
-3.19188
-2.081
-1.76664
-0.353366
-1.9852
-3.00012
-0.706973
-0.626146
-2.58063
-0.518967
-2.3199
-2.87231
-3.11351
-3.11825
-2.72521
-1.59808
-2.7236
-2.38958
-1.3083
-1.16291
0
-2.7463
-2.12949
-3.2793
-2.7958
0.0111788
-2.41547
-1.0714
-1.99587
-4.06416
-1.11808
-0.950664
-1.92765
-2.78636
-0.7702
-2.72239
-2.902
-1.44381
-2.06714
-0.966374
-2.03139
-1.2288
-0.542187
-1.51239
-0.570079
-1.09483
-1.48547
-2.7463
0
-0.861444
-3.13615
-1.93183
-2.09198
-3.99873
-2.6214
-2.38913
-1.21444
-2.49374
-1.75757
-2.40485
-2.60251
-1.07062
-2.17812
-1.14762
-2.89303
-1.62481
-1.36603
-0.948058
-1.64732
-2.01282
-3.19869
-0.965695
-0.915419
-1.46935
-2.12949
-0.861444
0
-2.46269
-3.15659
-1.49221
-1.85059
-3.37684
-0.32827
-1.79066
-2.21229
-3.63894
-1.89116
-1.85584
-1.88262
-3.77073
-2.36949
-3.42182
-2.58073
-1.55631
-1.48991
-2.47074
-2.35575
-1.59463
-3.89543
-2.3393
-4.00285
-3.2793
-3.13615
-2.46269
0
-0.204877
-0.853476
-2.37438
-1.65733
-2.80445
-3.36173
-1.61812
-2.11727
-1.82533
-2.41442
-3.14419
-2.2879
-1.3269
-1.47193
-2.79383
-0.282063
-2.1693
-2.64742
-1.10623
-1.84861
-3.14295
-3.69595
-0.77443
-2.7958
-1.93183
-3.15659
-0.204877
0
-3.11084
1.28928
-0.0847949
-2.10687
-2.64974
-1.50985
-0.968367
-2.65715
-0.715512
-1.10293
-0.168742
-3.20897
-2.20364
-2.09116
-0.812391
-2.84988
-1.14851
-1.89051
-0.438885
-2.24921
-3.06058
-3.81925
0.0111788
-2.09198
-1.49221
-0.853476
-3.11084
0
-1.29198
-2.82736
-1.24651
-3.52403
-1.93983
-1.53629
-1.21162
-0.768476
-2.61595
-3.55484
-2.31216
-2.32009
-1.27156
-3.22337
-1.88811
-3.381
-2.26877
-1.53187
-1.26634
-0.834781
-1.35391
-2.41547
-3.99873
-1.85059
-2.37438
1.28928
-1.29198
0
-1.3219
-0.932744
-3.18932
-0.0935462
-3.18775
-2.0624
-3.49204
-2.93868
-2.10139
-2.68902
0.19669
-0.713293
-1.35022
-4.18189
-4.11799
-2.46029
-1.75413
-2.47585
-1.54831
-3.19188
-1.0714
-2.6214
-3.37684
-1.65733
-0.0847949
-2.82736
-1.3219
0
-1.19858
-2.36382
-2.37591
-1.95458
-2.74744
-0.876327
-2.38866
-0.544714
-3.41563
-1.36981
-1.60969
-1.81718
-1.09516
-1.91643
-1.92648
-1.06722
-2.54875
-2.13686
-2.081
-1.99587
-2.38913
-0.32827
-2.80445
-2.10687
-1.24651
-0.932744
-1.19858
0
-2.45724
-3.37206
-1.42161
-2.66603
-2.44826
-3.8207
-2.5864
-0.563523
-1.13617
-1.10482
-2.5485
-2.44019
-1.82009
-3.53958
-2.94345
-1.86156
-2.69086
-1.76664
-4.06416
-1.21444
-1.79066
-3.36173
-2.64974
-3.52403
-3.18932
-2.36382
-2.45724
0
-2.67292
-2.66904
-0.943138
-1.84979
-2.90846
-2.04159
-4.62046
-1.27858
-2.44908
-0.750036
-1.96677
-1.44019
-1.90157
-2.30684
-2.92008
-3.46646
-0.353366
-1.11808
-2.49374
-2.21229
-1.61812
-1.50985
-1.93983
-0.0935462
-2.37591
-3.37206
-2.67292
0
-1.72274
-2.67887
-3.68311
-2.15892
-1.42218
-2.42995
-2.62265
-1.63493
-2.94737
-1.20682
-1.94927
-1.36966
-3.30621
-3.90507
-1.47366
-1.9852
-0.950664
-1.75757
-3.63894
-2.11727
-0.968367
-1.53629
-3.18775
-1.95458
-1.42161
-2.66904
-1.72274
0
0.23991
-1.08543
-2.4642
-1.27797
-1.29645
-3.55132
-2.40876
-4.18386
-1.03532
-0.610218
-0.791667
-2.29881
-2.05535
-2.58989
-3.00012
-1.92765
-2.40485
-1.89116
-1.82533
-2.65715
-1.21162
-2.0624
-2.74744
-2.66603
-0.943138
-2.67887
0.23991
0
-2.92527
-2.27167
-3.85088
-3.74621
-2.71156
-1.09479
-0.766602
-2.24311
-1.24102
-2.4172
-1.97765
-2.2411
-2.05359
-0.706973
-2.78636
-2.60251
-1.85584
-2.41442
-0.715512
-0.768476
-3.49204
-0.876327
-2.44826
-1.84979
-3.68311
-1.08543
-2.92527
0
-1.92737
-2.31057
-2.97775
-2.18468
-1.809
-2.85457
-0.629603
-3.81441
-1.31339
-0.829576
-2.42976
-2.96133
-0.626146
-0.7702
-1.07062
-1.88262
-3.14419
-1.10293
-2.61595
-2.93868
-2.38866
-3.8207
-2.90846
-2.15892
-2.4642
-2.27167
-1.92737
0
-2.00964
-1.15223
-1.89841
-1.54974
-3.31593
-1.57586
-1.68889
-1.90603
-2.164
-1.56331
-2.50402
-2.58063
-2.72239
-2.17812
-3.77073
-2.2879
-0.168742
-3.55484
-2.10139
-0.544714
-2.5864
-2.04159
-1.42218
-1.27797
-3.85088
-2.31057
-2.00964
0
-2.75691
-1.28576
-4.04468
-2.71125
-3.76625
-2.6094
-1.86711
-3.9938
-2.83667
-0.712337
-0.518967
-2.902
-1.14762
-2.36949
-1.3269
-3.20897
-2.31216
-2.68902
-3.41563
-0.563523
-4.62046
-2.42995
-1.29645
-3.74621
-2.97775
-1.15223
-2.75691
0
-1.13133
-1.64081
-0.775855
-2.02988
-2.05621
-2.40294
-3.04494
-1.69159
-3.18409
-2.3199
-1.44381
-2.89303
-3.42182
-1.47193
-2.20364
-2.32009
0.19669
-1.36981
-1.13617
-1.27858
-2.62265
-3.55132
-2.71156
-2.18468
-1.89841
-1.28576
-1.13133
0
-1.89108
-2.05156
-1.90288
-1.53146
-1.34266
-3.19052
-2.20199
-1.57342
-2.87231
-2.06714
-1.62481
-2.58073
-2.79383
-2.09116
-1.27156
-0.713293
-1.60969
-1.10482
-2.44908
-1.63493
-2.40876
-1.09479
-1.809
-1.54974
-4.04468
-1.64081
-1.89108
0
