0
-2.48077
-3.41448
-1.89401
-0.158728
-1.75617
-1.80447
-1.86923
-1.21668
-1.07951
-3.15261
-4.24323
-2.72485
-2.93648
-0.829249
-1.68071
-3.42004
-2.50292
-1.39507
-1.81681
-2.7705
-1.33942
-2.12745
-2.49727
-4.61697
-2.58497
-2.84772
-2.48077
0
-1.47959
-2.29593
0.580459
-2.27977
-1.55619
-2.91837
-1.21167
-3.13295
-0.585433
-4.1409
-1.88048
-1.34255
-3.52925
-1.9823
-1.94364
-1.31074
-3.14707
-3.07617
-3.14595
-2.90996
-3.22992
-2.28948
-1.52011
-2.01099
-1.98847
-3.41448
-1.47959
0
-2.08042
-1.20128
-0.829459
-1.75473
-3.18825
-1.42413
-1.69462
-2.28822
-2.96095
-1.06445
-0.94304
-1.81318
-2.29342
-2.68696
-2.03561
-2.89368
0.111802
-2.14302
-0.742811
-1.49552
-3.05561
-2.53342
-2.3704
-1.27495
-1.89401
-2.29593
-2.08042
0
-2.7366
-1.62368
-2.21536
-3.81198
-2.8151
-0.392739
-2.14264
-1.87559
-0.976825
-3.0876
-1.95382
0.11003
-1.65266
-2.50614
-2.1619
-1.77938
-2.32801
-2.54699
-1.52399
-2.02563
-0.618934
-1.9599
-2.05934
-0.158728
0.580459
-1.20128
-2.7366
0
-0.723271
0.0319238
-3.66839
-1.70327
-2.31025
-2.33842
-2.87846
-0.750901
-1.87204
-2.20042
-2.49177
-2.88433
-0.897426
-1.33601
-0.149825
-3.25194
-1.73204
-3.89121
-2.41054
-1.11172
-1.72309
-1.32932
-1.75617
-2.27977
-0.829459
-1.62368
-0.723271
0
-1.40436
-0.596939
-0.30741
-2.50967
-2.32967
-2.95836
-1.725
-3.53969
-1.34238
-2.99949
-4.30578
-0.129438
-1.59093
-3.00438
-2.37584
-1.43615
-0.324615
-3.63524
-0.336612
-1.79345
-2.65016
-1.80447
-1.55619
-1.75473
-2.21536
0.0319238
-1.40436
0
-2.12524
-2.73137
-0.18032
-3.64495
-4.11162
-4.03197
-2.23378
-3.63455
-1.65007
-1.50131
-1.88092
-2.87307
-0.148642
-1.60201
-2.20157
-0.665071
-3.24095
-0.898138
-1.50057
-1.26087
-1.86923
-2.91837
-3.18825
-3.81198
-3.66839
-0.596939
-2.12524
0
-2.51129
-1.39237
-2.43603
-2.15428
-1.8155
-3.49498
-2.30097
-2.28656
-1.74815
-0.428196
-0.750952
-1.36177
-0.90067
-2.14449
-1.869
-0.590004
-0.459307
-1.26506
-1.38937
-1.21668
-1.21167
-1.42413
-2.8151
-1.70327
-0.30741
-2.73137
-2.51129
0
-0.504389
-1.91117
-2.79638
-2.2444
-2.98317
-2.72859
-2.40863
-2.22553
-2.85608
-3.62248
-1.57855
-3.93165
-2.55961
-3.95011
-0.719253
-2.26819
-2.5864
0.803618
-1.07951
-3.13295
-1.69462
-0.392739
-2.31025
-2.50967
-0.18032
-1.39237
-0.504389
0
-0.780532
-1.67729
-1.66152
-0.511637
-0.862076
-2.6887
-1.54836
-2.5365
-2.17353
-1.12476
-1.68432
-2.66253
-2.49533
-2.80976
-1.79897
-3.0664
-3.09916
-3.15261
-0.585433
-2.28822
-2.14264
-2.33842
-2.32967
-3.64495
-2.43603
-1.91117
-0.780532
0
-4.10341
-3.68735
-3.53685
-2.64089
-1.70992
-1.85692
-2.92071
-1.59159
-1.2282
-1.92357
-1.96731
-0.29231
-3.10347
-0.722478
-1.95321
-1.72582
-4.24323
-4.1409
-2.96095
-1.87559
-2.87846
-2.95836
-4.11162
-2.15428
-2.79638
-1.67729
-4.10341
0
-2.00488
-2.51416
-0.22314
-1.23757
-3.05367
-2.93408
-2.38689
-2.05115
-0.84542
-1.39096
-1.14682
-1.05819
-2.05373
-0.482744
-2.26579
-2.72485
-1.88048
-1.06445
-0.976825
-0.750901
-1.725
-4.03197
-1.8155
-2.2444
-1.66152
-3.68735
-2.00488
0
-1.1581
-2.66659
-1.20099
-2.72447
-1.77528
-1.774
-0.0289029
-1.71254
-3.08337
-1.82347
-2.9271
-0.533436
-1.22176
-1.42574
-2.93648
-1.34255
-0.94304
-3.0876
-1.87204
-3.53969
-2.23378
-3.49498
-2.98317
-0.511637
-3.53685
-2.51416
-1.1581
0
-1.30915
-3.03904
-3.36013
-3.68753
-2.21739
-1.43293
-0.945412
-3.00746
-2.31267
-2.65735
-3.21963
-3.25724
-2.34361
-0.829249
-3.52925
-1.81318
-1.95382
-2.20042
-1.34238
-3.63455
-2.30097
-2.72859
-0.862076
-2.64089
-0.22314
-2.66659
-1.30915
0
-2.43912
-2.55187
-1.01825
-4.96816
-0.335998
-2.73375
-1.06383
-0.919481
-2.30587
-1.17412
-1.25696
-0.623949
-1.68071
-1.9823
-2.29342
0.11003
-2.49177
-2.99949
-1.65007
-2.28656
-2.40863
-2.6887
-1.70992
-1.23757
-1.20099
-3.03904
-2.43912
0
-2.49914
-1.86717
-2.38726
-3.34869
-2.18198
-3.25418
-2.48724
-3.25703
-1.52425
-1.92116
-1.89208
-3.42004
-1.94364
-2.68696
-1.65266
-2.88433
-4.30578
-1.50131
-1.74815
-2.22553
-1.54836
-1.85692
-3.05367
-2.72447
-3.36013
-2.55187
-2.49914
0
-1.17774
-0.866211
-2.33379
-2.68021
-1.12204
-1.25875
-3.14007
-2.41688
-1.35876
-1.9018
-2.50292
-1.31074
-2.03561
-2.50614
-0.897426
-0.129438
-1.88092
-0.428196
-2.85608
-2.5365
-2.92071
-2.93408
-1.77528
-3.68753
-1.01825
-1.86717
-1.17774
0
0.967613
-3.31558
-3.91594
-1.38024
-1.67916
-1.4801
-1.99174
-2.75062
-0.942849
-1.39507
-3.14707
-2.89368
-2.1619
-1.33601
-1.59093
-2.87307
-0.750952
-3.62248
-2.17353
-1.59159
-2.38689
-1.774
-2.21739
-4.96816
-2.38726
-0.866211
0.967613
0
-1.90283
-2.42183
-1.85639
-1.94839
-2.28932
-2.99246
-1.99078
-3.55669
-1.81681
-3.07617
0.111802
-1.77938
-0.149825
-3.00438
-0.148642
-1.36177
-1.57855
-1.12476
-1.2282
-2.05115
-0.0289029
-1.43293
-0.335998
-3.34869
-2.33379
-3.31558
-1.90283
0
-1.77158
-2.8042
-1.0842
-2.71071
-0.493646
-2.16428
-0.678616
-2.7705
-3.14595
-2.14302
-2.32801
-3.25194
-2.37584
-1.60201
-0.90067
-3.93165
-1.68432
-1.92357
-0.84542
-1.71254
-0.945412
-2.73375
-2.18198
-2.68021
-3.91594
-2.42183
-1.77158
0
-2.35618
-2.37913
-3.16879
-1.99897
-1.33831
-1.12079
-1.33942
-2.90996
-0.742811
-2.54699
-1.73204
-1.43615
-2.20157
-2.14449
-2.55961
-2.66253
-1.96731
-1.39096
-3.08337
-3.00746
-1.06383
-3.25418
-1.12204
-1.38024
-1.85639
-2.8042
-2.35618
0
-2.51372
-1.72338
-0.858951
-1.09443
-1.79894
-2.12745
-3.22992
-1.49552
-1.52399
-3.89121
-0.324615
-0.665071
-1.869
-3.95011
-2.49533
-0.29231
-1.14682
-1.82347
-2.31267
-0.919481
-2.48724
-1.25875
-1.67916
-1.94839
-1.0842
-2.37913
-2.51372
0
-2.3861
-0.447188
-3.00287
-2.04677
-2.49727
-2.28948
-3.05561
-2.02563
-2.41054
-3.63524
-3.24095
-0.590004
-0.719253
-2.80976
-3.10347
-1.05819
-2.9271
-2.65735
-2.30587
-3.25703
-3.14007
-1.4801
-2.28932
-2.71071
-3.16879
-1.72338
-2.3861
0
-2.49454
-2.37076
-1.32707
-4.61697
-1.52011
-2.53342
-0.618934
-1.11172
-0.336612
-0.898138
-0.459307
-2.26819
-1.79897
-0.722478
-2.05373
-0.533436
-3.21963
-1.17412
-1.52425
-2.41688
-1.99174
-2.99246
-0.493646
-1.99897
-0.858951
-0.447188
-2.49454
0
-1.75118
-1.56506
-2.58497
-2.01099
-2.3704
-1.9599
-1.72309
-1.79345
-1.50057
-1.26506
-2.5864
-3.0664
-1.95321
-0.482744
-1.22176
-3.25724
-1.25696
-1.92116
-1.35876
-2.75062
-1.99078
-2.16428
-1.33831
-1.09443
-3.00287
-2.37076
-1.75118
0
-1.98797
-2.84772
-1.98847
-1.27495
-2.05934
-1.32932
-2.65016
-1.26087
-1.38937
0.803618
-3.09916
-1.72582
-2.26579
-1.42574
-2.34361
-0.623949
-1.89208
-1.9018
-0.942849
-3.55669
-0.678616
-1.12079
-1.79894
-2.04677
-1.32707
-1.56506
-1.98797
0
