0
-2.61201
-1.71535
-1.43909
-1.62698
-1.71164
-1.45413
-1.84906
-1.93252
-0.526598
-1.18708
-1.80825
-2.21044
-1.27445
-0.583713
-3.08756
-1.09281
-4.11808
-3.33765
-1.52165
-1.68764
-2.97079
-0.0578413
-2.13093
-2.18161
-2.6275
-4.10229
-2.61201
0
-0.102188
0.129475
-1.70782
-2.17883
0.433564
-0.92642
-3.54506
-1.5491
-2.97934
-1.55096
-2.01942
-1.03104
-2.40263
-3.1822
-0.316916
-1.53915
-1.19379
-4.24907
-2.12818
-1.16227
-3.10495
-0.533578
-2.47683
-1.88904
-2.10878
-1.71535
-0.102188
0
-0.826462
0.213708
-2.12996
-2.34298
-2.9117
-2.73868
-1.52931
-1.93117
-0.166585
-3.11676
-2.44431
-2.22712
-3.51731
-2.33416
-2.36392
-3.42158
-3.91982
-1.58159
-0.400058
-0.979986
-1.00905
0.276433
-3.54798
-1.30824
-1.43909
0.129475
-0.826462
0
-0.330769
-2.25163
-0.995091
-2.16042
-3.10583
-0.664866
-2.00032
-1.00517
-0.543176
-3.32951
-2.71125
-1.79012
-2.86396
-4.83297
-2.31806
-2.63259
-1.49373
-3.70993
-2.2451
-2.56378
-3.0256
-1.98693
-2.88329
-1.62698
-1.70782
0.213708
-0.330769
0
-2.17102
-0.540222
-2.89255
-2.05574
-2.06432
-2.061
-1.53056
-2.98086
-0.268046
-3.21083
-2.24426
-2.98958
-2.93426
-1.06971
-0.896602
-2.62203
-0.5041
-2.35473
-3.12672
-2.42984
-1.11718
-2.5524
-1.71164
-2.17883
-2.12996
-2.25163
-2.17102
0
-2.95906
-2.37837
-1.62252
-2.12611
-2.74008
-2.87463
-0.656347
-1.87934
-1.35533
-2.89616
-2.78803
-0.538887
-0.0484255
-3.09181
-2.77697
-3.68273
-2.40382
-2.51775
-1.75664
-2.26869
-1.03487
-1.45413
0.433564
-2.34298
-0.995091
-0.540222
-2.95906
0
-1.97882
-2.34567
-1.5078
-2.30906
-0.527787
-2.09068
-2.21318
-2.25918
-2.78747
-1.7744
-3.01443
-3.75472
-2.04799
-0.736106
-0.915622
-3.4605
-2.60602
-0.529134
-0.757582
-3.28413
-1.84906
-0.92642
-2.9117
-2.16042
-2.89255
-2.37837
-1.97882
0
-2.29555
-1.0931
-4.0609
-2.71884
-2.84104
-0.431613
-2.68572
-3.68693
-3.69993
-2.36962
-1.37643
-1.63693
-2.61717
-1.81203
-2.42587
-2.28984
-1.52768
-2.35892
-2.84195
-1.93252
-3.54506
-2.73868
-3.10583
-2.05574
-1.62252
-2.34567
-2.29555
0
-0.963395
-0.325999
-2.82676
-3.13189
-1.36405
-1.35133
-2.46461
0.182574
-2.02507
-0.367739
-2.27549
-2.85351
-1.46456
-1.84294
-1.81229
-1.76701
-2.99786
-3.45044
-0.526598
-1.5491
-1.52931
-0.664866
-2.06432
-2.12611
-1.5078
-1.0931
-0.963395
0
-3.0094
-2.27227
-2.05648
-2.35561
-3.68588
-2.40467
-2.86091
-1.22182
-2.00484
-0.57697
-2.59867
-3.83985
-2.54523
-0.363422
-3.92097
-0.541456
-0.868279
-1.18708
-2.97934
-1.93117
-2.00032
-2.061
-2.74008
-2.30906
-4.0609
-0.325999
-3.0094
0
-3.39167
-2.67397
-0.89521
-1.1727
-1.33864
-3.02486
-4.4324
-4.74318
-1.3156
-1.94388
-0.555192
-1.45834
-2.43895
-1.99205
-2.98239
-3.11611
-1.80825
-1.55096
-0.166585
-1.00517
-1.53056
-2.87463
-0.527787
-2.71884
-2.82676
-2.27227
-3.39167
0
-4.2045
-1.80319
-2.20178
0.663456
-3.16097
-1.41246
-3.54983
-0.979201
-2.9764
-2.93896
-4.76466
-2.25973
-1.30398
-1.63808
-1.48967
-2.21044
-2.01942
-3.11676
-0.543176
-2.98086
-0.656347
-2.09068
-2.84104
-3.13189
-2.05648
-2.67397
-4.2045
0
-2.22264
-2.09872
-1.79203
-3.7337
-2.10849
-0.729431
-1.89194
-2.2812
-0.980245
-0.434339
-1.06168
-3.12528
-1.7007
-1.15093
-1.27445
-1.03104
-2.44431
-3.32951
-0.268046
-1.87934
-2.21318
-0.431613
-1.36405
-2.35561
-0.89521
-1.80319
-2.22264
0
-0.839678
-0.797808
-1.23322
-0.801851
-3.09063
-1.76676
-0.636713
-0.794736
-0.967282
-1.04525
-0.752279
-2.47809
-2.59351
-0.583713
-2.40263
-2.22712
-2.71125
-3.21083
-1.35533
-2.25918
-2.68572
-1.35133
-3.68588
-1.1727
-2.20178
-2.09872
-0.839678
0
0.0873683
-3.25153
-0.340722
-1.17299
-3.47738
-2.71195
-1.53085
-1.63642
-0.471852
-1.48838
-2.67454
-1.71211
-3.08756
-3.1822
-3.51731
-1.79012
-2.24426
-2.89616
-2.78747
-3.68693
-2.46461
-2.40467
-1.33864
0.663456
-1.79203
-0.797808
0.0873683
0
-1.57029
-2.25753
-2.72281
-3.07972
-2.83412
-2.52974
-2.08371
-1.68662
-3.25729
-3.78733
-1.273
-1.09281
-0.316916
-2.33416
-2.86396
-2.98958
-2.78803
-1.7744
-3.69993
0.182574
-2.86091
-3.02486
-3.16097
-3.7337
-1.23322
-3.25153
-1.57029
0
-4.44811
-3.16291
-2.88335
-0.391281
-1.58259
-1.42302
-3.02525
-0.93332
-0.486765
-2.41758
-4.11808
-1.53915
-2.36392
-4.83297
-2.93426
-0.538887
-3.01443
-2.36962
-2.02507
-1.22182
-4.4324
-1.41246
-2.10849
-0.801851
-0.340722
-2.25753
-4.44811
0
-3.02251
-2.40823
-2.7662
-1.19558
-1.82474
-2.93443
-1.15127
-0.860017
-2.2647
-3.33765
-1.19379
-3.42158
-2.31806
-1.06971
-0.0484255
-3.75472
-1.37643
-0.367739
-2.00484
-4.74318
-3.54983
-0.729431
-3.09063
-1.17299
-2.72281
-3.16291
-3.02251
0
-1.49838
-2.19697
-2.63484
-0.0896328
-2.5342
-0.0475808
-2.84318
-2.77616
-1.52165
-4.24907
-3.91982
-2.63259
-0.896602
-3.09181
-2.04799
-1.63693
-2.27549
-0.57697
-1.3156
-0.979201
-1.89194
-1.76676
-3.47738
-3.07972
-2.88335
-2.40823
-1.49838
0
-1.3603
-0.104082
-0.864531
-3.15504
-1.55642
-2.9232
-1.06879
-1.68764
-2.12818
-1.58159
-1.49373
-2.62203
-2.77697
-0.736106
-2.61717
-2.85351
-2.59867
-1.94388
-2.9764
-2.2812
-0.636713
-2.71195
-2.83412
-0.391281
-2.7662
-2.19697
-1.3603
0
-3.24945
-1.0258
-2.38237
-3.3906
-1.78457
-1.50096
-2.97079
-1.16227
-0.400058
-3.70993
-0.5041
-3.68273
-0.915622
-1.81203
-1.46456
-3.83985
-0.555192
-2.93896
-0.980245
-0.794736
-1.53085
-2.52974
-1.58259
-1.19558
-2.63484
-0.104082
-3.24945
0
-2.36705
-3.0109
-1.71893
-3.38344
-2.55971
-0.0578413
-3.10495
-0.979986
-2.2451
-2.35473
-2.40382
-3.4605
-2.42587
-1.84294
-2.54523
-1.45834
-4.76466
-0.434339
-0.967282
-1.63642
-2.08371
-1.42302
-1.82474
-0.0896328
-0.864531
-1.0258
-2.36705
0
-1.95088
-2.51012
-1.7411
-1.19101
-2.13093
-0.533578
-1.00905
-2.56378
-3.12672
-2.51775
-2.60602
-2.28984
-1.81229
-0.363422
-2.43895
-2.25973
-1.06168
-1.04525
-0.471852
-1.68662
-3.02525
-2.93443
-2.5342
-3.15504
-2.38237
-3.0109
-1.95088
0
-1.46052
-2.94359
-0.177142
-2.18161
-2.47683
0.276433
-3.0256
-2.42984
-1.75664
-0.529134
-1.52768
-1.76701
-3.92097
-1.99205
-1.30398
-3.12528
-0.752279
-1.48838
-3.25729
-0.93332
-1.15127
-0.0475808
-1.55642
-3.3906
-1.71893
-2.51012
-1.46052
0
-2.45505
-1.16243
-2.6275
-1.88904
-3.54798
-1.98693
-1.11718
-2.26869
-0.757582
-2.35892
-2.99786
-0.541456
-2.98239
-1.63808
-1.7007
-2.47809
-2.67454
-3.78733
-0.486765
-0.860017
-2.84318
-2.9232
-1.78457
-3.38344
-1.7411
-2.94359
-2.45505
0
-3.72777
-4.10229
-2.10878
-1.30824
-2.88329
-2.5524
-1.03487
-3.28413
-2.84195
-3.45044
-0.868279
-3.11611
-1.48967
-1.15093
-2.59351
-1.71211
-1.273
-2.41758
-2.2647
-2.77616
-1.06879
-1.50096
-2.55971
-1.19101
-0.177142
-1.16243
-3.72777
0
