0
-0.685532
-3.49879
-2.65774
-2.56872
-1.76541
-2.49094
-2.65549
-1.71903
-1.64046
-1.80286
-2.16852
-2.571
-2.0754
-0.360173
-1.70573
-1.82615
-1.59236
-0.719632
-2.65623
-4.35626
-2.00242
-2.69629
-2.43496
-3.91671
-2.15972
-1.76022
-0.685532
0
-1.99705
-1.79572
-2.31367
-1.7833
-3.97244
-2.74037
-2.44929
-2.42474
-3.45928
-2.62553
-1.91168
-0.394063
-2.13393
-2.33794
-3.3881
-0.1782
-2.4173
-2.7763
-1.06925
-0.803822
-2.51167
-2.44087
-2.06979
-3.15061
-2.10625
-3.49879
-1.99705
0
-2.51886
-1.14461
-2.23847
-1.06552
-2.09437
-2.31364
-2.02665
-2.25223
-2.31248
-2.12133
-2.05143
-1.3699
-0.678787
-4.80184
-2.48635
-1.0128
-2.72762
-2.12289
-1.37425
-0.170181
-1.09241
-2.26053
-1.90713
-1.99835
-2.65774
-1.79572
-2.51886
0
-2.73872
-0.538917
-3.35531
-2.05846
-2.21609
-2.58556
-0.383602
-2.50467
-1.78441
-0.0436695
-2.36877
0.256396
-1.75145
-1.99034
-0.865025
-3.52704
-2.96993
-2.02335
-1.12335
-1.18027
-1.53406
-2.9283
-0.842228
-2.56872
-2.31367
-1.14461
-2.73872
0
-1.93383
-0.111752
-1.18163
-2.98541
-1.16034
-1.13534
-2.0076
-2.60992
-1.48558
-2.28785
-0.649522
-2.77001
-3.01058
-2.94669
-2.81816
-1.78023
-1.29451
-2.51605
-0.962437
-2.26628
-1.19515
-3.34143
-1.76541
-1.7833
-2.23847
-0.538917
-1.93383
0
-0.566883
-2.37087
-2.33138
-1.35464
-2.81443
-2.67193
-2.94773
-1.76206
-1.19981
-2.67483
0.385587
-0.977493
-1.36291
-1.64823
-3.16307
-1.99724
-2.12331
-2.98402
-3.19421
-2.48314
-0.145645
-2.49094
-3.97244
-1.06552
-3.35531
-0.111752
-0.566883
0
-2.8491
-0.0725002
-2.78397
-2.23865
-0.918975
-2.03536
-1.07639
-2.1007
0.397957
-1.72641
-0.534548
-0.621113
-0.935155
-1.63717
-0.920681
-1.53602
0.0744734
-0.186156
-2.88508
-2.33971
-2.65549
-2.74037
-2.09437
-2.05846
-1.18163
-2.37087
-2.8491
0
-0.355428
-1.53627
-4.19672
-1.56838
-2.91868
-3.40582
-2.3572
-2.97652
-2.90768
-0.190749
-2.16128
-1.73916
-1.64872
-3.34507
-0.9763
-1.46131
-0.803572
-1.27203
-1.47168
-1.71903
-2.44929
-2.31364
-2.21609
-2.98541
-2.33138
-0.0725002
-0.355428
0
-0.997706
0.242003
-1.7979
-2.76354
-1.19546
-1.95926
-0.189186
-1.28087
-0.932547
-0.950578
-1.33911
-1.5351
-1.00914
-1.44814
-2.06969
-2.82036
-1.99787
-0.716619
-1.64046
-2.42474
-2.02665
-2.58556
-1.16034
-1.35464
-2.78397
-1.53627
-0.997706
0
-1.32133
-1.99091
-1.36124
-2.26066
-1.85038
-2.91112
-1.57988
0.886548
-1.72455
-2.03651
-1.31486
-2.51108
-2.9152
-1.63723
-1.52414
-2.33275
-0.176044
-1.80286
-3.45928
-2.25223
-0.383602
-1.13534
-2.81443
-2.23865
-4.19672
0.242003
-1.32133
0
-3.3589
-2.76358
-0.647528
-2.54453
-2.75408
-2.0403
-1.50911
-3.39046
-2.08218
-1.6054
-1.43464
-1.51031
-2.38195
-0.254422
-2.29987
-2.35133
-2.16852
-2.62553
-2.31248
-2.50467
-2.0076
-2.67193
-0.918975
-1.56838
-1.7979
-1.99091
-3.3589
0
-2.99048
-2.1301
-2.9607
-2.71577
-2.38856
-1.92419
-2.66814
-0.966416
-3.28639
-2.77571
-1.98638
-0.572662
-1.12899
-1.84469
-2.62854
-2.571
-1.91168
-2.12133
-1.78441
-2.60992
-2.94773
-2.03536
-2.91868
-2.76354
-1.36124
-2.76358
-2.99048
0
-0.720433
-1.11738
-1.8752
-1.83724
-2.6499
-2.63274
-1.55866
-2.76305
-2.11474
-2.93353
0.183254
-3.32223
-1.73989
-2.62919
-2.0754
-0.394063
-2.05143
-0.0436695
-1.48558
-1.76206
-1.07639
-3.40582
-1.19546
-2.26066
-0.647528
-2.1301
-0.720433
0
-1.36069
-2.98735
-1.75152
-3.44303
-4.07057
-1.08896
-2.7799
-1.52262
-2.51681
-2.2279
-0.147341
-4.07968
-2.6722
-0.360173
-2.13393
-1.3699
-2.36877
-2.28785
-1.19981
-2.1007
-2.3572
-1.95926
-1.85038
-2.54453
-2.9607
-1.11738
-1.36069
0
-1.21291
-0.925129
-2.07902
-0.592645
-2.19729
-0.724892
-2.47656
-3.69246
-1.38975
-3.0288
-0.802831
-2.72923
-1.70573
-2.33794
-0.678787
0.256396
-0.649522
-2.67483
0.397957
-2.97652
-0.189186
-2.91112
-2.75408
-2.71577
-1.8752
-2.98735
-1.21291
0
-0.927783
-1.14289
-3.10729
-3.66152
-0.688534
-0.311459
-2.66877
-1.89074
-1.54065
-0.200477
-3.45878
-1.82615
-3.3881
-4.80184
-1.75145
-2.77001
0.385587
-1.72641
-2.90768
-1.28087
-1.57988
-2.0403
-2.38856
-1.83724
-1.75152
-0.925129
-0.927783
0
-2.73975
-1.95051
-1.33303
-1.38151
-2.41455
-0.0828703
-1.53421
-1.70715
-1.30377
-2.44078
-1.59236
-0.1782
-2.48635
-1.99034
-3.01058
-0.977493
-0.534548
-0.190749
-0.932547
0.886548
-1.50911
-1.92419
-2.6499
-3.44303
-2.07902
-1.14289
-2.73975
0
-0.792891
-3.17778
-2.53534
-2.66794
-1.08458
-1.31757
-3.05405
-0.760831
-1.55481
-0.719632
-2.4173
-1.0128
-0.865025
-2.94669
-1.36291
-0.621113
-2.16128
-0.950578
-1.72455
-3.39046
-2.66814
-2.63274
-4.07057
-0.592645
-3.10729
-1.95051
-0.792891
0
-2.53165
-4.22721
-1.12929
-1.74625
-2.06053
-0.593327
-1.80911
-3.446
-2.65623
-2.7763
-2.72762
-3.52704
-2.81816
-1.64823
-0.935155
-1.73916
-1.33911
-2.03651
-2.08218
-0.966416
-1.55866
-1.08896
-2.19729
-3.66152
-1.33303
-3.17778
-2.53165
0
-2.36427
-2.82811
-0.907313
-2.36773
-3.21867
-2.59359
-2.62782
-4.35626
-1.06925
-2.12289
-2.96993
-1.78023
-3.16307
-1.63717
-1.64872
-1.5351
-1.31486
-1.6054
-3.28639
-2.76305
-2.7799
-0.724892
-0.688534
-1.38151
-2.53534
-4.22721
-2.36427
0
-1.90457
-3.90159
-1.41382
-1.48838
-0.429528
-1.74001
-2.00242
-0.803822
-1.37425
-2.02335
-1.29451
-1.99724
-0.920681
-3.34507
-1.00914
-2.51108
-1.43464
-2.77571
-2.11474
-1.52262
-2.47656
-0.311459
-2.41455
-2.66794
-1.12929
-2.82811
-1.90457
0
-0.802622
0.0331877
-4.14642
-2.48042
-1.57443
-2.69629
-2.51167
-0.170181
-1.12335
-2.51605
-2.12331
-1.53602
-0.9763
-1.44814
-2.9152
-1.51031
-1.98638
-2.93353
-2.51681
-3.69246
-2.66877
-0.0828703
-1.08458
-1.74625
-0.907313
-3.90159
-0.802622
0
-2.73516
0.236927
-1.1281
-4.00667
-2.43496
-2.44087
-1.09241
-1.18027
-0.962437
-2.98402
0.0744734
-1.46131
-2.06969
-1.63723
-2.38195
-0.572662
0.183254
-2.2279
-1.38975
-1.89074
-1.53421
-1.31757
-2.06053
-2.36773
-1.41382
0.0331877
-2.73516
0
-3.17834
0.467202
-0.696706
-3.91671
-2.06979
-2.26053
-1.53406
-2.26628
-3.19421
-0.186156
-0.803572
-2.82036
-1.52414
-0.254422
-1.12899
-3.32223
-0.147341
-3.0288
-1.54065
-1.70715
-3.05405
-0.593327
-3.21867
-1.48838
-4.14642
0.236927
-3.17834
0
-2.70308
-2.98312
-2.15972
-3.15061
-1.90713
-2.9283
-1.19515
-2.48314
-2.88508
-1.27203
-1.99787
-2.33275
-2.29987
-1.84469
-1.73989
-4.07968
-0.802831
-0.200477
-1.30377
-0.760831
-1.80911
-2.59359
-0.429528
-2.48042
-1.1281
0.467202
-2.70308
0
-1.6809
-1.76022
-2.10625
-1.99835
-0.842228
-3.34143
-0.145645
-2.33971
-1.47168
-0.716619
-0.176044
-2.35133
-2.62854
-2.62919
-2.6722
-2.72923
-3.45878
-2.44078
-1.55481
-3.446
-2.62782
-1.74001
-1.57443
-4.00667
-0.696706
-2.98312
-1.6809
0
