0
-1.28043
-1.92766
-1.98229
-3.40812
-3.37483
-2.25396
-1.3786
-0.105309
-1.906
-2.37208
-2.39169
-1.84354
-2.76569
-3.46386
-1.58508
-2.76
-1.48565
-2.03209
-1.84206
-1.32067
-2.84536
-1.79804
-3.34878
-2.25647
0.102313
-1.29043
-1.28043
0
-2.38685
-3.19765
-2.9643
-2.58875
-2.25189
-2.91588
-2.09748
-0.73762
-2.29031
-0.999054
-0.21783
-2.82989
-1.82997
-2.80882
0.253286
-1.17859
-2.17309
-3.49477
-0.0470534
-0.402528
-1.93773
-2.04832
-3.26289
-1.58915
-2.60167
-1.92766
-2.38685
0
-0.623219
-1.26463
-1.30025
-1.23336
-2.14159
-2.75457
-2.26377
0.499168
-1.78221
-0.622236
-2.96585
-0.234004
-1.97327
-1.53944
-2.40693
-2.58459
-1.43725
-2.49528
-2.95951
-3.21829
-0.301469
-1.9596
-4.28658
-3.50037
-1.98229
-3.19765
-0.623219
0
-1.25146
-1.7725
-2.76039
-2.06843
-2.94371
-4.15241
-1.7369
-2.89913
-2.85948
-1.90617
-1.60399
-1.97159
-4.0362
-2.40986
-3.96554
-0.545088
-2.88142
-0.917462
-1.00223
-2.04331
-2.92621
-2.14209
-2.56084
-3.40812
-2.9643
-1.26463
-1.25146
0
-2.22823
-2.1643
0.0656594
-2.79803
-3.68186
-4.00623
-1.37106
-2.49338
-1.66586
-0.720322
-1.43934
-1.29122
-3.34271
-1.86888
-2.25446
-1.80116
-1.29624
-3.22912
-1.99346
-3.18389
-1.8813
-3.22847
-3.37483
-2.58875
-1.30025
-1.7725
-2.22823
0
-1.848
-1.82555
-1.55728
-3.07182
-1.92291
-2.56798
0.522268
-3.19283
-1.41646
-1.90017
-1.05656
-2.9774
-0.554901
-2.88164
-1.87073
-1.93109
-1.65293
-2.39276
-5.10957
-2.92847
-0.523903
-2.25396
-2.25189
-1.23336
-2.76039
-2.1643
-1.848
0
-2.5289
-2.36249
-3.15275
-0.725394
-1.96867
-1.6941
-1.33623
-1.30441
-3.46771
-1.36355
-3.32589
-1.99822
-1.70114
-3.34746
-2.33474
-2.45919
-2.12312
-2.32432
-3.30435
-2.43661
-1.3786
-2.91588
-2.14159
-2.06843
0.0656594
-1.82555
-2.5289
0
-2.37881
-3.29433
-3.61004
-1.16397
-2.35987
-2.68652
-2.58099
-2.43744
-1.68369
-2.28672
-1.80921
-2.00532
-1.56416
-0.286006
-3.17998
-1.73406
-3.30821
-0.579497
-2.61318
-0.105309
-2.09748
-2.75457
-2.94371
-2.79803
-1.55728
-2.36249
-2.37881
0
-1.26659
-2.25851
-1.92196
-3.39476
-0.831785
-2.18549
-1.94168
-0.317155
-2.01369
-4.27217
-1.7923
-3.92914
-2.20084
-1.40831
-3.29369
-0.73528
-2.75823
-2.53838
-1.906
-0.73762
-2.26377
-4.15241
-3.68186
-3.07182
-3.15275
-3.29433
-1.26659
0
-0.5911
-2.1125
-1.91437
-1.41102
-3.02292
-1.36761
-1.64216
-3.91349
0.20272
-2.54956
-3.9628
-4.53402
-2.93393
-1.10037
-0.281647
-1.82867
-1.37907
-2.37208
-2.29031
0.499168
-1.7369
-4.00623
-1.92291
-0.725394
-3.61004
-2.25851
-0.5911
0
-2.9332
-1.78175
-1.91495
-2.8222
-1.43315
-1.93041
-2.64625
-1.43132
-3.71283
-1.55586
-3.63471
-1.11782
-3.07066
-1.98215
-0.866223
-2.22193
-2.39169
-0.999054
-1.78221
-2.89913
-1.37106
-2.56798
-1.96867
-1.16397
-1.92196
-2.1125
-2.9332
0
-1.95184
-1.56484
-2.25453
-4.7254
-1.2585
-2.06683
-3.841
-1.03079
-2.69566
-1.71725
-1.00785
-1.80504
-1.24587
-2.10375
-1.24957
-1.84354
-0.21783
-0.622236
-2.85948
-2.49338
0.522268
-1.6941
-2.35987
-3.39476
-1.91437
-1.78175
-1.95184
0
-0.576765
-3.09622
-3.13546
-1.19543
-4.09532
-1.98182
-2.2938
-3.15592
-1.71137
-0.77396
-1.49817
-0.924829
-3.48409
-0.800581
-2.76569
-2.82989
-2.96585
-1.90617
-1.66586
-3.19283
-1.33623
-2.68652
-0.831785
-1.41102
-1.91495
-1.56484
-0.576765
0
-2.07992
-2.33227
-1.43628
-2.26143
-2.50649
-1.29746
-2.21338
-2.41548
-2.79385
-0.941396
-2.86838
-3.43659
-1.70531
-3.46386
-1.82997
-0.234004
-1.60399
-0.720322
-1.41646
-1.30441
-2.58099
-2.18549
-3.02292
-2.8222
-2.25453
-3.09622
-2.07992
0
-3.11297
-1.81465
-2.54141
-2.34492
-1.49254
-2.19007
-1.87061
-1.16021
-1.14408
-1.05322
-1.85963
-1.65196
-1.58508
-2.80882
-1.97327
-1.97159
-1.43934
-1.90017
-3.46771
-2.43744
-1.94168
-1.36761
-1.43315
-4.7254
-3.13546
-2.33227
-3.11297
0
-2.90127
-1.08551
-2.23256
-3.58661
-2.15838
-3.30995
-2.84303
-1.05222
-1.61809
-1.98058
-0.882665
-2.76
0.253286
-1.53944
-4.0362
-1.29122
-1.05656
-1.36355
-1.68369
-0.317155
-1.64216
-1.93041
-1.2585
-1.19543
-1.43628
-1.81465
-2.90127
0
-2.07294
-2.10578
-3.28881
-0.61115
-2.20283
-2.50208
-2.67712
-2.36825
-3.43129
-1.51064
-1.48565
-1.17859
-2.40693
-2.40986
-3.34271
-2.9774
-3.32589
-2.28672
-2.01369
-3.91349
-2.64625
-2.06683
-4.09532
-2.26143
-2.54141
-1.08551
-2.07294
0
-2.26326
-1.71209
-2.29933
-2.83017
-1.50126
-2.62584
-1.87846
-1.48213
-3.48266
-2.03209
-2.17309
-2.58459
-3.96554
-1.86888
-0.554901
-1.99822
-1.80921
-4.27217
0.20272
-1.43132
-3.841
-1.98182
-2.50649
-2.34492
-2.23256
-2.10578
-2.26326
0
0.418669
-2.35974
-2.38115
-1.77257
-1.12221
-1.3743
-1.75244
0.577987
-1.84206
-3.49477
-1.43725
-0.545088
-2.25446
-2.88164
-1.70114
-2.00532
-1.7923
-2.54956
-3.71283
-1.03079
-2.2938
-1.29746
-1.49254
-3.58661
-3.28881
-1.71209
0.418669
0
-1.22456
-2.02755
-2.22499
0.327791
-1.63438
-0.786756
-0.259897
-1.32067
-0.0470534
-2.49528
-2.88142
-1.80116
-1.87073
-3.34746
-1.56416
-3.92914
-3.9628
-1.55586
-2.69566
-3.15592
-2.21338
-2.19007
-2.15838
-0.61115
-2.29933
-2.35974
-1.22456
0
-2.93237
-3.15838
-1.95545
-2.83054
-2.55747
-0.445667
-2.84536
-0.402528
-2.95951
-0.917462
-1.29624
-1.93109
-2.33474
-0.286006
-2.20084
-4.53402
-3.63471
-1.71725
-1.71137
-2.41548
-1.87061
-3.30995
-2.20283
-2.83017
-2.38115
-2.02755
-2.93237
0
-2.14801
-0.730001
-1.9078
-1.85057
-2.64365
-1.79804
-1.93773
-3.21829
-1.00223
-3.22912
-1.65293
-2.45919
-3.17998
-1.40831
-2.93393
-1.11782
-1.00785
-0.77396
-2.79385
-1.16021
-2.84303
-2.50208
-1.50126
-1.77257
-2.22499
-3.15838
-2.14801
0
-4.97515
-1.68047
-0.919003
-2.53318
-3.34878
-2.04832
-0.301469
-2.04331
-1.99346
-2.39276
-2.12312
-1.73406
-3.29369
-1.10037
-3.07066
-1.80504
-1.49817
-0.941396
-1.14408
-1.05222
-2.67712
-2.62584
-1.12221
0.327791
-1.95545
-0.730001
-4.97515
0
-2.39506
-3.62651
-2.32252
-2.25647
-3.26289
-1.9596
-2.92621
-3.18389
-5.10957
-2.32432
-3.30821
-0.73528
-0.281647
-1.98215
-1.24587
-0.924829
-2.86838
-1.05322
-1.61809
-2.36825
-1.87846
-1.3743
-1.63438
-2.83054
-1.9078
-1.68047
-2.39506
0
-3.28566
-4.46112
0.102313
-1.58915
-4.28658
-2.14209
-1.8813
-2.92847
-3.30435
-0.579497
-2.75823
-1.82867
-0.866223
-2.10375
-3.48409
-3.43659
-1.85963
-1.98058
-3.43129
-1.48213
-1.75244
-0.786756
-2.55747
-1.85057
-0.919003
-3.62651
-3.28566
0
-2.65037
-1.29043
-2.60167
-3.50037
-2.56084
-3.22847
-0.523903
-2.43661
-2.61318
-2.53838
-1.37907
-2.22193
-1.24957
-0.800581
-1.70531
-1.65196
-0.882665
-1.51064
-3.48266
0.577987
-0.259897
-0.445667
-2.64365
-2.53318
-2.32252
-4.46112
-2.65037
0
