0
-3.06689
-1.5238
-0.790496
-2.80285
-4.004
-1.18984
-2.1791
-2.05432
-1.10125
-1.46923
-2.92882
-1.78403
-2.56072
-3.10576
-2.22986
-1.1147
-1.87736
-1.59426
-0.625705
-3.56316
-2.51353
-2.46745
-1.63796
1.32665
0.500307
-3.1276
-3.06689
0
-2.3405
-0.921822
-3.10176
-0.289351
-1.9404
-1.42548
-2.67668
-1.25474
-1.28273
-1.64406
0.430263
-1.53558
-4.49963
-2.79986
-1.95559
-0.179409
-1.58685
-2.4433
-0.636655
-3.56711
-3.00263
-2.39985
-2.61073
-2.4163
-1.6609
-1.5238
-2.3405
0
-2.43193
-2.06318
-2.175
-0.443592
-1.87321
-2.46847
-1.02845
-1.6156
-0.749165
-2.11296
-4.12139
-2.98429
-2.60929
-1.10575
-3.57976
-2.87141
-1.48557
-1.29949
-2.3695
-3.37397
-0.478603
-3.44308
-2.23926
-0.935855
-0.790496
-0.921822
-2.43193
0
-3.49215
-1.39698
-1.86406
-0.906951
-1.80777
-2.3916
-1.77818
0.801938
-0.113059
-1.47109
-2.64775
-1.04046
-1.42859
-2.6556
-2.27089
-1.74467
0.0331707
-0.499559
-1.51823
-2.82787
-3.12977
-3.47556
-2.43144
-2.80285
-3.10176
-2.06318
-3.49215
0
-1.54932
-0.319085
-1.85888
-2.26155
-2.44443
-0.353643
-3.75065
-2.3392
-2.5272
-1.21015
-2.59399
-0.209301
-2.54506
-0.482654
-2.56936
-1.665
-2.1008
-1.08784
-1.03852
-1.62111
-2.49356
-1.59899
-4.004
-0.289351
-2.175
-1.39698
-1.54932
0
-2.27611
-1.00274
-1.14693
-1.98217
-1.71908
-0.617836
-1.17855
-2.82156
-0.359174
-2.80452
-1.0111
-1.43834
-2.5073
-2.28985
-2.15934
-2.69347
-1.3163
-3.21851
-0.430384
-2.263
-2.11213
-1.18984
-1.9404
-0.443592
-1.86406
-0.319085
-2.27611
0
-1.95602
-1.76035
-2.74394
-1.3099
-0.975266
-2.88933
-1.78099
-0.255903
-1.66676
-2.04705
-3.07461
-1.92447
-1.16714
-2.1706
-1.00708
-1.95436
-2.12273
-1.25632
-2.452
-2.17703
-2.1791
-1.42548
-1.87321
-0.906951
-1.85888
-1.00274
-1.95602
0
-0.665867
-1.61739
-1.97621
-4.33034
-1.55658
-3.16122
-1.94532
-1.53406
-2.20556
-2.85769
-1.73818
-1.22041
-3.34633
-1.33949
-1.15514
-3.64111
-2.6611
-2.03863
-0.745836
-2.05432
-2.67668
-2.46847
-1.80777
-2.26155
-1.14693
-1.76035
-0.665867
0
-0.456119
-1.97649
0.309807
-3.78106
-2.65863
-2.74426
-2.92062
-1.62917
-1.32415
-2.34762
-1.37428
-2.90603
-1.16412
-2.37401
-1.78071
-2.65627
-1.66445
-3.31339
-1.10125
-1.25474
-1.02845
-2.3916
-2.44443
-1.98217
-2.74394
-1.61739
-0.456119
0
-1.81032
-1.75374
-1.29609
-2.68221
-1.69703
-1.81671
-3.44021
-1.54335
-1.55314
-3.37078
-4.3978
-0.973661
-2.9023
-2.29721
-0.449893
-1.5862
-0.978779
-1.46923
-1.28273
-1.6156
-1.77818
-0.353643
-1.71908
-1.3099
-1.97621
-1.97649
-1.81032
0
-1.70737
-3.29831
-1.26376
-3.45803
-2.67848
-1.88898
-1.35022
-0.830902
-2.66778
-2.01308
-2.04173
-1.38599
-1.51392
-2.29195
-1.29052
-2.23146
-2.92882
-1.64406
-0.749165
0.801938
-3.75065
-0.617836
-0.975266
-4.33034
0.309807
-1.75374
-1.70737
0
-2.43777
-1.28674
-3.11318
-2.0636
-2.04003
-3.35588
-1.02507
-2.68594
-2.42196
-3.49094
-3.91319
-2.72278
-2.26318
-0.701747
-1.57441
-1.78403
0.430263
-2.11296
-0.113059
-2.3392
-1.17855
-2.88933
-1.55658
-3.78106
-1.29609
-3.29831
-2.43777
0
-1.91026
-2.56367
-2.07437
-2.21586
-1.42855
-2.28258
-1.51595
-2.80404
-2.44531
0.575714
-0.961583
-3.53148
-1.64073
-1.64553
-2.56072
-1.53558
-4.12139
-1.47109
-2.5272
-2.82156
-1.78099
-3.16122
-2.65863
-2.68221
-1.26376
-1.28674
-1.91026
0
-1.02463
-3.03173
-3.01199
-1.88328
-0.673676
-2.18605
-1.56022
-0.972232
-1.2886
-3.21861
-1.81485
-2.55612
-1.87763
-3.10576
-4.49963
-2.98429
-2.64775
-1.21015
-0.359174
-0.255903
-1.94532
-2.74426
-1.69703
-3.45803
-3.11318
-2.56367
-1.02463
0
-2.9306
-4.28091
-0.992093
-3.03078
-3.05608
-1.36776
0.00703196
-1.63362
-1.96737
-1.47269
-1.96333
-2.48901
-2.22986
-2.79986
-2.60929
-1.04046
-2.59399
-2.80452
-1.66676
-1.53406
-2.92062
-1.81671
-2.67848
-2.0636
-2.07437
-3.03173
-2.9306
0
-2.56439
-2.98517
-3.2718
-1.61173
-1.5947
-2.38312
-1.4739
-0.535183
-1.94531
-3.64498
-1.15178
-1.1147
-1.95559
-1.10575
-1.42859
-0.209301
-1.0111
-2.04705
-2.20556
-1.62917
-3.44021
-1.88898
-2.04003
-2.21586
-3.01199
-4.28091
-2.56439
0
-1.42069
-2.61244
-3.18492
-2.80111
-0.916246
-1.39726
-1.81052
-1.98966
-3.35794
-1.50958
-1.87736
-0.179409
-3.57976
-2.6556
-2.54506
-1.43834
-3.07461
-2.85769
-1.32415
-1.54335
-1.35022
-3.35588
-1.42855
-1.88328
-0.992093
-2.98517
-1.42069
0
-3.23195
-0.691914
-2.81497
-1.41626
-1.48745
-0.188054
-1.23436
-3.69872
-2.57396
-1.59426
-1.58685
-2.87141
-2.27089
-0.482654
-2.5073
-1.92447
-1.73818
-2.34762
-1.55314
-0.830902
-1.02507
-2.28258
-0.673676
-3.03078
-3.2718
-2.61244
-3.23195
0
-2.09321
-1.01654
-2.39956
-3.66323
-1.42774
-2.59924
-1.97706
-3.18534
-0.625705
-2.4433
-1.48557
-1.74467
-2.56936
-2.28985
-1.16714
-1.22041
-1.37428
-3.37078
-2.66778
-2.68594
-1.51595
-2.18605
-3.05608
-1.61173
-3.18492
-0.691914
-2.09321
0
-1.67727
-2.70806
-2.12738
-3.71375
-2.86796
-2.52085
0.723174
-3.56316
-0.636655
-1.29949
0.0331707
-1.665
-2.15934
-2.1706
-3.34633
-2.90603
-4.3978
-2.01308
-2.42196
-2.80404
-1.56022
-1.36776
-1.5947
-2.80111
-2.81497
-1.01654
-1.67727
0
-1.99506
-0.359132
-1.84811
-2.12704
-3.0456
0.0232102
-2.51353
-3.56711
-2.3695
-0.499559
-2.1008
-2.69347
-1.00708
-1.33949
-1.16412
-0.973661
-2.04173
-3.49094
-2.44531
-0.972232
0.00703196
-2.38312
-0.916246
-1.41626
-2.39956
-2.70806
-1.99506
0
-1.04954
-1.69772
-3.60308
-1.84099
-0.596395
-2.46745
-3.00263
-3.37397
-1.51823
-1.08784
-1.3163
-1.95436
-1.15514
-2.37401
-2.9023
-1.38599
-3.91319
0.575714
-1.2886
-1.63362
-1.4739
-1.39726
-1.48745
-3.66323
-2.12738
-0.359132
-1.04954
0
-2.95265
-1.18093
-1.56234
-3.35636
-1.63796
-2.39985
-0.478603
-2.82787
-1.03852
-3.21851
-2.12273
-3.64111
-1.78071
-2.29721
-1.51392
-2.72278
-0.961583
-3.21861
-1.96737
-0.535183
-1.81052
-0.188054
-1.42774
-3.71375
-1.84811
-1.69772
-2.95265
0
-1.87521
-1.62684
-2.68328
1.32665
-2.61073
-3.44308
-3.12977
-1.62111
-0.430384
-1.25632
-2.6611
-2.65627
-0.449893
-2.29195
-2.26318
-3.53148
-1.81485
-1.47269
-1.94531
-1.98966
-1.23436
-2.59924
-2.86796
-2.12704
-3.60308
-1.18093
-1.87521
0
-2.42653
-3.03669
0.500307
-2.4163
-2.23926
-3.47556
-2.49356
-2.263
-2.452
-2.03863
-1.66445
-1.5862
-1.29052
-0.701747
-1.64073
-2.55612
-1.96333
-3.64498
-3.35794
-3.69872
-1.97706
-2.52085
-3.0456
-1.84099
-1.56234
-1.62684
-2.42653
0
0.268734
-3.1276
-1.6609
-0.935855
-2.43144
-1.59899
-2.11213
-2.17703
-0.745836
-3.31339
-0.978779
-2.23146
-1.57441
-1.64553
-1.87763
-2.48901
-1.15178
-1.50958
-2.57396
-3.18534
0.723174
0.0232102
-0.596395
-3.35636
-2.68328
-3.03669
0.268734
0
