0
-3.26673
-2.05558
-2.21067
-1.9789
-2.36569
-1.13399
-2.74017
-1.8759
-1.48171
-2.57008
-1.79382
-1.35777
-1.07016
-2.61793
-1.66468
-2.67537
-1.04957
-2.81101
-1.37581
-1.72882
-2.74566
-3.11284
-2.29085
-2.98976
-1.64338
-0.530101
-3.26673
0
-1.10075
-2.33357
-2.11221
-1.93565
-2.8251
-1.10525
-2.19771
-3.75221
-2.75622
-2.47613
-3.56733
-2.71413
-0.257325
-3.17551
-2.20917
-1.76403
-2.71288
0.419095
-0.786074
-0.823758
-2.14438
-1.33136
-2.12175
-2.2706
-2.39235
-2.05558
-1.10075
0
-1.93833
-2.50832
-3.14889
-1.67565
-3.29968
-0.74215
-0.894073
-3.04105
-2.21022
-1.83934
-3.73199
-3.00222
-2.50054
-2.31529
-2.79657
-3.13079
-4.11207
-2.67612
-2.47126
-2.35789
-1.51338
-2.35119
-2.20701
-1.41914
-2.21067
-2.33357
-1.93833
0
-3.0589
-1.8536
-3.28079
-2.32932
0.140956
-2.08758
-2.60728
-1.95934
-1.89348
-1.75422
-3.62159
-1.60579
-0.824632
-3.15003
-0.896651
-1.92927
-2.33333
-1.33498
-1.03812
-1.21556
-1.83069
-0.688441
-2.69352
-1.9789
-2.11221
-2.50832
-3.0589
0
-2.10839
-1.14584
-2.00152
-1.62879
-1.02987
-2.69084
-1.12339
-1.08491
-1.86596
-1.75171
-4.49402
-1.87899
-0.593263
-2.20658
-1.09658
-2.81402
-0.949549
-4.99511
-1.74227
-0.0703289
-0.277043
-3.01261
-2.36569
-1.93565
-3.14889
-1.8536
-2.10839
0
-3.29513
-3.81513
-2.49945
-1.23203
-3.23266
-2.45669
-1.80043
-3.08203
-3.74911
-1.58533
-1.61373
-0.654771
-2.7111
-2.16093
-2.5435
-1.72525
-2.31455
-2.18771
-1.5373
-2.61361
-0.740205
-1.13399
-2.8251
-1.67565
-3.28079
-1.14584
-3.29513
0
-2.74096
-1.50754
-1.08484
-2.47171
-1.3593
-1.78273
-2.94821
-2.39588
-0.774689
-1.85243
-2.08805
-1.71245
0.524754
-2.21885
-1.30218
-2.91702
-2.9784
-1.1978
-2.76164
-2.38855
-2.74017
-1.10525
-3.29968
-2.32932
-2.00152
-3.81513
-2.74096
0
-2.00206
-2.2255
-2.87288
-0.856736
-1.45516
-2.6368
-2.08605
-3.42652
-1.02654
-1.57249
-1.79288
-3.68251
-1.47426
-4.51744
-2.23484
-1.85082
-2.03672
-2.25134
-3.34
-1.8759
-2.19771
-0.74215
0.140956
-1.62879
-2.49945
-1.50754
-2.00206
0
-1.88186
-1.38168
-1.18646
-3.03903
-0.889702
-1.72282
-0.250015
-2.37651
-3.1551
-1.5318
-2.56915
-1.55951
-1.07134
0.0583352
-1.70781
-2.05507
-3.70522
-0.812363
-1.48171
-3.75221
-0.894073
-2.08758
-1.02987
-1.23203
-1.08484
-2.2255
-1.88186
0
-1.65587
-1.5871
-2.2687
-2.69443
0.435729
-1.86104
-1.05353
-2.28766
-1.62366
-2.91973
-1.27704
-1.58069
-1.83461
-2.14486
-2.17826
-2.54345
-2.33323
-2.57008
-2.75622
-3.04105
-2.60728
-2.69084
-3.23266
-2.47171
-2.87288
-1.38168
-1.65587
0
-1.90081
-2.27644
-3.80184
-1.74532
-4.58955
-1.17824
-3.10268
-1.54336
-4.94064
-2.83504
-2.0898
1.31735
-2.11731
-3.16075
-2.2323
-2.08918
-1.79382
-2.47613
-2.21022
-1.95934
-1.12339
-2.45669
-1.3593
-0.856736
-1.18646
-1.5871
-1.90081
0
-1.02354
-1.72206
-1.02915
-1.491
-2.15743
-2.68902
-0.539727
-3.43708
-0.92853
-2.73058
-1.44249
-4.63559
-2.23604
0.331025
-1.50603
-1.35777
-3.56733
-1.83934
-1.89348
-1.08491
-1.80043
-1.78273
-1.45516
-3.03903
-2.2687
-2.27644
-1.02354
0
-2.26364
-2.82856
-1.1822
-0.871918
-3.07648
-0.669498
-2.54
-0.280079
-2.03388
-0.0422227
-0.996854
-1.46821
-2.63647
-1.34899
-1.07016
-2.71413
-3.73199
-1.75422
-1.86596
-3.08203
-2.94821
-2.6368
-0.889702
-2.69443
-3.80184
-1.72206
-2.26364
0
-2.18668
-1.72853
-2.64159
-3.00889
-2.27079
-1.71277
-2.50716
-1.59694
-1.24987
-1.36413
-2.02515
-1.8367
-2.25341
-2.61793
-0.257325
-3.00222
-3.62159
-1.75171
-3.74911
-2.39588
-2.08605
-1.72282
0.435729
-1.74532
-1.02915
-2.82856
-2.18668
0
-2.66482
-1.66787
-2.57904
-1.4046
-1.74662
-1.98761
-0.655337
-2.32078
-3.36583
-2.09112
-2.60951
-1.4332
-1.66468
-3.17551
-2.50054
-1.60579
-4.49402
-1.58533
-0.774689
-3.42652
-0.250015
-1.86104
-4.58955
-1.491
-1.1822
-1.72853
-2.66482
0
-2.70824
-2.69485
-1.81386
-0.876199
-1.07035
-1.04597
-2.78867
-0.14563
-2.65808
-1.88324
-2.02415
-2.67537
-2.20917
-2.31529
-0.824632
-1.87899
-1.61373
-1.85243
-1.02654
-2.37651
-1.05353
-1.17824
-2.15743
-0.871918
-2.64159
-1.66787
-2.70824
0
-0.960308
-2.09322
-2.59748
-2.32264
-2.04157
-3.7163
-1.42564
-1.64666
-3.51842
-1.64046
-1.04957
-1.76403
-2.79657
-3.15003
-0.593263
-0.654771
-2.08805
-1.57249
-3.1551
-2.28766
-3.10268
-2.68902
-3.07648
-3.00889
-2.57904
-2.69485
-0.960308
0
-3.40306
-3.00783
-1.03534
1.04419
-1.38139
-2.39858
0.29353
-3.10897
-1.05961
-2.81101
-2.71288
-3.13079
-0.896651
-2.20658
-2.7111
-1.71245
-1.79288
-1.5318
-1.62366
-1.54336
-0.539727
-0.669498
-2.27079
-1.4046
-1.81386
-2.09322
-3.40306
0
-2.75726
-1.60764
-2.35013
-3.11245
-0.433195
-2.31513
-2.97698
-0.918219
-1.37581
0.419095
-4.11207
-1.92927
-1.09658
-2.16093
0.524754
-3.68251
-2.56915
-2.91973
-4.94064
-3.43708
-2.54
-1.71277
-1.74662
-0.876199
-2.59748
-3.00783
-2.75726
0
-2.04528
-1.55747
-2.8494
-2.21492
-2.37226
-2.66388
-1.14812
-1.72882
-0.786074
-2.67612
-2.33333
-2.81402
-2.5435
-2.21885
-1.47426
-1.55951
-1.27704
-2.83504
-0.92853
-0.280079
-2.50716
-1.98761
-1.07035
-2.32264
-1.03534
-1.60764
-2.04528
0
-0.784833
-3.17446
-2.89637
-2.89468
-1.02789
-1.54795
-2.74566
-0.823758
-2.47126
-1.33498
-0.949549
-1.72525
-1.30218
-4.51744
-1.07134
-1.58069
-2.0898
-2.73058
-2.03388
-1.59694
-0.655337
-1.04597
-2.04157
1.04419
-2.35013
-1.55747
-0.784833
0
-2.49071
-3.65016
-2.82287
-0.983529
-2.29487
-3.11284
-2.14438
-2.35789
-1.03812
-4.99511
-2.31455
-2.91702
-2.23484
0.0583352
-1.83461
1.31735
-1.44249
-0.0422227
-1.24987
-2.32078
-2.78867
-3.7163
-1.38139
-3.11245
-2.8494
-3.17446
-2.49071
0
-2.47114
0.816142
-2.00227
-3.01807
-2.29085
-1.33136
-1.51338
-1.21556
-1.74227
-2.18771
-2.9784
-1.85082
-1.70781
-2.14486
-2.11731
-4.63559
-0.996854
-1.36413
-3.36583
-0.14563
-1.42564
-2.39858
-0.433195
-2.21492
-2.89637
-3.65016
-2.47114
0
-2.37279
-2.86603
-3.15372
-2.98976
-2.12175
-2.35119
-1.83069
-0.0703289
-1.5373
-1.1978
-2.03672
-2.05507
-2.17826
-3.16075
-2.23604
-1.46821
-2.02515
-2.09112
-2.65808
-1.64666
0.29353
-2.31513
-2.37226
-2.89468
-2.82287
0.816142
-2.37279
0
-0.751993
-1.24007
-1.64338
-2.2706
-2.20701
-0.688441
-0.277043
-2.61361
-2.76164
-2.25134
-3.70522
-2.54345
-2.2323
0.331025
-2.63647
-1.8367
-2.60951
-1.88324
-3.51842
-3.10897
-2.97698
-2.66388
-1.02789
-0.983529
-2.00227
-2.86603
-0.751993
0
-2.55233
-0.530101
-2.39235
-1.41914
-2.69352
-3.01261
-0.740205
-2.38855
-3.34
-0.812363
-2.33323
-2.08918
-1.50603
-1.34899
-2.25341
-1.4332
-2.02415
-1.64046
-1.05961
-0.918219
-1.14812
-1.54795
-2.29487
-3.01807
-3.15372
-1.24007
-2.55233
0
