0
-0.199438
-1.79669
-2.99376
-2.1734
-1.95158
-3.63405
-1.81529
-1.26574
-1.8979
-1.89588
-2.22913
-2.99001
-1.47777
-2.72673
-3.88003
-0.0839633
-1.25658
-4.53035
-2.69672
-2.8402
-2.00661
-3.41091
-0.249579
-1.80309
-1.58539
-1.08064
-0.199438
0
-0.460323
-0.459238
-0.886491
-1.61074
-2.01479
-4.49036
-2.8275
-3.79129
-2.32656
0.104348
-1.27375
-2.31139
-3.49168
-1.75504
-3.18088
-1.24346
-2.08306
-1.99891
-1.73645
-1.61315
-0.522976
-2.0625
-0.814223
-4.58432
-2.06995
-1.79669
-0.460323
0
0.291683
-3.42849
-2.13342
-1.79546
-1.89287
-2.83371
-1.68796
-1.70373
-0.699867
-1.29655
-0.317032
-0.958638
-0.850762
-3.46998
-3.11546
-1.22545
-2.07349
-1.71181
-1.82882
-0.355414
-0.297047
-1.51148
-1.01617
-1.28974
-2.99376
-0.459238
0.291683
0
-2.0989
-1.64907
-1.96134
-0.709345
-2.46428
-2.52144
-2.64115
-3.26612
-3.11836
-0.163208
-2.687
-4.39707
-3.94476
-3.36174
-1.691
-1.35804
-1.17946
-0.552113
-3.41481
-2.37732
-2.8536
-1.72296
-1.28358
-2.1734
-0.886491
-3.42849
-2.0989
0
-3.08158
-1.51514
-2.26677
-1.8861
-1.64802
-2.04752
-2.07423
-1.82469
-0.449952
-3.76589
-1.52785
-1.53357
-1.59413
-2.27015
-4.99728
-3.22986
-2.04215
-0.714156
-1.10113
-2.57025
-2.0847
-1.92046
-1.95158
-1.61074
-2.13342
-1.64907
-3.08158
0
-1.25917
-2.74605
-1.07913
-0.132785
-1.68194
-1.34174
-2.12551
-1.21626
-1.3732
-1.33343
-1.01424
-2.92888
-2.8899
-3.0752
-2.29123
-3.02308
-0.400093
-2.94074
-2.60973
-2.97531
-1.99309
-3.63405
-2.01479
-1.79546
-1.96134
-1.51514
-1.25917
0
-2.46456
-1.74271
-1.74481
-2.64695
-0.490489
-2.49678
-2.34608
-0.47484
-1.75766
-1.57016
-1.16915
-2.33656
-3.29043
-1.32845
-2.2335
-3.06644
-0.333185
-2.7511
-1.80096
-1.32857
-1.81529
-4.49036
-1.89287
-0.709345
-2.26677
-2.74605
-2.46456
0
-1.42613
-0.364636
-1.0474
-1.54812
-2.16255
-0.18203
-2.22988
-1.64365
-3.0672
-2.55094
-1.40271
-1.87744
-0.518647
-1.23989
-1.96896
-2.87492
-1.60584
-2.35689
-1.87541
-1.26574
-2.8275
-2.83371
-2.46428
-1.8861
-1.07913
-1.74271
-1.42613
0
-2.23545
-2.08881
-2.13552
-0.792421
-2.44215
-2.91013
-1.599
-3.00424
-3.25497
-1.82045
-1.1487
-0.824803
-3.47618
0.49176
-3.3352
-1.82968
-2.11384
-2.6518
-1.8979
-3.79129
-1.68796
-2.52144
-1.64802
-0.132785
-1.74481
-0.364636
-2.23545
0
-2.19053
-0.972804
-1.28045
0.616329
-2.06625
-2.37874
-1.85748
-0.186346
-0.742212
-3.35888
-2.43238
-1.84954
-1.94523
-2.83952
-3.75678
-2.41427
-1.67265
-1.89588
-2.32656
-1.70373
-2.64115
-2.04752
-1.68194
-2.64695
-1.0474
-2.08881
-2.19053
0
-1.13252
-3.25406
-2.0796
-1.73142
-1.05094
-2.02015
-2.67239
-3.12845
-0.833004
-4.1635
-1.10935
-2.93033
-2.0312
-2.48672
-1.25818
-1.44913
-2.22913
0.104348
-0.699867
-3.26612
-2.07423
-1.34174
-0.490489
-1.54812
-2.13552
-0.972804
-1.13252
0
-2.55825
-2.81049
-0.709444
-1.5432
-1.43592
-3.4826
-2.17679
-1.63252
-2.82991
-0.464342
-1.66129
-1.79465
-2.85241
-2.20455
-1.0681
-2.99001
-1.27375
-1.29655
-3.11836
-1.82469
-2.12551
-2.49678
-2.16255
-0.792421
-1.28045
-3.25406
-2.55825
0
-2.40733
-2.53569
-3.50732
-0.8594
-1.37478
-3.50904
-2.61953
-1.79019
-1.80217
-3.32069
-2.11662
-2.69044
-1.19487
-0.874832
-1.47777
-2.31139
-0.317032
-0.163208
-0.449952
-1.21626
-2.34608
-0.18203
-2.44215
0.616329
-2.0796
-2.81049
-2.40733
0
-2.79893
-0.142333
-1.84586
-2.0756
-0.955447
0.336334
-3.58415
-1.53151
-3.14849
-2.59803
-2.11294
-1.52563
-1.41996
-2.72673
-3.49168
-0.958638
-2.687
-3.76589
-1.3732
-0.47484
-2.22988
-2.91013
-2.06625
-1.73142
-0.709444
-2.53569
-2.79893
0
-0.933576
-1.6107
-1.81711
-2.2195
-0.837656
-0.93102
-1.33714
-1.6215
-1.64064
-2.70376
-0.976546
-3.11964
-3.88003
-1.75504
-0.850762
-4.39707
-1.52785
-1.33343
-1.75766
-1.64365
-1.599
-2.37874
-1.05094
-1.5432
-3.50732
-0.142333
-0.933576
0
-2.33705
-1.41419
-1.73449
-0.619762
-1.07713
-2.02195
-2.32885
-2.83881
-2.23422
-2.04082
-1.64392
-0.0839633
-3.18088
-3.46998
-3.94476
-1.53357
-1.01424
-1.57016
-3.0672
-3.00424
-1.85748
-2.02015
-1.43592
-0.8594
-1.84586
-1.6107
-2.33705
0
-1.48866
-2.77957
-0.483504
-2.68641
-2.37671
-2.46908
-2.05686
-2.70317
-0.455016
-1.30415
-1.25658
-1.24346
-3.11546
-3.36174
-1.59413
-2.92888
-1.16915
-2.55094
-3.25497
-0.186346
-2.67239
-3.4826
-1.37478
-2.0756
-1.81711
-1.41419
-1.48866
0
-1.33299
-1.41285
-2.51272
0.136859
-2.28761
-1.01604
-0.748911
-1.33413
-1.7193
-4.53035
-2.08306
-1.22545
-1.691
-2.27015
-2.8899
-2.33656
-1.40271
-1.82045
-0.742212
-3.12845
-2.17679
-3.50904
-0.955447
-2.2195
-1.73449
-2.77957
-1.33299
0
-1.89062
-1.53703
-2.94202
-1.16239
-3.61572
-2.14615
-1.76636
0.0236978
-2.69672
-1.99891
-2.07349
-1.35804
-4.99728
-3.0752
-3.29043
-1.87744
-1.1487
-3.35888
-0.833004
-1.63252
-2.61953
0.336334
-0.837656
-0.619762
-0.483504
-1.41285
-1.89062
0
-1.11748
-2.37982
-1.7429
-1.85318
-0.58799
-2.48088
-0.464629
-2.8402
-1.73645
-1.71181
-1.17946
-3.22986
-2.29123
-1.32845
-0.518647
-0.824803
-2.43238
-4.1635
-2.82991
-1.79019
-3.58415
-0.93102
-1.07713
-2.68641
-2.51272
-1.53703
-1.11748
0
-1.74118
-3.09142
-1.70801
-0.597932
-1.26543
-3.5227
-2.00661
-1.61315
-1.82882
-0.552113
-2.04215
-3.02308
-2.2335
-1.23989
-3.47618
-1.84954
-1.10935
-0.464342
-1.80217
-1.53151
-1.33714
-2.02195
-2.37671
0.136859
-2.94202
-2.37982
-1.74118
0
-1.9291
-5.37996
-0.588027
-1.38065
-0.536857
-3.41091
-0.522976
-0.355414
-3.41481
-0.714156
-0.400093
-3.06644
-1.96896
0.49176
-1.94523
-2.93033
-1.66129
-3.32069
-3.14849
-1.6215
-2.32885
-2.46908
-2.28761
-1.16239
-1.7429
-3.09142
-1.9291
0
-2.64071
-2.09943
-3.32181
-1.09984
-0.249579
-2.0625
-0.297047
-2.37732
-1.10113
-2.94074
-0.333185
-2.87492
-3.3352
-2.83952
-2.0312
-1.79465
-2.11662
-2.59803
-1.64064
-2.83881
-2.05686
-1.01604
-3.61572
-1.85318
-1.70801
-5.37996
-2.64071
0
-0.554619
-1.51278
-2.25631
-1.80309
-0.814223
-1.51148
-2.8536
-2.57025
-2.60973
-2.7511
-1.60584
-1.82968
-3.75678
-2.48672
-2.85241
-2.69044
-2.11294
-2.70376
-2.23422
-2.70317
-0.748911
-2.14615
-0.58799
-0.597932
-0.588027
-2.09943
-0.554619
0
-0.653746
-2.91854
-1.58539
-4.58432
-1.01617
-1.72296
-2.0847
-2.97531
-1.80096
-2.35689
-2.11384
-2.41427
-1.25818
-2.20455
-1.19487
-1.52563
-0.976546
-2.04082
-0.455016
-1.33413
-1.76636
-2.48088
-1.26543
-1.38065
-3.32181
-1.51278
-0.653746
0
-2.71317
-1.08064
-2.06995
-1.28974
-1.28358
-1.92046
-1.99309
-1.32857
-1.87541
-2.6518
-1.67265
-1.44913
-1.0681
-0.874832
-1.41996
-3.11964
-1.64392
-1.30415
-1.7193
0.0236978
-0.464629
-3.5227
-0.536857
-1.09984
-2.25631
-2.91854
-2.71317
0
