0
-3.43612
-1.1094
-2.40916
-2.61303
-2.28269
-2.68999
-2.65577
-1.40736
-0.910766
-1.25722
-0.837079
-1.89026
-4.26838
-1.9291
0.0614957
-1.073
-3.78446
-2.46589
-0.806771
-1.46852
0.360986
-3.09175
-1.29101
-1.3502
-2.23897
-2.51548
-3.43612
0
-3.0146
-1.60605
-1.02247
-1.80355
-1.91045
-1.73431
-2.68459
-1.72601
-3.36703
-0.26114
-2.26424
-0.665226
-3.85332
-1.57484
-0.62927
-2.95334
-1.46824
-1.07916
-3.56687
0.204383
-0.470495
-2.6343
-1.5608
-4.01634
-2.46067
-1.1094
-3.0146
0
-0.595107
-2.14404
-2.44549
-2.09977
-2.66376
-1.68169
-1.92302
-3.00577
-1.2509
-1.91061
-2.03185
-2.54856
-1.91173
-2.10492
-2.53886
-1.66424
-2.20881
-2.08704
-2.08257
-3.27779
-0.715304
-2.71752
-2.18949
-1.89555
-2.40916
-1.60605
-0.595107
0
-3.43933
-1.68188
-2.72547
-3.4133
-0.915244
-1.13604
-3.21608
-1.33502
-1.89153
-2.49577
-1.51117
-0.456671
-2.22121
-1.75925
-2.7248
-2.49674
-1.04978
-2.42675
-3.50338
-2.16534
-3.29973
-3.42664
-1.85849
-2.61303
-1.02247
-2.14404
-3.43933
0
-0.914944
-0.780736
-1.42396
-1.93678
-2.08195
-3.13811
-1.67299
-1.12995
-3.58282
-2.83658
-2.44064
-2.31094
-0.812095
-3.23804
-3.55709
-1.59044
-1.36087
-2.03868
-2.30192
-3.47462
-2.82089
-2.27088
-2.28269
-1.80355
-2.44549
-1.68188
-0.914944
0
-3.9673
-2.1125
-2.72388
-2.045
-0.45359
-3.81636
-1.52934
-2.35232
-3.26843
-1.53392
-2.5351
-2.01276
-2.48906
-2.42203
-2.50592
-2.85777
-1.91297
-0.814719
-1.25194
-3.55509
-0.866142
-2.68999
-1.91045
-2.09977
-2.72547
-0.780736
-3.9673
0
-3.37401
-0.413361
-0.776805
-1.26207
-2.44829
-1.94141
-1.30108
-0.659327
-3.25405
-1.55204
-1.85284
-1.37407
-3.99582
-0.641353
-1.88001
-0.643885
-0.852345
-3.10802
-0.436966
1.31818
-2.65577
-1.73431
-2.66376
-3.4133
-1.42396
-2.1125
-3.37401
0
-1.88866
-2.2811
-4.31294
-3.19234
-1.19921
-1.87892
-2.02328
-1.9977
-3.09559
-3.01025
-1.96265
-2.08273
-4.35499
-2.7594
-3.11812
-0.721038
-1.49427
-1.7739
-2.39788
-1.40736
-2.68459
-1.68169
-0.915244
-1.93678
-2.72388
-0.413361
-1.88866
0
-0.369378
-1.33011
-0.978663
-2.40571
-3.62833
-1.43305
-1.41644
-3.25942
-2.4582
-1.64796
-1.73502
-3.29281
-1.62831
-1.33679
0.966737
-3.29713
-2.47967
-3.24218
-0.910766
-1.72601
-1.92302
-1.13604
-2.08195
-2.045
-0.776805
-2.2811
-0.369378
0
-1.997
-0.219817
-1.88627
-2.74442
-2.78714
-0.401668
-0.705864
-1.85161
-1.59
-2.22397
-2.41505
-2.50272
-1.5626
-2.35304
-1.53543
-2.10665
-2.87176
-1.25722
-3.36703
-3.00577
-3.21608
-3.13811
-0.45359
-1.26207
-4.31294
-1.33011
-1.997
0
-2.40375
-3.12019
-3.08839
-1.88186
-1.54796
-0.910673
-2.85069
-5.44762
-4.29126
-1.41632
-1.59055
-1.08959
-0.348016
-2.26245
-0.133651
-0.809408
-0.837079
-0.26114
-1.2509
-1.33502
-1.67299
-3.81636
-2.44829
-3.19234
-0.978663
-0.219817
-2.40375
0
-1.51762
-3.79695
-4.92509
-2.21213
0.561276
-2.66051
-0.629371
-2.16214
-0.68633
-0.965982
-1.20603
-2.85882
-3.45725
-3.02242
-1.60611
-1.89026
-2.26424
-1.91061
-1.89153
-1.12995
-1.52934
-1.94141
-1.19921
-2.40571
-1.88627
-3.12019
-1.51762
0
-0.992714
-1.19379
-2.3013
-1.94351
-3.82051
-1.1125
-1.86588
0.100452
-0.842555
-2.96662
-1.83975
-1.84409
-2.31616
-2.5051
-4.26838
-0.665226
-2.03185
-2.49577
-3.58282
-2.35232
-1.30108
-1.87892
-3.62833
-2.74442
-3.08839
-3.79695
-0.992714
0
-0.510802
-0.054779
-2.93095
-2.84993
-1.63777
-1.76029
-1.67159
-1.73747
-1.10278
-3.10924
-2.34959
-1.64745
-0.00611136
-1.9291
-3.85332
-2.54856
-1.51117
-2.83658
-3.26843
-0.659327
-2.02328
-1.43305
-2.78714
-1.88186
-4.92509
-1.19379
-0.510802
0
-1.5925
-2.0819
-0.871311
-1.2056
-2.80451
-1.15219
-2.85632
-1.79725
-1.04958
-2.89033
-2.92746
-2.80269
0.0614957
-1.57484
-1.91173
-0.456671
-2.44064
-1.53392
-3.25405
-1.9977
-1.41644
-0.401668
-1.54796
-2.21213
-2.3013
-0.054779
-1.5925
0
-3.22028
-2.37703
-2.91446
-3.50305
-2.89189
-3.16358
-4.53579
-2.66307
-2.57678
-0.876856
-1.0035
-1.073
-0.62927
-2.10492
-2.22121
-2.31094
-2.5351
-1.55204
-3.09559
-3.25942
-0.705864
-0.910673
0.561276
-1.94351
-2.93095
-2.0819
-3.22028
0
-1.68214
-1.69229
-1.75318
-1.78891
-2.07987
-0.671454
-0.992395
-2.49508
-1.91197
-1.36612
-3.78446
-2.95334
-2.53886
-1.75925
-0.812095
-2.01276
-1.85284
-3.01025
-2.4582
-1.85161
-2.85069
-2.66051
-3.82051
-2.84993
-0.871311
-2.37703
-1.68214
0
-1.7625
-1.19061
-2.24418
-1.51805
-3.1596
-0.622027
-2.62836
-1.65503
-2.88613
-2.46589
-1.46824
-1.66424
-2.7248
-3.23804
-2.48906
-1.37407
-1.96265
-1.64796
-1.59
-5.44762
-0.629371
-1.1125
-1.63777
-1.2056
-2.91446
-1.69229
-1.7625
0
-2.2618
-2.52673
-2.83134
-2.70215
-0.978949
-1.39521
-3.14036
-1.79045
-0.806771
-1.07916
-2.20881
-2.49674
-3.55709
-2.42203
-3.99582
-2.08273
-1.73502
-2.22397
-4.29126
-2.16214
-1.86588
-1.76029
-2.80451
-3.50305
-1.75318
-1.19061
-2.2618
0
-1.12005
-2.13841
-0.693395
-1.74055
-2.29754
-1.41201
-3.58178
-1.46852
-3.56687
-2.08704
-1.04978
-1.59044
-2.50592
-0.641353
-4.35499
-3.29281
-2.41505
-1.41632
-0.68633
0.100452
-1.67159
-1.15219
-2.89189
-1.78891
-2.24418
-2.52673
-1.12005
0
-2.19759
-1.16718
-2.11549
-1.93469
-1.32516
-1.58106
0.360986
0.204383
-2.08257
-2.42675
-1.36087
-2.85777
-1.88001
-2.7594
-1.62831
-2.50272
-1.59055
-0.965982
-0.842555
-1.73747
-2.85632
-3.16358
-2.07987
-1.51805
-2.83134
-2.13841
-2.19759
0
-2.88151
-2.31022
-1.96834
-5.22888
-1.69394
-3.09175
-0.470495
-3.27779
-3.50338
-2.03868
-1.91297
-0.643885
-3.11812
-1.33679
-1.5626
-1.08959
-1.20603
-2.96662
-1.10278
-1.79725
-4.53579
-0.671454
-3.1596
-2.70215
-0.693395
-1.16718
-2.88151
0
-2.9212
-3.4501
-2.05544
-2.17853
-1.29101
-2.6343
-0.715304
-2.16534
-2.30192
-0.814719
-0.852345
-0.721038
0.966737
-2.35304
-0.348016
-2.85882
-1.83975
-3.10924
-1.04958
-2.66307
-0.992395
-0.622027
-0.978949
-1.74055
-2.11549
-2.31022
-2.9212
0
-1.24999
-3.16007
-1.99089
-1.3502
-1.5608
-2.71752
-3.29973
-3.47462
-1.25194
-3.10802
-1.49427
-3.29713
-1.53543
-2.26245
-3.45725
-1.84409
-2.34959
-2.89033
-2.57678
-2.49508
-2.62836
-1.39521
-2.29754
-1.93469
-1.96834
-3.4501
-1.24999
0
-2.98569
-1.50459
-2.23897
-4.01634
-2.18949
-3.42664
-2.82089
-3.55509
-0.436966
-1.7739
-2.47967
-2.10665
-0.133651
-3.02242
-2.31616
-1.64745
-2.92746
-0.876856
-1.91197
-1.65503
-3.14036
-1.41201
-1.32516
-5.22888
-2.05544
-3.16007
-2.98569
0
-0.326517
-2.51548
-2.46067
-1.89555
-1.85849
-2.27088
-0.866142
1.31818
-2.39788
-3.24218
-2.87176
-0.809408
-1.60611
-2.5051
-0.00611136
-2.80269
-1.0035
-1.36612
-2.88613
-1.79045
-3.58178
-1.58106
-1.69394
-2.17853
-1.99089
-1.50459
-0.326517
0
