0
-1.62245
-1.13126
-1.43609
-1.9885
-1.63168
-1.81566
-0.801979
-3.17259
-0.801054
-2.77821
-1.6426
-2.05515
-2.58161
-1.132
-1.75621
-2.92392
-2.47429
-0.371585
-2.96104
-3.20761
-4.21895
-3.524
-2.30651
-1.52922
-0.701102
-1.64761
-1.62245
0
-3.58014
-2.64602
-0.182926
-2.04693
-1.52067
-1.10856
-2.67065
-2.71233
-1.52147
-2.91365
-2.91439
-3.23308
-3.01228
-2.28106
-1.14973
-2.02041
-1.55486
-0.837676
-1.68164
-2.00414
-2.61233
-2.63178
-2.14698
-1.68728
-2.07987
-1.13126
-3.58014
0
-0.959567
-2.9777
-1.42603
-0.856456
-1.05666
-2.26682
-1.81913
-1.86756
-1.56142
-3.29024
-1.8169
-1.2375
-0.573153
-2.01617
-0.795907
-1.23119
-4.83124
-3.06515
-0.972172
-1.90498
-1.59974
-2.7938
-2.30343
-1.78096
-1.43609
-2.64602
-0.959567
0
-1.92621
-2.33895
-2.24065
-1.16919
-0.900878
-2.26715
-1.10175
-1.91176
-2.22604
-2.00223
-1.7164
-2.70718
-0.965148
-1.00236
-2.32165
0.509243
-2.48112
-2.64058
-2.04434
-2.23134
-0.748116
-1.79989
-3.52481
-1.9885
-0.182926
-2.9777
-1.92621
0
-2.33743
-1.76499
-3.6224
-1.97518
-1.07426
-3.97632
-2.3707
-3.0131
-3.02063
-3.38396
-1.76027
-3.65962
-1.65533
-2.73004
-3.22307
-1.07237
-3.13679
-3.4851
-2.05846
-2.29061
-1.54832
0.125824
-1.63168
-2.04693
-1.42603
-2.33895
-2.33743
0
-3.0507
-1.64857
-3.1416
-0.66133
-3.20459
-2.10205
-2.80977
-2.34066
-0.363039
-2.14147
-2.77652
-1.37712
-1.80116
-0.600405
-1.50526
-2.79904
-1.78959
-1.76356
-0.756967
-1.75725
-1.97519
-1.81566
-1.52067
-0.856456
-2.24065
-1.76499
-3.0507
0
0.0502456
-2.95836
-3.22028
-1.49089
-3.78433
-2.87182
-2.89184
-2.70476
-0.373758
-1.55765
-1.67769
-3.77841
0.280874
-0.275475
-3.18448
-3.26006
-1.09009
-2.09706
-2.66859
-1.33167
-0.801979
-1.10856
-1.05666
-1.16919
-3.6224
-1.64857
0.0502456
0
-2.53763
-1.76897
-1.88825
0.15451
-1.37875
-2.23705
-4.15553
-0.601091
-0.606876
-3.55582
-3.40955
-1.55278
-2.27972
-2.34949
-3.03333
-1.07033
-3.42346
-4.15892
-2.36621
-3.17259
-2.67065
-2.26682
-0.900878
-1.97518
-3.1416
-2.95836
-2.53763
0
-2.69148
-1.97587
-1.60753
0.10407
-0.586579
-3.06745
-3.0398
-1.32699
-2.91717
-1.51399
-1.61234
-0.615733
-1.15072
-0.555269
-1.78516
-0.356699
-2.25612
-2.4161
-0.801054
-2.71233
-1.81913
-2.26715
-1.07426
-0.66133
-3.22028
-1.76897
-2.69148
0
-1.55722
-1.61476
-2.33241
-1.42285
-2.13793
-4.09783
-2.06942
-1.49469
-2.23088
-2.092
-1.7029
-0.586238
-1.86631
-2.47173
-2.73917
-1.44638
-1.46259
-2.77821
-1.52147
-1.86756
-1.10175
-3.97632
-3.20459
-1.49089
-1.88825
-1.97587
-1.55722
0
-1.90182
-2.03644
-3.72717
-4.09655
-1.22951
-2.60366
-1.31821
-2.3503
-2.49921
-2.3157
-1.08034
-2.90807
-1.01449
-2.09166
-1.16905
-1.36718
-1.6426
-2.91365
-1.56142
-1.91176
-2.3707
-2.10205
-3.78433
0.15451
-1.60753
-1.61476
-1.90182
0
-2.332
-1.20439
-2.85499
-0.610298
-2.88166
-3.51095
-0.411786
-1.39905
-0.94582
-2.42183
-3.64113
-1.01017
-1.62268
-3.07466
-3.46951
-2.05515
-2.91439
-3.29024
-2.22604
-3.0131
-2.80977
-2.87182
-1.37875
0.10407
-2.33241
-2.03644
-2.332
0
-1.64967
-0.247604
-4.09884
-0.98776
-2.55246
-1.71506
-1.76901
-3.11355
-2.34294
-2.15358
-2.4978
-2.21153
-1.22771
-1.60544
-2.58161
-3.23308
-1.8169
-2.00223
-3.02063
-2.34066
-2.89184
-2.23705
-0.586579
-1.42285
-3.72717
-1.20439
-1.64967
0
-3.65928
-1.1366
-2.02168
-1.54497
-3.17017
-2.30753
-2.26248
-1.12739
-0.363958
-0.755975
-0.819314
-2.31009
-1.68085
-1.132
-3.01228
-1.2375
-1.7164
-3.38396
-0.363039
-2.70476
-4.15553
-3.06745
-2.13793
-4.09655
-2.85499
-0.247604
-3.65928
0
-2.08947
-2.31021
-1.90281
-1.78213
-2.29571
-1.80526
-1.09955
-3.99286
-0.738179
-2.32146
-0.170263
-1.41974
-1.75621
-2.28106
-0.573153
-2.70718
-1.76027
-2.14147
-0.373758
-0.601091
-3.0398
-4.09783
-1.22951
-0.610298
-4.09884
-1.1366
-2.08947
0
-2.66529
-3.56885
-1.65952
-2.74389
-1.79743
-2.119
-1.99331
-2.28195
-3.86272
-1.57556
-1.95398
-2.92392
-1.14973
-2.01617
-0.965148
-3.65962
-2.77652
-1.55765
-0.606876
-1.32699
-2.06942
-2.60366
-2.88166
-0.98776
-2.02168
-2.31021
-2.66529
0
-2.86547
-1.40168
-0.869421
-2.59858
-2.94338
-2.69314
-4.00649
-2.57917
-2.32926
-2.08578
-2.47429
-2.02041
-0.795907
-1.00236
-1.65533
-1.37712
-1.67769
-3.55582
-2.91717
-1.49469
-1.31821
-3.51095
-2.55246
-1.54497
-1.90281
-3.56885
-2.86547
0
-3.37123
-1.87185
-0.672039
-2.4156
-1.60746
0.190679
-2.45081
-2.00782
-1.66026
-0.371585
-1.55486
-1.23119
-2.32165
-2.73004
-1.80116
-3.77841
-3.40955
-1.51399
-2.23088
-2.3503
-0.411786
-1.71506
-3.17017
-1.78213
-1.65952
-1.40168
-3.37123
0
-1.91319
-1.76133
-1.64132
-2.2572
-2.91927
-1.93185
-0.969863
-3.05802
-2.96104
-0.837676
-4.83124
0.509243
-3.22307
-0.600405
0.280874
-1.55278
-1.61234
-2.092
-2.49921
-1.39905
-1.76901
-2.30753
-2.29571
-2.74389
-0.869421
-1.87185
-1.91319
0
-1.94513
-1.0763
-1.88944
-2.26546
-0.719629
-1.15634
-1.215
-3.20761
-1.68164
-3.06515
-2.48112
-1.07237
-1.50526
-0.275475
-2.27972
-0.615733
-1.7029
-2.3157
-0.94582
-3.11355
-2.26248
-1.80526
-1.79743
-2.59858
-0.672039
-1.76133
-1.94513
0
-2.01708
-2.52665
-1.6741
-1.38554
-1.53341
-1.9574
-4.21895
-2.00414
-0.972172
-2.64058
-3.13679
-2.79904
-3.18448
-2.34949
-1.15072
-0.586238
-1.08034
-2.42183
-2.34294
-1.12739
-1.09955
-2.119
-2.94338
-2.4156
-1.64132
-1.0763
-2.01708
0
-1.56026
-1.31282
-2.65057
-3.85075
-1.67674
-3.524
-2.61233
-1.90498
-2.04434
-3.4851
-1.78959
-3.26006
-3.03333
-0.555269
-1.86631
-2.90807
-3.64113
-2.15358
-0.363958
-3.99286
-1.99331
-2.69314
-1.60746
-2.2572
-1.88944
-2.52665
-1.56026
0
-2.71355
-1.16834
-0.716564
-2.2719
-2.30651
-2.63178
-1.59974
-2.23134
-2.05846
-1.76356
-1.09009
-1.07033
-1.78516
-2.47173
-1.01449
-1.01017
-2.4978
-0.755975
-0.738179
-2.28195
-4.00649
0.190679
-2.91927
-2.26546
-1.6741
-1.31282
-2.71355
0
-1.07209
-1.298
-1.45085
-1.52922
-2.14698
-2.7938
-0.748116
-2.29061
-0.756967
-2.09706
-3.42346
-0.356699
-2.73917
-2.09166
-1.62268
-2.21153
-0.819314
-2.32146
-3.86272
-2.57917
-2.45081
-1.93185
-0.719629
-1.38554
-2.65057
-1.16834
-1.07209
0
-1.03938
-1.91272
-0.701102
-1.68728
-2.30343
-1.79989
-1.54832
-1.75725
-2.66859
-4.15892
-2.25612
-1.44638
-1.16905
-3.07466
-1.22771
-2.31009
-0.170263
-1.57556
-2.32926
-2.00782
-0.969863
-1.15634
-1.53341
-3.85075
-0.716564
-1.298
-1.03938
0
-3.33077
-1.64761
-2.07987
-1.78096
-3.52481
0.125824
-1.97519
-1.33167
-2.36621
-2.4161
-1.46259
-1.36718
-3.46951
-1.60544
-1.68085
-1.41974
-1.95398
-2.08578
-1.66026
-3.05802
-1.215
-1.9574
-1.67674
-2.2719
-1.45085
-1.91272
-3.33077
0
