0
-1.61487
-2.01008
-1.85955
-1.31418
-4.0135
-3.00548
-1.26115
-0.48687
-0.791219
-2.31478
-1.80622
-1.46146
-1.93776
-0.0544496
-2.37762
-1.63306
-2.63301
-1.16742
-2.78624
-1.75226
-1.52824
-2.24398
-2.89789
0.937119
-1.32774
-3.22424
-1.61487
0
0.347758
-2.54706
-0.747718
-0.853346
-2.47451
-1.60698
-4.16018
-1.99558
-3.43003
-1.23623
-2.86328
-3.74973
-1.69953
-0.217833
-1.51365
-1.61388
-1.65206
-2.2603
-2.88377
-2.82138
-2.54453
-3.45439
-2.44276
-2.34545
-0.428175
-2.01008
0.347758
0
-3.29656
-1.67188
-0.988593
-1.00082
-3.5784
-0.824495
-3.74277
-1.40779
-0.937034
-1.6388
-1.67726
-1.8362
0.238958
-2.47245
-2.77715
-3.13132
-2.22717
-2.35521
-0.784954
-1.83844
-3.18146
-0.248965
-1.81351
-1.92066
-1.85955
-2.54706
-3.29656
0
-2.05804
-0.683908
-1.28306
0.152326
-1.41885
-1.9009
-2.40801
-2.39058
-1.47863
-1.19167
-1.11947
-1.0452
-2.37144
-1.94006
-1.54137
-1.29733
-3.6662
-2.38122
-2.89069
-0.891996
-2.12185
-2.21442
-1.95576
-1.31418
-0.747718
-1.67188
-2.05804
0
-1.95787
-2.07181
-2.23957
-3.31903
-2.67138
-2.19731
-1.758
-3.72339
-2.34651
-1.7356
-1.97745
-2.15912
-2.51185
-1.38619
-2.15579
-2.18354
-3.68145
-0.870762
-1.42056
0.424789
-1.57421
-1.88021
-4.0135
-0.853346
-0.988593
-0.683908
-1.95787
0
-1.03962
-1.71381
-2.76262
-2.69452
-1.79733
0.123268
-2.46577
-2.0379
-1.29044
-2.04082
-2.5462
-2.20353
-3.12156
0.263794
-2.34407
-1.50882
-2.21848
-1.79897
-2.61795
-2.28369
-2.37425
-3.00548
-2.47451
-1.00082
-1.28306
-2.07181
-1.03962
0
-1.32274
-1.57641
-0.445017
-1.2626
-1.41227
-2.80492
-0.910853
-2.53992
-1.872
-2.41761
-3.05456
-2.66891
-2.71331
-2.44417
-2.53896
-2.24493
-2.70063
-2.10894
-3.29175
-2.49819
-1.26115
-1.60698
-3.5784
0.152326
-2.23957
-1.71381
-1.32274
0
-1.24156
-0.984142
-1.83508
-0.628113
-3.55782
-3.57479
-2.75751
-1.17487
-1.88987
-3.9497
-3.34843
-1.10858
-0.38283
-2.69808
-0.359839
-2.54262
-1.0932
-2.96531
-0.377909
-0.48687
-4.16018
-0.824495
-1.41885
-3.31903
-2.76262
-1.57641
-1.24156
0
-2.79402
-2.07188
-1.74663
-0.523896
-0.86865
-1.56989
-2.26127
-2.61012
-1.20955
-1.87935
-2.77176
-3.29372
-2.76798
-1.81749
-2.62962
-2.24517
-0.385856
-2.28505
-0.791219
-1.99558
-3.74277
-1.9009
-2.67138
-2.69452
-0.445017
-0.984142
-2.79402
0
-1.49446
-2.45014
-2.65796
-1.39554
-3.49451
-1.14906
-3.65402
-3.14996
-2.27831
-1.72639
-2.66792
-1.97181
-1.29595
-1.67227
-1.53601
-2.51613
-2.22045
-2.31478
-3.43003
-1.40779
-2.40801
-2.19731
-1.79733
-1.2626
-1.83508
-2.07188
-1.49446
0
-0.750606
-1.52576
-1.80354
-3.11899
-1.82872
-1.74955
-2.66071
-1.8877
-1.31207
-3.01878
-2.4942
-3.71345
-1.139
-3.46827
-2.73619
-1.80772
-1.80622
-1.23623
-0.937034
-2.39058
-1.758
0.123268
-1.41227
-0.628113
-1.74663
-2.45014
-0.750606
0
-1.6454
-1.96928
-2.11838
-2.58552
-3.58534
-3.16018
-1.48025
-2.01694
-2.1459
-1.91329
-1.97364
-1.78145
-2.72552
-2.57418
-1.84691
-1.46146
-2.86328
-1.6388
-1.47863
-3.72339
-2.46577
-2.80492
-3.55782
-0.523896
-2.65796
-1.52576
-1.6454
0
-3.59219
-2.88634
-0.542226
-2.5818
-1.92862
-0.294165
-2.98532
-2.11984
-2.31232
-0.774442
-1.28424
-1.55699
-0.858011
-1.19758
-1.93776
-3.74973
-1.67726
-1.19167
-2.34651
-2.0379
-0.910853
-3.57479
-0.86865
-1.39554
-1.80354
-1.96928
-3.59219
0
-2.93677
-2.33815
-2.36243
-2.10116
-2.75537
-1.28277
-1.20874
-2.70542
-3.17196
-1.75945
-1.01492
-2.16852
-3.27578
-0.0544496
-1.69953
-1.8362
-1.11947
-1.7356
-1.29044
-2.53992
-2.75751
-1.56989
-3.49451
-3.11899
-2.11838
-2.88634
-2.93677
0
-1.02078
-0.939781
-2.53183
-1.25095
-0.786731
-2.18787
-1.31429
-4.22196
-1.52529
-0.688835
-1.42608
-0.496727
-2.37762
-0.217833
0.238958
-1.0452
-1.97745
-2.04082
-1.872
-1.17487
-2.26127
-1.14906
-1.82872
-2.58552
-0.542226
-2.33815
-1.02078
0
-1.85294
-0.198856
-1.29039
-1.97167
-0.885761
-4.32721
-1.28342
-2.63241
-1.90259
-1.29139
-3.51809
-1.63306
-1.51365
-2.47245
-2.37144
-2.15912
-2.5462
-2.41761
-1.88987
-2.61012
-3.65402
-1.74955
-3.58534
-2.5818
-2.36243
-0.939781
-1.85294
0
-2.86165
-1.99723
-1.24437
-0.920797
-2.22935
-0.928339
-2.72274
-1.41678
-2.08613
-2.68466
-2.63301
-1.61388
-2.77715
-1.94006
-2.51185
-2.20353
-3.05456
-3.9497
-1.20955
-3.14996
-2.66071
-3.16018
-1.92862
-2.10116
-2.53183
-0.198856
-2.86165
0
-2.84924
-2.52418
-3.00983
-1.62691
-2.30604
-0.950927
-2.61436
-0.827427
-3.25284
-1.16742
-1.65206
-3.13132
-1.54137
-1.38619
-3.12156
-2.66891
-3.34843
-1.87935
-2.27831
-1.8877
-1.48025
-0.294165
-2.75537
-1.25095
-1.29039
-1.99723
-2.84924
0
-2.69724
-4.72008
-1.3645
-0.0283751
-1.73779
-2.3844
-2.60973
-1.73395
-2.78624
-2.2603
-2.22717
-1.29733
-2.15579
0.263794
-2.71331
-1.10858
-2.77176
-1.72639
-1.31207
-2.01694
-2.98532
-1.28277
-0.786731
-1.97167
-1.24437
-2.52418
-2.69724
0
-1.52654
-3.37008
-2.06222
-0.620365
-2.00129
-2.50684
0.328626
-1.75226
-2.88377
-2.35521
-3.6662
-2.18354
-2.34407
-2.44417
-0.38283
-3.29372
-2.66792
-3.01878
-2.1459
-2.11984
-1.20874
-2.18787
-0.885761
-0.920797
-3.00983
-4.72008
-1.52654
0
-3.08878
-1.78129
-1.23783
-2.23399
-2.67778
-2.21938
-1.52824
-2.82138
-0.784954
-2.38122
-3.68145
-1.50882
-2.53896
-2.69808
-2.76798
-1.97181
-2.4942
-1.91329
-2.31232
-2.70542
-1.31429
-4.32721
-2.22935
-1.62691
-1.3645
-3.37008
-3.08878
0
-0.846018
-2.41322
-1.71949
-1.63475
-4.52852
-2.24398
-2.54453
-1.83844
-2.89069
-0.870762
-2.21848
-2.24493
-0.359839
-1.81749
-1.29595
-3.71345
-1.97364
-0.774442
-3.17196
-4.22196
-1.28342
-0.928339
-2.30604
-0.0283751
-2.06222
-1.78129
-0.846018
0
-2.41877
-1.51586
-1.09886
-2.13811
-2.89789
-3.45439
-3.18146
-0.891996
-1.42056
-1.79897
-2.70063
-2.54262
-2.62962
-1.67227
-1.139
-1.78145
-1.28424
-1.75945
-1.52529
-2.63241
-2.72274
-0.950927
-1.73779
-0.620365
-1.23783
-2.41322
-2.41877
0
-1.1224
-2.77761
-2.30553
0.937119
-2.44276
-0.248965
-2.12185
0.424789
-2.61795
-2.10894
-1.0932
-2.24517
-1.53601
-3.46827
-2.72552
-1.55699
-1.01492
-0.688835
-1.90259
-1.41678
-2.61436
-2.3844
-2.00129
-2.23399
-1.71949
-1.51586
-1.1224
0
-2.4222
-1.47218
-1.32774
-2.34545
-1.81351
-2.21442
-1.57421
-2.28369
-3.29175
-2.96531
-0.385856
-2.51613
-2.73619
-2.57418
-0.858011
-2.16852
-1.42608
-1.29139
-2.08613
-0.827427
-2.60973
-2.50684
-2.67778
-1.63475
-1.09886
-2.77761
-2.4222
0
-1.11025
-3.22424
-0.428175
-1.92066
-1.95576
-1.88021
-2.37425
-2.49819
-0.377909
-2.28505
-2.22045
-1.80772
-1.84691
-1.19758
-3.27578
-0.496727
-3.51809
-2.68466
-3.25284
-1.73395
0.328626
-2.21938
-4.52852
-2.13811
-2.30553
-1.47218
-1.11025
0
