0
-3.46413
-2.55187
-3.27602
-2.05059
-0.157174
-1.73793
-0.678949
-2.59492
-2.28538
-1.63086
-2.07985
-2.71001
-0.575868
-2.06248
-1.27663
-1.61365
-1.70449
-4.16644
-1.82765
-4.42565
-2.2485
-0.436101
-1.11642
-3.3175
-1.85968
-0.803955
-3.46413
0
-2.00696
-1.81822
-2.24766
-1.67008
-1.51322
-1.31543
-1.77436
-2.4621
-1.1711
-2.33141
-0.853889
-1.29384
-2.2461
-1.63907
-0.60161
-2.71076
-3.90739
-1.29186
-2.52494
-1.2709
-2.37769
-3.45369
-0.203462
-1.08224
-1.17604
-2.55187
-2.00696
0
-0.645846
-1.95713
-3.01626
-3.6955
-1.34271
-1.55926
-2.07417
0.40367
-1.43494
-2.85497
-2.66097
-0.791936
-2.75306
-0.514687
-1.88174
-3.80782
-2.87616
-3.57577
-3.15726
-2.91794
-0.335227
-1.87223
-3.76254
0.164874
-3.27602
-1.81822
-0.645846
0
-3.53558
-3.09195
-2.67627
-1.30208
-3.32306
-2.60703
-3.6195
-1.61522
-2.62385
-2.82344
-1.90056
-0.315961
-1.58716
-1.89954
-0.590492
-2.60923
-1.30889
-2.13834
-2.58175
-2.45977
-2.83213
-2.12615
-1.78742
-2.05059
-2.24766
-1.95713
-3.53558
0
-2.82982
-1.81755
-3.13109
-1.55878
-1.20257
-1.03022
-2.18544
-1.41543
-3.37302
-2.4604
-1.06825
-1.95745
-2.03094
-3.00149
-3.64204
-1.29896
-0.631286
-1.60623
-2.90248
-3.13133
-0.994535
-2.9194
-0.157174
-1.67008
-3.01626
-3.09195
-2.82982
0
-2.41673
-1.81685
-2.31452
-0.84387
-3.70285
-2.96352
-3.53133
-0.824395
-1.95948
-1.98926
-2.49769
-0.995345
-1.52454
-2.05816
-1.60721
-1.8285
-4.16514
-1.63943
-2.44509
-3.06792
-0.935664
-1.73793
-1.51322
-3.6955
-2.67627
-1.81755
-2.41673
0
-3.09506
-1.87231
-2.38713
-2.38647
-1.15326
-3.20087
-0.511624
-3.36312
-2.19991
-2.54461
0.0244278
-1.95633
-2.11257
-1.74393
-0.8778
-3.57585
-2.90526
-2.96249
-0.886243
-3.29211
-0.678949
-1.31543
-1.34271
-1.30208
-3.13109
-1.81685
-3.09506
0
-1.4332
-2.00881
-1.15896
-2.18797
0.416379
-1.16613
-4.16734
-0.307267
-2.59428
-1.88138
-1.76515
-2.67693
-1.22759
-2.33635
-2.14974
-4.0698
-1.08154
-2.36266
-2.60727
-2.59492
-1.77436
-1.55926
-3.32306
-1.55878
-2.31452
-1.87231
-1.4332
0
-1.27608
-2.80245
-3.82819
-2.04561
-0.424695
-2.63459
-1.98287
0.074205
-2.56289
-2.90983
-2.56752
-1.75436
-2.63105
-1.80934
-3.4491
-2.3907
-0.299146
-4.05903
-2.28538
-2.4621
-2.07417
-2.60703
-1.20257
-0.84387
-2.38713
-2.00881
-1.27608
0
-1.68494
-0.0620737
-1.6178
-0.527061
-0.931917
-2.49821
-1.60227
-1.5824
-1.11886
-0.909868
-2.47299
-3.79517
-1.85645
-1.44233
-1.89136
-2.84937
-2.31135
-1.63086
-1.1711
0.40367
-3.6195
-1.03022
-3.70285
-2.38647
-1.15896
-2.80245
-1.68494
0
-1.92795
-1.10253
-0.94199
-4.38672
-1.16971
-1.44308
-1.57397
-1.71083
-0.987511
-2.66762
-3.5764
-1.15472
-1.21688
-1.21042
-0.051677
-3.90324
-2.07985
-2.33141
-1.43494
-1.61522
-2.18544
-2.96352
-1.15326
-2.18797
-3.82819
-0.0620737
-1.92795
0
-3.05642
-3.53233
-0.978731
-2.17561
-2.35679
-3.49393
-2.57389
-1.763
-2.37822
-3.74218
-1.43695
-2.07949
-2.635
-3.51023
-2.33302
-2.71001
-0.853889
-2.85497
-2.62385
-1.41543
-3.53133
-3.20087
0.416379
-2.04561
-1.6178
-1.10253
-3.05642
0
0.0894548
-1.70776
-1.36301
-3.08372
-1.84792
-2.41435
-1.41068
-3.29805
-3.71367
-0.987237
-2.1195
-3.28428
-1.98897
0.0761465
-0.575868
-1.29384
-2.66097
-2.82344
-3.37302
-0.824395
-0.511624
-1.16613
-0.424695
-0.527061
-0.94199
-3.53233
0.0894548
0
-1.56831
-1.672
-2.22531
-2.26334
-1.37999
-3.22034
-2.38044
0.0759286
-1.77721
-1.80715
-0.936863
-3.3419
-0.964815
-2.06248
-2.2461
-0.791936
-1.90056
-2.4604
-1.95948
-3.36312
-4.16734
-2.63459
-0.931917
-4.38672
-0.978731
-1.70776
-1.56831
0
-1.90516
-1.76761
-2.68821
-2.31909
-1.96112
-3.62649
-1.7748
-2.59456
-1.60008
-3.15409
-3.51565
-1.56699
-1.27663
-1.63907
-2.75306
-0.315961
-1.06825
-1.98926
-2.19991
-0.307267
-1.98287
-2.49821
-1.16971
-2.17561
-1.36301
-1.672
-1.90516
0
-2.34554
-3.18155
-2.64322
-1.37576
-1.33877
-2.22855
-0.865392
-2.46757
-2.07721
-0.830258
-2.56595
-1.61365
-0.60161
-0.514687
-1.58716
-1.95745
-2.49769
-2.54461
-2.59428
0.074205
-1.60227
-1.44308
-2.35679
-3.08372
-2.22531
-1.76761
-2.34554
0
-2.40628
-2.17629
-0.0203615
-2.63377
-2.32607
-1.75178
-0.942253
-3.12556
-2.91636
-3.51704
-1.70449
-2.71076
-1.88174
-1.89954
-2.03094
-0.995345
0.0244278
-1.88138
-2.56289
-1.5824
-1.57397
-3.49393
-1.84792
-2.26334
-2.68821
-3.18155
-2.40628
0
-3.06969
-1.30356
-0.407516
-1.44727
-2.61767
-2.73143
-2.20943
-2.16958
-3.25999
-4.16644
-3.90739
-3.80782
-0.590492
-3.00149
-1.52454
-1.95633
-1.76515
-2.90983
-1.11886
-1.71083
-2.57389
-2.41435
-1.37999
-2.31909
-2.64322
-2.17629
-3.06969
0
-3.07303
-2.94153
-2.4547
-2.33232
-3.31009
-1.9494
-0.839632
-1.41973
-1.82765
-1.29186
-2.87616
-2.60923
-3.64204
-2.05816
-2.11257
-2.67693
-2.56752
-0.909868
-0.987511
-1.763
-1.41068
-3.22034
-1.96112
-1.37576
-0.0203615
-1.30356
-3.07303
0
-1.0106
-1.32047
-2.63748
-3.0077
-0.878775
-3.94749
-2.32996
-4.42565
-2.52494
-3.57577
-1.30889
-1.29896
-1.60721
-1.74393
-1.22759
-1.75436
-2.47299
-2.66762
-2.37822
-3.29805
-2.38044
-3.62649
-1.33877
-2.63377
-0.407516
-2.94153
-1.0106
0
-1.70699
-2.02218
-1.94506
-1.91166
-2.64649
-2.29182
-2.2485
-1.2709
-3.15726
-2.13834
-0.631286
-1.8285
-0.8778
-2.33635
-2.63105
-3.79517
-3.5764
-3.74218
-3.71367
0.0759286
-1.7748
-2.22855
-2.32607
-1.44727
-2.4547
-1.32047
-1.70699
0
-2.26189
-1.34603
-2.70942
-3.62664
-1.88239
-0.436101
-2.37769
-2.91794
-2.58175
-1.60623
-4.16514
-3.57585
-2.14974
-1.80934
-1.85645
-1.15472
-1.43695
-0.987237
-1.77721
-2.59456
-0.865392
-1.75178
-2.61767
-2.33232
-2.63748
-2.02218
-2.26189
0
-1.34475
-1.62346
-2.03384
-1.6397
-1.11642
-3.45369
-0.335227
-2.45977
-2.90248
-1.63943
-2.90526
-4.0698
-3.4491
-1.44233
-1.21688
-2.07949
-2.1195
-1.80715
-1.60008
-2.46757
-0.942253
-2.73143
-3.31009
-3.0077
-1.94506
-1.34603
-1.34475
0
-1.88539
-2.22201
-1.22849
-3.3175
-0.203462
-1.87223
-2.83213
-3.13133
-2.44509
-2.96249
-1.08154
-2.3907
-1.89136
-1.21042
-2.635
-3.28428
-0.936863
-3.15409
-2.07721
-3.12556
-2.20943
-1.9494
-0.878775
-1.91166
-2.70942
-1.62346
-1.88539
0
-0.738236
-2.44486
-1.85968
-1.08224
-3.76254
-2.12615
-0.994535
-3.06792
-0.886243
-2.36266
-0.299146
-2.84937
-0.051677
-3.51023
-1.98897
-3.3419
-3.51565
-0.830258
-2.91636
-2.16958
-0.839632
-3.94749
-2.64649
-3.62664
-2.03384
-2.22201
-0.738236
0
-3.9779
-0.803955
-1.17604
0.164874
-1.78742
-2.9194
-0.935664
-3.29211
-2.60727
-4.05903
-2.31135
-3.90324
-2.33302
0.0761465
-0.964815
-1.56699
-2.56595
-3.51704
-3.25999
-1.41973
-2.32996
-2.29182
-1.88239
-1.6397
-1.22849
-2.44486
-3.9779
0
