0
-1.46742
-0.69955
-1.93023
-1.02713
-0.274219
-3.03478
-2.02486
-1.62548
-1.1955
-0.49535
-3.03599
-2.87517
-0.588121
-3.75347
-3.36737
-0.588705
-1.11426
0.0650088
-2.2886
-2.21988
-2.63903
-0.47264
-2.69241
-1.90191
-2.6411
-0.988669
-1.46742
0
-0.180225
-1.73906
-1.75796
-1.68858
-3.01514
-3.76463
-2.77661
-2.62818
-1.88876
-2.00029
-2.30907
-3.731
-2.1293
-0.0380733
-3.96924
-1.57791
-3.08984
-1.75822
-3.244
-1.43819
-2.06084
-3.02988
-2.12852
-1.92679
-3.20017
-0.69955
-0.180225
0
-1.69168
-0.0468862
-1.73624
-2.74494
-2.99221
-2.42584
-1.59334
-1.32676
-1.22613
-2.00262
-3.06248
-1.62574
-1.34512
-1.26211
-2.16314
-1.83332
-1.44977
-2.51245
0.5826
-1.90807
-2.36088
-1.03763
-3.01005
0.289292
-1.93023
-1.73906
-1.69168
0
-1.80839
-0.801887
-0.911339
-3.14727
-2.81387
-3.48141
-2.13623
-2.57067
-2.42707
-1.31294
-0.90165
-0.678666
-0.141589
-1.11261
-1.6995
-1.34202
-1.18807
-2.58795
-1.68315
-3.30238
-1.61417
-2.49073
-3.2253
-1.02713
-1.75796
-0.0468862
-1.80839
0
-2.16486
-2.30291
-1.4407
-1.27044
-1.75826
-1.29066
-0.0782427
-1.2824
-2.2843
-4.56276
-1.69232
-3.04359
-2.37393
-1.39439
-1.8344
-2.33747
-1.61687
-3.84543
0.261907
-1.07974
-1.31315
-0.985433
-0.274219
-1.68858
-1.73624
-0.801887
-2.16486
0
-1.17794
-1.71979
-1.505
-1.35269
-2.30245
-2.38843
-1.98278
-3.62811
-2.28566
-2.48281
-2.87608
-3.37622
-1.66478
-2.00913
-1.76059
-0.977327
-2.54481
-3.44488
-1.33539
-2.13013
-1.20557
-3.03478
-3.01514
-2.74494
-0.911339
-2.30291
-1.17794
0
-2.27861
-1.55256
-2.40223
-0.908841
-1.14439
-2.72605
-2.21393
-2.61153
-0.472558
-2.25248
-0.255882
-2.99181
0.0333682
-1.50739
-2.65665
-1.17102
-2.05008
-1.01253
-2.26717
-0.61767
-2.02486
-3.76463
-2.99221
-3.14727
-1.4407
-1.71979
-2.27861
0
-1.40026
-1.31178
-2.40239
-1.68808
-0.756613
-1.34952
-3.01725
0.350251
-0.864269
-1.24833
-1.21498
-2.70481
-1.78666
-0.483972
-0.778507
-2.39478
-4.08306
-2.27168
-0.664119
-1.62548
-2.77661
-2.42584
-2.81387
-1.27044
-1.505
-1.55256
-1.40026
0
-1.40042
-1.64544
-0.991247
-0.752465
-2.29816
-1.8442
-1.26167
-2.22294
-2.69656
0.46159
-3.28089
-3.9283
-0.891543
-1.27327
-2.89399
-4.06821
-2.44914
-2.52944
-1.1955
-2.62818
-1.59334
-3.48141
-1.75826
-1.35269
-2.40223
-1.31178
-1.40042
0
-1.59517
-2.2537
-1.53222
-1.93325
-2.69779
-1.60124
-3.10031
-2.71093
-2.20252
-0.731154
-3.39296
-2.22778
-1.99127
1.57971
-0.487324
-2.35341
-4.62854
-0.49535
-1.88876
-1.32676
-2.13623
-1.29066
-2.30245
-0.908841
-2.40239
-1.64544
-1.59517
0
-1.74245
-2.82089
-1.82862
-3.15295
-1.96617
-4.61903
-1.04871
-2.29994
-0.718523
-1.54033
-1.96746
-1.20457
-2.71503
-2.59475
-2.44991
-0.886526
-3.03599
-2.00029
-1.22613
-2.57067
-0.0782427
-2.38843
-1.14439
-1.68808
-0.991247
-2.2537
-1.74245
0
-3.07759
-2.38398
-2.54575
-1.6818
-2.14611
-2.71271
-2.15945
-3.01464
-2.55716
-1.59279
-2.25905
-0.214246
-0.498136
-3.23435
-1.54593
-2.87517
-2.30907
-2.00262
-2.42707
-1.2824
-1.98278
-2.72605
-0.756613
-0.752465
-1.53222
-2.82089
-3.07759
0
-1.96758
-0.7627
-1.84501
-2.50142
0.0226482
-2.70644
-2.75264
-1.7311
-1.38404
-1.4543
-2.11592
-3.12773
-2.00662
-2.3958
-0.588121
-3.731
-3.06248
-1.31294
-2.2843
-3.62811
-2.21393
-1.34952
-2.29816
-1.93325
-1.82862
-2.38398
-1.96758
0
-3.17886
-1.41462
-2.75148
-1.2258
-0.779815
-2.80587
-0.0963869
-0.898314
-2.71855
-1.41625
-1.39442
-1.3565
-1.75076
-3.75347
-2.1293
-1.62574
-0.90165
-4.56276
-2.28566
-2.61153
-3.01725
-1.8442
-2.69779
-3.15295
-2.54575
-0.7627
-3.17886
0
-3.35044
-2.96237
-1.73084
-3.73774
-1.081
-2.33058
-2.38163
-1.98848
-3.78906
-1.69283
-0.577872
-2.31281
-3.36737
-0.0380733
-1.34512
-0.678666
-1.69232
-2.48281
-0.472558
0.350251
-1.26167
-1.60124
-1.96617
-1.6818
-1.84501
-1.41462
-3.35044
0
-1.27501
-2.5208
-2.37347
-1.65397
-1.55618
-0.807051
-1.64275
0.209304
-2.2605
2.30549
-1.62847
-0.588705
-3.96924
-1.26211
-0.141589
-3.04359
-2.87608
-2.25248
-0.864269
-2.22294
-3.10031
-4.61903
-2.14611
-2.50142
-2.75148
-2.96237
-1.27501
0
-0.687982
-1.84327
-1.18572
-0.970221
-2.98666
-2.23689
-2.06385
-1.30156
-1.70915
-1.05014
-1.11426
-1.57791
-2.16314
-1.11261
-2.37393
-3.37622
-0.255882
-1.24833
-2.69656
-2.71093
-1.04871
-2.71271
0.0226482
-1.2258
-1.73084
-2.5208
-0.687982
0
-1.95503
-0.560138
-1.75043
-3.14482
-1.23523
-0.775521
-3.79464
-1.74836
-1.32752
0.0650088
-3.08984
-1.83332
-1.6995
-1.39439
-1.66478
-2.99181
-1.21498
0.46159
-2.20252
-2.29994
-2.15945
-2.70644
-0.779815
-3.73774
-2.37347
-1.84327
-1.95503
0
-0.184162
-2.64756
-1.38901
-1.05619
-2.1366
-2.17901
-1.52176
-3.22173
-2.2886
-1.75822
-1.44977
-1.34202
-1.8344
-2.00913
0.0333682
-2.70481
-3.28089
-0.731154
-0.718523
-3.01464
-2.75264
-2.80587
-1.081
-1.65397
-1.18572
-0.560138
-0.184162
0
-0.783785
-1.2327
-2.32589
-0.929174
-2.84234
-2.32103
-1.39285
-2.21988
-3.244
-2.51245
-1.18807
-2.33747
-1.76059
-1.50739
-1.78666
-3.9283
-3.39296
-1.54033
-2.55716
-1.7311
-0.0963869
-2.33058
-1.55618
-0.970221
-1.75043
-2.64756
-0.783785
0
-0.818586
-1.90846
-2.14993
-3.14051
-3.61784
-1.62867
-2.63903
-1.43819
0.5826
-2.58795
-1.61687
-0.977327
-2.65665
-0.483972
-0.891543
-2.22778
-1.96746
-1.59279
-1.38404
-0.898314
-2.38163
-0.807051
-2.98666
-3.14482
-1.38901
-1.2327
-0.818586
0
-2.52873
-1.97047
-3.5422
-2.18996
-1.28574
-0.47264
-2.06084
-1.90807
-1.68315
-3.84543
-2.54481
-1.17102
-0.778507
-1.27327
-1.99127
-1.20457
-2.25905
-1.4543
-2.71855
-1.98848
-1.64275
-2.23689
-1.23523
-1.05619
-2.32589
-1.90846
-2.52873
0
-3.34044
-0.946221
-1.0615
-1.72073
-2.69241
-3.02988
-2.36088
-3.30238
0.261907
-3.44488
-2.05008
-2.39478
-2.89399
1.57971
-2.71503
-0.214246
-2.11592
-1.41625
-3.78906
0.209304
-2.06385
-0.775521
-2.1366
-0.929174
-2.14993
-1.97047
-3.34044
0
-2.70997
-1.63747
-1.7292
-1.90191
-2.12852
-1.03763
-1.61417
-1.07974
-1.33539
-1.01253
-4.08306
-4.06821
-0.487324
-2.59475
-0.498136
-3.12773
-1.39442
-1.69283
-2.2605
-1.30156
-3.79464
-2.17901
-2.84234
-3.14051
-3.5422
-0.946221
-2.70997
0
-1.71864
-1.21549
-2.6411
-1.92679
-3.01005
-2.49073
-1.31315
-2.13013
-2.26717
-2.27168
-2.44914
-2.35341
-2.44991
-3.23435
-2.00662
-1.3565
-0.577872
2.30549
-1.70915
-1.74836
-1.52176
-2.32103
-3.61784
-2.18996
-1.0615
-1.63747
-1.71864
0
-2.34101
-0.988669
-3.20017
0.289292
-3.2253
-0.985433
-1.20557
-0.61767
-0.664119
-2.52944
-4.62854
-0.886526
-1.54593
-2.3958
-1.75076
-2.31281
-1.62847
-1.05014
-1.32752
-3.22173
-1.39285
-1.62867
-1.28574
-1.72073
-1.7292
-1.21549
-2.34101
0
