0
-2.19876
-0.504863
-2.39667
-2.63524
-0.0501734
-0.955632
-1.49645
-1.12892
-2.8599
-3.52774
-1.22945
-0.971964
-3.89025
-2.36995
-2.12417
-1.23755
-3.06903
-0.477028
-1.39585
-3.55822
-1.01111
-1.98608
-3.60191
-2.13415
-0.213723
-1.18502
-2.19876
0
-2.11272
-2.34163
-3.03526
-1.08478
-2.44494
-1.78813
-1.39124
-2.40994
-0.995707
-3.04368
-1.44579
-1.08057
-2.16173
-2.80691
-3.26463
-1.90363
-1.78581
-2.73156
-2.75129
-0.602014
-3.40127
-3.88419
-1.82645
-1.59549
-0.621744
-0.504863
-2.11272
0
-2.43619
-2.51412
-2.66101
-1.5336
0.224908
-4.07808
-0.862602
-2.50507
-2.15385
-4.03327
-2.46535
-3.86446
-1.56039
-1.69692
-2.32849
-2.33231
-1.14987
-2.02934
-2.16411
-1.37426
-2.6702
-1.8621
-1.95993
-3.44346
-2.39667
-2.34163
-2.43619
0
-3.21993
-2.31957
-3.3219
-0.986487
-1.54029
-2.25806
-0.463479
-1.14445
-1.00636
-1.95528
-0.102581
-1.99913
-1.9833
-1.86721
-1.84494
-1.00396
-1.81865
-0.476544
-2.65142
-3.06881
-0.610618
-2.3821
-1.79589
-2.63524
-3.03526
-2.51412
-3.21993
0
-0.659003
-1.46912
-2.09873
-0.874113
-1.51585
-0.467299
-0.214852
-1.9508
-3.62257
-1.61643
0.980643
-1.49082
-2.66313
-2.64056
-1.6557
0.366348
-1.92118
-3.12149
-2.15436
-1.91019
-2.60846
-2.82627
-0.0501734
-1.08478
-2.66101
-2.31957
-0.659003
0
-1.38361
-1.55461
-1.46246
-1.9413
-2.57535
-3.63838
-0.244565
-1.7883
-3.42404
-0.0193156
-3.21651
-1.49349
-1.79806
0.887026
-1.75208
-2.63519
-2.55992
-1.73995
-0.735707
-3.74195
-0.98647
-0.955632
-2.44494
-1.5336
-3.3219
-1.46912
-1.38361
0
-3.42935
-2.80522
-2.81811
-3.43062
-0.552206
-2.72336
-1.99412
-0.959465
-1.23431
-2.67869
-3.09968
-1.18562
-1.98406
-1.92704
-0.790101
-1.29516
-1.72249
-1.86066
-1.25696
-1.51886
-1.49645
-1.78813
0.224908
-0.986487
-2.09873
-1.55461
-3.42935
0
-1.8781
-2.7955
-1.50593
-1.29733
-1.93944
-2.76969
-2.29581
-2.54308
-2.45852
-3.03271
-2.70481
-2.45567
-3.0947
-0.670554
-1.41711
-2.93248
-1.5348
-0.327859
-3.27122
-1.12892
-1.39124
-4.07808
-1.54029
-0.874113
-1.46246
-2.80522
-1.8781
0
-1.77715
-0.233289
-3.9146
-2.08209
-1.87852
-0.766253
-2.92541
-2.20646
-0.847859
-2.79304
-2.11338
-1.31842
-1.94904
-1.86116
-3.24433
-0.585403
-1.47468
-1.05313
-2.8599
-2.40994
-0.862602
-2.25806
-1.51585
-1.9413
-2.81811
-2.7955
-1.77715
0
-0.894153
-1.88065
-1.58578
-1.5934
-3.54404
-0.539822
-0.742405
-0.667202
-2.30502
-2.12254
-1.30814
-3.19542
-3.919
-2.37721
-2.68957
-1.77115
-3.70371
-3.52774
-0.995707
-2.50507
-0.463479
-0.467299
-2.57535
-3.43062
-1.50593
-0.233289
-0.894153
0
-3.59609
-3.44361
-1.57512
-1.75188
-1.67135
-0.34284
-3.83299
-1.968
-1.06406
-0.808346
-0.909466
-2.89296
-0.886121
-2.55767
-4.87911
-1.03152
-1.22945
-3.04368
-2.15385
-1.14445
-0.214852
-3.63838
-0.552206
-1.29733
-3.9146
-1.88065
-3.59609
0
-2.13196
-2.12967
-1.255
-2.74144
-1.03338
-1.31358
-2.02195
-3.88187
-2.36377
-3.72813
-1.98641
-3.32871
-2.00233
-3.19124
-2.85449
-0.971964
-1.44579
-4.03327
-1.00636
-1.9508
-0.244565
-2.72336
-1.93944
-2.08209
-1.58578
-3.44361
-2.13196
0
-1.41017
-1.75251
-3.06623
-0.0139318
-4.27871
-3.02516
-1.35659
-3.2409
-2.24454
-1.34166
-1.0563
-1.53469
-1.48347
-2.94717
-3.89025
-1.08057
-2.46535
-1.95528
-3.62257
-1.7883
-1.99412
-2.76969
-1.87852
-1.5934
-1.57512
-2.12967
-1.41017
0
-2.94126
-4.02584
-3.48764
-1.87009
-1.1082
-0.548374
-1.92402
-2.90818
-3.74065
-1.911
-2.65662
-2.66064
-1.54539
-2.36995
-2.16173
-3.86446
-0.102581
-1.61643
-3.42404
-0.959465
-2.29581
-0.766253
-3.54404
-1.75188
-1.255
-1.75251
-2.94126
0
-1.29597
-1.92402
-2.44369
-1.72657
-1.60183
-2.61026
-3.12771
-2.86736
-2.76314
-1.41002
-1.06891
-2.29615
-2.12417
-2.80691
-1.56039
-1.99913
0.980643
-0.0193156
-1.23431
-2.54308
-2.92541
-0.539822
-1.67135
-2.74144
-3.06623
-4.02584
-1.29597
0
-2.30472
-0.915863
-2.2899
-0.823392
-2.09456
-1.52334
-1.45254
-2.2112
-0.182231
-0.242099
-2.0319
-1.23755
-3.26463
-1.69692
-1.9833
-1.49082
-3.21651
-2.67869
-2.45852
-2.20646
-0.742405
-0.34284
-1.03338
-0.0139318
-3.48764
-1.92402
-2.30472
0
-1.10737
-2.0879
-1.34939
-1.42095
-1.83136
-2.22493
-1.29932
-1.79961
-2.38165
-1.73275
-3.06903
-1.90363
-2.32849
-1.86721
-2.66313
-1.49349
-3.09968
-3.03271
-0.847859
-0.667202
-3.83299
-1.31358
-4.27871
-1.87009
-2.44369
-0.915863
-1.10737
0
-1.55685
-2.11795
-2.74113
-0.952629
-2.29373
-1.90223
-2.45901
-1.71376
0.382259
-0.477028
-1.78581
-2.33231
-1.84494
-2.64056
-1.79806
-1.18562
-2.70481
-2.79304
-2.30502
-1.968
-2.02195
-3.02516
-1.1082
-1.72657
-2.2899
-2.0879
-1.55685
0
-2.61247
-1.72628
-1.09109
-3.65629
-4.04313
-3.63317
-1.55846
-1.45439
-1.39585
-2.73156
-1.14987
-1.00396
-1.6557
0.887026
-1.98406
-2.45567
-2.11338
-2.12254
-1.06406
-3.88187
-1.35659
-0.548374
-1.60183
-0.823392
-1.34939
-2.11795
-2.61247
0
-4.79505
-2.01404
-1.41276
-2.79763
-1.8241
-2.55094
-1.63645
-3.55822
-2.75129
-2.02934
-1.81865
0.366348
-1.75208
-1.92704
-3.0947
-1.31842
-1.30814
-0.808346
-2.36377
-3.2409
-1.92402
-2.61026
-2.09456
-1.42095
-2.74113
-1.72628
-4.79505
0
-2.57766
-3.11677
-3.52077
0.284587
-1.73139
-1.13321
-1.01111
-0.602014
-2.16411
-0.476544
-1.92118
-2.63519
-0.790101
-0.670554
-1.94904
-3.19542
-0.909466
-3.72813
-2.24454
-2.90818
-3.12771
-1.52334
-1.83136
-0.952629
-1.09109
-2.01404
-2.57766
0
-1.50286
-2.27744
-0.947092
-1.97917
-2.16571
-1.98608
-3.40127
-1.37426
-2.65142
-3.12149
-2.55992
-1.29516
-1.41711
-1.86116
-3.919
-2.89296
-1.98641
-1.34166
-3.74065
-2.86736
-1.45254
-2.22493
-2.29373
-3.65629
-1.41276
-3.11677
-1.50286
0
-2.26742
-2.14002
-4.70965
-1.15715
-3.60191
-3.88419
-2.6702
-3.06881
-2.15436
-1.73995
-1.72249
-2.93248
-3.24433
-2.37721
-0.886121
-3.32871
-1.0563
-1.911
-2.76314
-2.2112
-1.29932
-1.90223
-4.04313
-2.79763
-3.52077
-2.27744
-2.26742
0
-1.03755
-1.42119
-0.66879
-2.13415
-1.82645
-1.8621
-0.610618
-1.91019
-0.735707
-1.86066
-1.5348
-0.585403
-2.68957
-2.55767
-2.00233
-1.53469
-2.65662
-1.41002
-0.182231
-1.79961
-2.45901
-3.63317
-1.8241
0.284587
-0.947092
-2.14002
-1.03755
0
-1.98753
-1.58377
-0.213723
-1.59549
-1.95993
-2.3821
-2.60846
-3.74195
-1.25696
-0.327859
-1.47468
-1.77115
-4.87911
-3.19124
-1.48347
-2.66064
-1.06891
-0.242099
-2.38165
-1.71376
-1.55846
-2.55094
-1.73139
-1.97917
-4.70965
-1.42119
-1.98753
0
-2.37026
-1.18502
-0.621744
-3.44346
-1.79589
-2.82627
-0.98647
-1.51886
-3.27122
-1.05313
-3.70371
-1.03152
-2.85449
-2.94717
-1.54539
-2.29615
-2.0319
-1.73275
0.382259
-1.45439
-1.63645
-1.13321
-2.16571
-1.15715
-0.66879
-1.58377
-2.37026
0
