0
-1.75228
-0.652538
-0.286778
-1.55795
-1.29573
-3.22524
-2.56734
-2.60292
-2.10522
-1.78498
-0.192628
-2.03768
-2.54689
-2.2802
-0.992043
-2.60074
-2.99526
-0.9279
-1.9884
-2.51854
-0.0614304
-1.2665
-2.04396
-2.32917
-2.01898
-0.400045
-1.75228
0
-1.91285
-2.73617
-2.91528
-0.610918
-2.46343
-2.57465
-1.61843
0.099096
-1.98262
-1.97494
-1.23852
-0.620879
-2.9179
-0.800702
-1.97693
-2.43564
-0.8599
-1.84808
-1.24768
-2.27291
-1.77304
-2.04056
-2.37314
-0.732281
-2.32113
-0.652538
-1.91285
0
-2.41464
-3.48056
0.0607422
-1.83846
-1.60637
-4.13998
0.901352
-0.904319
-2.5976
-2.52189
-2.21911
-3.62956
-4.72134
-2.62031
-3.17336
-1.50564
-1.60645
-1.90128
-2.22248
-0.485398
-0.709973
-0.275023
-2.53495
0.412618
-0.286778
-2.73617
-2.41464
0
-2.40821
-2.17512
-1.37189
-1.81303
-2.29073
-1.5351
-4.73517
-1.2325
-2.31689
-1.11775
-1.2136
-2.39976
-1.85376
-3.26987
-2.64332
-1.50952
-0.797014
-3.15421
0.0630057
-1.58752
-3.12764
-2.12961
-2.35077
-1.55795
-2.91528
-3.48056
-2.40821
0
-2.36924
-2.87002
-2.33601
-1.41175
-0.844954
-1.69693
-1.06586
0.240885
-1.03756
-0.848378
-1.86171
-1.14099
-2.20899
-2.69614
-2.75909
-2.03589
-1.80569
-3.43339
-1.84541
-1.08605
-2.03796
-1.39856
-1.29573
-0.610918
0.0607422
-2.17512
-2.36924
0
-1.97348
-2.60851
-0.484636
-1.04186
-0.0366828
-1.69351
-3.59238
-3.0143
-3.69601
-1.83793
-3.62643
-1.99266
-2.80825
-2.89964
-1.34406
-1.52569
-3.88888
-2.69891
-2.30165
-1.52231
-1.70639
-3.22524
-2.46343
-1.83846
-1.37189
-2.87002
-1.97348
0
-2.80615
-0.949833
-2.58057
-1.3491
-2.68171
-1.12899
-2.88774
-1.96927
-3.07707
-1.84571
-1.8565
-1.46722
-2.82646
-2.79327
-2.33711
-2.40908
-2.56952
-1.73893
-1.32744
-3.11111
-2.56734
-2.57465
-1.60637
-1.81303
-2.33601
-2.60851
-2.80615
0
-2.51176
-3.69683
-2.3278
0.136627
-3.24443
-3.01059
-0.791448
-2.61664
0.136518
-0.913181
-2.14952
-2.58338
-2.98732
-1.27935
-2.68543
-3.31741
-2.32485
-1.72654
-2.65834
-2.60292
-1.61843
-4.13998
-2.29073
-1.41175
-0.484636
-0.949833
-2.51176
0
-2.04753
-1.93713
-0.636371
-0.462422
-4.96625
-1.58439
-1.5051
-3.81054
-1.75988
-1.95336
-1.45183
-3.19145
-2.16553
-2.28642
-2.62978
-2.97253
-4.61999
-0.827121
-2.10522
0.099096
0.901352
-1.5351
-0.844954
-1.04186
-2.58057
-3.69683
-2.04753
0
-0.312413
-3.59291
-2.30824
-3.99023
-0.865307
-2.39183
-1.03772
-1.23886
-1.93233
-1.99978
-2.26149
-1.91696
-0.499582
-1.94632
-0.994256
-2.72165
-2.49508
-1.78498
-1.98262
-0.904319
-4.73517
-1.69693
-0.0366828
-1.3491
-2.3278
-1.93713
-0.312413
0
-0.964409
-3.81305
-1.3524
-3.92305
-0.766612
-3.59976
-2.43918
-0.0600957
-3.37148
-1.50514
-0.932036
-1.10818
-0.769532
-0.0362014
-1.55333
-0.191199
-0.192628
-1.97494
-2.5976
-1.2325
-1.06586
-1.69351
-2.68171
0.136627
-0.636371
-3.59291
-0.964409
0
-1.49391
-2.97424
-2.23583
-0.58427
-3.44293
-1.85611
-0.772878
-2.25665
0.0429382
-2.16765
-0.31607
-0.53413
-3.52717
-1.16956
-1.89688
-2.03768
-1.23852
-2.52189
-2.31689
0.240885
-3.59238
-1.12899
-3.24443
-0.462422
-2.30824
-3.81305
-1.49391
0
-4.03715
-1.51951
-1.45141
-2.38781
-1.55434
-1.25614
-1.74736
-0.500802
-3.14272
-2.76287
-1.17714
-1.86716
-0.979668
-3.23866
-2.54689
-0.620879
-2.21911
-1.11775
-1.03756
-3.0143
-2.88774
-3.01059
-4.96625
-3.99023
-1.3524
-2.97424
-4.03715
0
-3.11244
-1.65618
-2.62981
-2.86822
-1.74247
-2.97218
-0.00664283
-0.503547
-1.30165
-1.51947
-0.930726
-2.61398
-2.71629
-2.2802
-2.9179
-3.62956
-1.2136
-0.848378
-3.69601
-1.96927
-0.791448
-1.58439
-0.865307
-3.92305
-2.23583
-1.51951
-3.11244
0
-2.51212
-0.918077
-2.39761
-2.36184
-1.2452
-4.08339
-1.93197
-2.4439
-0.868279
-3.8033
-2.47089
-2.37195
-0.992043
-0.800702
-4.72134
-2.39976
-1.86171
-1.83793
-3.07707
-2.61664
-1.5051
-2.39183
-0.766612
-0.58427
-1.45141
-1.65618
-2.51212
0
-2.00662
-2.08882
-1.82137
-4.35746
-1.98322
-2.21656
-2.72249
-0.227527
-0.36281
-2.42638
-1.18313
-2.60074
-1.97693
-2.62031
-1.85376
-1.14099
-3.62643
-1.84571
0.136518
-3.81054
-1.03772
-3.59976
-3.44293
-2.38781
-2.62981
-0.918077
-2.00662
0
-2.85193
-1.76292
-2.22394
-0.61295
-2.17352
-2.20642
-1.832
-1.57695
-2.54205
-2.62571
-2.99526
-2.43564
-3.17336
-3.26987
-2.20899
-1.99266
-1.8565
-0.913181
-1.75988
-1.23886
-2.43918
-1.85611
-1.55434
-2.86822
-2.39761
-2.08882
-2.85193
0
-1.36307
-1.87753
-0.19222
-1.04937
0.297401
-1.57085
-1.75084
-3.48241
-2.87249
-0.9279
-0.8599
-1.50564
-2.64332
-2.69614
-2.80825
-1.46722
-2.14952
-1.95336
-1.93233
-0.0600957
-0.772878
-1.25614
-1.74247
-2.36184
-1.82137
-1.76292
-1.36307
0
-1.07788
-2.31464
-2.52246
-1.29247
-1.81489
-2.05103
-1.24762
-1.47952
-1.9884
-1.84808
-1.60645
-1.50952
-2.75909
-2.89964
-2.82646
-2.58338
-1.45183
-1.99978
-3.37148
-2.25665
-1.74736
-2.97218
-1.2452
-4.35746
-2.22394
-1.87753
-1.07788
0
-0.29031
-1.93995
-0.637108
-0.194129
-3.56203
-3.85058
-1.95796
-2.51854
-1.24768
-1.90128
-0.797014
-2.03589
-1.34406
-2.79327
-2.98732
-3.19145
-2.26149
-1.50514
0.0429382
-0.500802
-0.00664283
-4.08339
-1.98322
-0.61295
-0.19222
-2.31464
-0.29031
0
-0.720234
-1.75372
-2.79947
-1.15158
-2.21242
-3.37092
-0.0614304
-2.27291
-2.22248
-3.15421
-1.80569
-1.52569
-2.33711
-1.27935
-2.16553
-1.91696
-0.932036
-2.16765
-3.14272
-0.503547
-1.93197
-2.21656
-2.17352
-1.04937
-2.52246
-1.93995
-0.720234
0
-1.32806
-0.695526
-2.96674
-2.4453
-1.97515
-1.2665
-1.77304
-0.485398
0.0630057
-3.43339
-3.88888
-2.40908
-2.68543
-2.28642
-0.499582
-1.10818
-0.31607
-2.76287
-1.30165
-2.4439
-2.72249
-2.20642
0.297401
-1.29247
-0.637108
-1.75372
-1.32806
0
-0.503653
-1.6706
-1.53436
-1.23989
-2.04396
-2.04056
-0.709973
-1.58752
-1.84541
-2.69891
-2.56952
-3.31741
-2.62978
-1.94632
-0.769532
-0.53413
-1.17714
-1.51947
-0.868279
-0.227527
-1.832
-1.57085
-1.81489
-0.194129
-2.79947
-0.695526
-0.503653
0
-1.89697
-2.21171
-1.6443
-2.32917
-2.37314
-0.275023
-3.12764
-1.08605
-2.30165
-1.73893
-2.32485
-2.97253
-0.994256
-0.0362014
-3.52717
-1.86716
-0.930726
-3.8033
-0.36281
-1.57695
-1.75084
-2.05103
-3.56203
-1.15158
-2.96674
-1.6706
-1.89697
0
-2.56572
-3.05602
-2.01898
-0.732281
-2.53495
-2.12961
-2.03796
-1.52231
-1.32744
-1.72654
-4.61999
-2.72165
-1.55333
-1.16956
-0.979668
-2.61398
-2.47089
-2.42638
-2.54205
-3.48241
-1.24762
-3.85058
-2.21242
-2.4453
-1.53436
-2.21171
-2.56572
0
-1.99653
-0.400045
-2.32113
0.412618
-2.35077
-1.39856
-1.70639
-3.11111
-2.65834
-0.827121
-2.49508
-0.191199
-1.89688
-3.23866
-2.71629
-2.37195
-1.18313
-2.62571
-2.87249
-1.47952
-1.95796
-3.37092
-1.97515
-1.23989
-1.6443
-3.05602
-1.99653
0
