0
-0.801325
-1.16379
-1.64581
-4.10176
-1.14834
-2.23835
-2.78135
-1.64772
-3.89111
-1.80676
-1.07477
-0.844854
-0.966908
-2.88644
-3.0267
-2.23523
-2.29702
-2.81192
-1.78048
-2.13386
-2.92511
-3.01378
-3.1925
-1.97016
-1.5737
-3.34235
-0.801325
0
-2.18634
-0.333341
-1.6293
-3.90449
-0.489069
0.532214
-3.09833
-1.86427
-2.38183
-0.494954
-0.847047
-1.45468
-1.1856
-2.37314
-4.18253
-2.60441
-1.59412
-3.82451
-2.74572
-1.44309
-2.70721
-3.53752
0.618523
-2.0557
-0.773889
-1.16379
-2.18634
0
-1.25413
-1.17757
-1.53708
-1.45078
-2.47189
-1.52633
-1.95538
-2.23767
-1.7862
-2.36816
-2.90541
-2.13427
-2.80512
-0.596724
-3.52816
-1.66011
-1.52551
-2.09069
-1.98775
-2.30986
-2.73471
-0.0788647
-3.3573
-1.26875
-1.64581
-0.333341
-1.25413
0
-1.24191
-2.43683
-3.49779
-2.14782
-3.71765
-1.15163
-1.7601
-1.30222
-1.73705
-1.43412
-2.31403
-1.71496
0.154941
-3.03274
-2.47755
-1.18525
-1.78307
-4.40547
-3.52331
-3.2942
-0.548501
-3.11417
-0.506553
-4.10176
-1.6293
-1.17757
-1.24191
0
-0.728816
-2.0492
-0.596988
-1.46689
-2.16874
-0.433305
-1.2617
-1.64171
-2.22331
-2.28419
-0.56882
-2.30444
-2.15793
-1.10121
-0.407581
-1.90481
-3.635
-0.295298
-2.96812
-2.60789
-1.99358
-1.77422
-1.14834
-3.90449
-1.53708
-2.43683
-0.728816
0
-4.59648
-1.59794
-1.89844
-2.31153
-0.746602
-1.80281
0.0699099
-1.81403
-3.38698
-1.9251
-1.41172
-1.52444
-2.00626
-2.44857
-2.72158
-2.9186
-1.70193
-0.89319
-0.147652
-0.958883
-2.36481
-2.23835
-0.489069
-1.45078
-3.49779
-2.0492
-4.59648
0
-2.13717
-1.14946
-2.25783
-2.38517
-2.0297
-3.72845
-0.954942
-1.24635
-2.07197
-3.24579
-2.06431
-1.193
-2.62469
0.152634
-0.304986
-0.0248754
-2.07234
-1.93966
-2.82893
-0.979642
-2.78135
0.532214
-2.47189
-2.14782
-0.596988
-1.59794
-2.13717
0
-2.13018
-4.33545
-3.28409
-0.726162
-2.28185
-1.19279
-2.42695
-2.89228
-1.69942
-1.87128
-2.0855
-2.66928
-2.88961
-3.52034
-2.93545
-1.00299
-2.50411
-1.91225
-1.9102
-1.64772
-3.09833
-1.52633
-3.71765
-1.46689
-1.89844
-1.14946
-2.13018
0
-1.89913
-1.11988
-3.0349
-1.82668
-1.11233
-0.577659
-1.90792
-3.00446
-1.00403
-2.26415
-3.1843
-2.89191
-3.05791
-3.35042
-1.58501
-3.09292
-1.78427
-2.62421
-3.89111
-1.86427
-1.95538
-1.15163
-2.16874
-2.31153
-2.25783
-4.33545
-1.89913
0
-1.78758
-0.935398
-2.08595
-3.03499
-1.11406
-0.920768
-1.09839
-1.25223
-3.05788
-2.99671
-2.83762
-2.98408
-2.46602
-2.11888
-2.09654
-2.82231
-1.79811
-1.80676
-2.38183
-2.23767
-1.7601
-0.433305
-0.746602
-2.38517
-3.28409
-1.11988
-1.78758
0
-2.5201
-2.25489
-1.9071
-3.69283
-0.907136
-1.32267
-1.80044
-1.54185
-0.908667
-3.44264
-2.19968
-3.39032
-2.04575
-0.142685
-2.21307
-0.858942
-1.07477
-0.494954
-1.7862
-1.30222
-1.2617
-1.80281
-2.0297
-0.726162
-3.0349
-0.935398
-2.5201
0
-1.61885
0.295805
-2.13195
0.116801
-3.35217
-1.38122
-0.192409
-2.60647
-1.69163
-2.46422
-0.971874
-3.19088
-2.20694
-1.20571
-3.19512
-0.844854
-0.847047
-2.36816
-1.73705
-1.64171
0.0699099
-3.72845
-2.28185
-1.82668
-2.08595
-2.25489
-1.61885
0
-2.79751
-3.01416
-2.53792
-2.29096
-1.5068
-2.03398
-1.90666
-2.98721
-2.38374
0.0556581
-2.08294
-2.24321
-2.93724
-0.050286
-0.966908
-1.45468
-2.90541
-1.43412
-2.22331
-1.81403
-0.954942
-1.19279
-1.11233
-3.03499
-1.9071
0.295805
-2.79751
0
-1.24128
-2.97532
-0.81668
-1.506
-1.28064
-1.24421
-2.13374
-2.69102
-1.25248
-3.33347
-2.70032
-0.755262
-1.28632
-2.88644
-1.1856
-2.13427
-2.31403
-2.28419
-3.38698
-1.24635
-2.42695
-0.577659
-1.11406
-3.69283
-2.13195
-3.01416
-1.24128
0
-2.72455
-2.73602
-3.59225
-1.63776
-1.42363
-1.54442
-2.18739
-2.12059
-1.99065
-1.85571
-1.25806
-1.05157
-3.0267
-2.37314
-2.80512
-1.71496
-0.56882
-1.9251
-2.07197
-2.89228
-1.90792
-0.920768
-0.907136
0.116801
-2.53792
-2.97532
-2.72455
0
-1.68642
-0.694643
-2.73251
-2.77701
-2.25847
-2.05731
-2.01048
-1.96909
-2.78161
0.467039
-3.11669
-2.23523
-4.18253
-0.596724
0.154941
-2.30444
-1.41172
-3.24579
-1.69942
-3.00446
-1.09839
-1.32267
-3.35217
-2.29096
-0.81668
-2.73602
-1.68642
0
-0.748157
-2.64172
-2.15996
-0.483936
-0.616838
-1.41704
-2.68538
-2.19332
-0.894491
-1.97007
-2.29702
-2.60441
-3.52816
-3.03274
-2.15793
-1.52444
-2.06431
-1.87128
-1.00403
-1.25223
-1.80044
-1.38122
-1.5068
-1.506
-3.59225
-0.694643
-0.748157
0
-3.02942
-1.67149
-0.279612
-2.6469
-0.723628
-2.53129
-0.607149
-1.93389
-2.78581
-2.81192
-1.59412
-1.66011
-2.47755
-1.10121
-2.00626
-1.193
-2.0855
-2.26415
-3.05788
-1.54185
-0.192409
-2.03398
-1.28064
-1.63776
-2.73251
-2.64172
-3.02942
0
-3.72443
-5.52976
-1.38893
-3.59341
-2.16156
-3.88069
-2.59275
-1.83788
-1.78048
-3.82451
-1.52551
-1.18525
-0.407581
-2.44857
-2.62469
-2.66928
-3.1843
-2.99671
-0.908667
-2.60647
-1.90666
-1.24421
-1.42363
-2.77701
-2.15996
-1.67149
-3.72443
0
-2.18398
-2.8398
-0.182138
-1.04493
-0.979382
-1.8799
-2.04273
-2.13386
-2.74572
-2.09069
-1.78307
-1.90481
-2.72158
0.152634
-2.88961
-2.89191
-2.83762
-3.44264
-1.69163
-2.98721
-2.13374
-1.54442
-2.25847
-0.483936
-0.279612
-5.52976
-2.18398
0
-1.29394
-1.99738
-0.84097
-0.934775
-3.50632
-2.60697
-2.92511
-1.44309
-1.98775
-4.40547
-3.635
-2.9186
-0.304986
-3.52034
-3.05791
-2.98408
-2.19968
-2.46422
-2.38374
-2.69102
-2.18739
-2.05731
-0.616838
-2.6469
-1.38893
-2.8398
-1.29394
0
-0.432929
-1.19692
-3.00664
-2.56827
-0.711862
-3.01378
-2.70721
-2.30986
-3.52331
-0.295298
-1.70193
-0.0248754
-2.93545
-3.35042
-2.46602
-3.39032
-0.971874
0.0556581
-1.25248
-2.12059
-2.01048
-1.41704
-0.723628
-3.59341
-0.182138
-1.99738
-0.432929
0
-3.89027
-1.29181
-1.68358
-1.38464
-3.1925
-3.53752
-2.73471
-3.2942
-2.96812
-0.89319
-2.07234
-1.00299
-1.58501
-2.11888
-2.04575
-3.19088
-2.08294
-3.33347
-1.99065
-1.96909
-2.68538
-2.53129
-2.16156
-1.04493
-0.84097
-1.19692
-3.89027
0
-1.50401
-1.92787
-1.6941
-1.97016
0.618523
-0.0788647
-0.548501
-2.60789
-0.147652
-1.93966
-2.50411
-3.09292
-2.09654
-0.142685
-2.20694
-2.24321
-2.70032
-1.85571
-2.78161
-2.19332
-0.607149
-3.88069
-0.979382
-0.934775
-3.00664
-1.29181
-1.50401
0
-3.15934
-2.5241
-1.5737
-2.0557
-3.3573
-3.11417
-1.99358
-0.958883
-2.82893
-1.91225
-1.78427
-2.82231
-2.21307
-1.20571
-2.93724
-0.755262
-1.25806
0.467039
-0.894491
-1.93389
-2.59275
-1.8799
-3.50632
-2.56827
-1.68358
-1.92787
-3.15934
0
-0.0840649
-3.34235
-0.773889
-1.26875
-0.506553
-1.77422
-2.36481
-0.979642
-1.9102
-2.62421
-1.79811
-0.858942
-3.19512
-0.050286
-1.28632
-1.05157
-3.11669
-1.97007
-2.78581
-1.83788
-2.04273
-2.60697
-0.711862
-1.38464
-1.6941
-2.5241
-0.0840649
0
