0
-2.1968
-0.753648
0.106945
-1.15063
-3.04891
-0.745601
-2.5941
-2.2286
-2.5647
-2.70039
-2.13272
-1.83259
-0.552246
-2.26826
-3.72097
-1.63722
-2.70925
-0.749836
-1.91826
-0.851223
-3.05127
-1.36073
-1.62239
-0.929906
-3.37019
-2.02542
-2.1968
0
-1.47471
-2.13892
-3.67805
-3.40569
-2.94906
-2.65303
-1.05481
-2.42271
-1.77286
-2.48317
-2.17909
-2.57307
-1.34087
-2.81279
-3.68366
-1.00058
-3.66185
-1.20517
-2.35515
-2.86205
-2.39539
-2.6666
-1.70215
-1.61617
-1.63445
-0.753648
-1.47471
0
-2.93643
-1.19904
-1.39178
-3.86024
-2.76392
-1.9229
-1.32699
-2.71822
-1.6587
-2.98395
-1.79568
-2.63503
-2.92013
-2.55026
-1.53828
-2.4085
-4.17043
-2.60726
-0.683534
-1.71843
-2.55804
-2.76765
-3.48693
-2.83658
0.106945
-2.13892
-2.93643
0
-1.28465
-1.32397
-1.23905
-1.50843
-1.62089
-2.43996
-1.57332
-1.27425
-1.55353
-2.64338
-1.06926
-2.29096
-2.27286
-2.49869
-2.17887
-2.87174
-1.15329
-3.89089
-1.48519
-1.62578
-1.26537
-0.643115
-3.40507
-1.15063
-3.67805
-1.19904
-1.28465
0
-1.15617
-2.21898
-0.425272
-2.81369
-1.92768
-1.67184
-3.24881
-2.80896
-0.975096
-2.70747
-3.23634
-2.22766
-1.76928
-2.76266
-0.827912
-1.75732
-0.366114
-1.20759
-3.74411
-2.3222
-3.594
-2.30714
-3.04891
-3.40569
-1.39178
-1.32397
-1.15617
0
-2.03154
-4.06036
-2.55644
-3.30181
-3.64232
-3.00206
-2.74038
-3.92321
-1.84696
-2.19944
-4.35429
-1.98047
-1.13166
-2.08125
-1.38693
-1.57277
-1.86001
-2.71504
-3.29426
-1.90101
-2.68628
-0.745601
-2.94906
-3.86024
-1.23905
-2.21898
-2.03154
0
-1.33657
-2.15991
-1.31823
-2.05128
-0.876166
-2.09799
-2.69107
-4.25883
-0.776152
-3.42474
-1.98127
-1.96178
-2.49858
-4.19904
-2.03487
-0.717608
-3.60063
-3.32617
-3.18949
-2.07271
-2.5941
-2.65303
-2.76392
-1.50843
-0.425272
-4.06036
-1.33657
0
-3.94227
-2.1316
-1.79292
-1.01628
-1.60866
-2.87831
-2.68254
-2.54038
-1.31523
-2.34625
-2.02744
-2.91836
-0.450609
-4.05838
-0.849561
-1.27084
-1.90342
-2.45895
-0.52753
-2.2286
-1.05481
-1.9229
-1.62089
-2.81369
-2.55644
-2.15991
-3.94227
0
-3.17837
-1.34997
-1.35004
-2.04069
-2.86112
-2.28208
-1.54008
-0.0494726
-2.43698
-0.499799
-1.86218
-1.45256
-0.738868
0.180534
-2.28027
-3.22201
-1.68512
0.284549
-2.5647
-2.42271
-1.32699
-2.43996
-1.92768
-3.30181
-1.31823
-2.1316
-3.17837
0
-0.316283
-2.50742
-1.74047
-2.36417
-2.8166
-1.90925
-0.248795
-2.12595
-1.00941
-2.06391
-3.0633
-0.498731
-1.31455
-1.38797
-1.41522
-2.51493
-0.903032
-2.70039
-1.77286
-2.71822
-1.57332
-1.67184
-3.64232
-2.05128
-1.79292
-1.34997
-0.316283
0
-2.33846
-0.932577
-3.8818
-2.98974
-2.06029
-1.1314
-2.4549
-1.41486
-2.3997
-0.219698
-2.14423
-1.04739
-3.89036
-1.99483
-1.77277
-1.86686
-2.13272
-2.48317
-1.6587
-1.27425
-3.24881
-3.00206
-0.876166
-1.01628
-1.35004
-2.50742
-2.33846
0
-1.11974
-1.114
-2.24052
-1.86993
-3.07571
-1.57622
-1.66241
-1.56387
-1.39114
-1.85624
-1.00465
-0.840834
-2.10034
-2.02446
-2.41934
-1.83259
-2.17909
-2.98395
-1.55353
-2.80896
-2.74038
-2.09799
-1.60866
-2.04069
-1.74047
-0.932577
-1.11974
0
-2.66416
-3.37757
-1.43471
-1.64503
-1.24876
-2.32203
-2.12878
-1.98419
-2.46981
-1.07001
-2.08288
-3.77793
-0.0106588
-3.7638
-0.552246
-2.57307
-1.79568
-2.64338
-0.975096
-3.92321
-2.69107
-2.87831
-2.86112
-2.36417
-3.8818
-1.114
-2.66416
0
-2.9518
-1.49794
-0.124928
-2.89041
-2.25379
-1.89798
-1.45356
-2.79074
-1.93789
-2.07008
-2.6695
-1.70916
-1.14936
-2.26826
-1.34087
-2.63503
-1.06926
-2.70747
-1.84696
-4.25883
-2.68254
-2.28208
-2.8166
-2.98974
-2.24052
-3.37757
-2.9518
0
-0.437052
-2.37779
-2.51637
-2.0732
-3.08319
-4.4827
-1.86545
-1.69479
-2.24969
-2.53928
-2.17203
-0.916148
-3.72097
-2.81279
-2.92013
-2.29096
-3.23634
-2.19944
-0.776152
-2.54038
-1.54008
-1.90925
-2.06029
-1.86993
-1.43471
-1.49794
-0.437052
0
-1.43666
-3.20537
-1.30281
-0.786495
-1.08475
-1.9137
-1.08428
-1.673
-2.35206
-1.84512
-3.5732
-1.63722
-3.68366
-2.55026
-2.27286
-2.22766
-4.35429
-3.42474
-1.31523
-0.0494726
-0.248795
-1.1314
-3.07571
-1.64503
-0.124928
-2.37779
-1.43666
0
-0.400973
-1.11068
-2.53035
-3.09184
-2.02394
-1.81258
-3.41721
-2.09669
-2.88393
-1.87204
-2.70925
-1.00058
-1.53828
-2.49869
-1.76928
-1.98047
-1.98127
-2.34625
-2.43698
-2.12595
-2.4549
-1.57622
-1.24876
-2.89041
-2.51637
-3.20537
-0.400973
0
-1.31366
-2.99946
-1.67143
-0.615289
-1.57586
-3.18925
-1.91381
-3.23245
0.0201999
-0.749836
-3.66185
-2.4085
-2.17887
-2.76266
-1.13166
-1.96178
-2.02744
-0.499799
-1.00941
-1.41486
-1.66241
-2.32203
-2.25379
-2.0732
-1.30281
-1.11068
-1.31366
0
-1.88487
-3.90525
-2.77707
-1.22678
-1.04385
-3.78913
-1.7198
-2.22159
-1.91826
-1.20517
-4.17043
-2.87174
-0.827912
-2.08125
-2.49858
-2.91836
-1.86218
-2.06391
-2.3997
-1.56387
-2.12878
-1.89798
-3.08319
-0.786495
-2.53035
-2.99946
-1.88487
0
-1.66713
-1.17722
-1.5752
-1.34965
-2.68213
-0.555889
-1.34929
-0.851223
-2.35515
-2.60726
-1.15329
-1.75732
-1.38693
-4.19904
-0.450609
-1.45256
-3.0633
-0.219698
-1.39114
-1.98419
-1.45356
-4.4827
-1.08475
-3.09184
-1.67143
-3.90525
-1.66713
0
-1.6024
-0.324893
-1.37284
-2.14463
-0.651491
-1.20457
-3.05127
-2.86205
-0.683534
-3.89089
-0.366114
-1.57277
-2.03487
-4.05838
-0.738868
-0.498731
-2.14423
-1.85624
-2.46981
-2.79074
-1.86545
-1.9137
-2.02394
-0.615289
-2.77707
-1.17722
-1.6024
0
-2.18318
-1.56094
-2.16427
-0.734831
-3.12131
-1.36073
-2.39539
-1.71843
-1.48519
-1.20759
-1.86001
-0.717608
-0.849561
0.180534
-1.31455
-1.04739
-1.00465
-1.07001
-1.93789
-1.69479
-1.08428
-1.81258
-1.57586
-1.22678
-1.5752
-0.324893
-2.18318
0
-1.32
-2.02467
-1.64447
-0.969432
-1.62239
-2.6666
-2.55804
-1.62578
-3.74411
-2.71504
-3.60063
-1.27084
-2.28027
-1.38797
-3.89036
-0.840834
-2.08288
-2.07008
-2.24969
-1.673
-3.41721
-3.18925
-1.04385
-1.34965
-1.37284
-1.56094
-1.32
0
-0.3482
-1.72125
-0.493783
-0.929906
-1.70215
-2.76765
-1.26537
-2.3222
-3.29426
-3.32617
-1.90342
-3.22201
-1.41522
-1.99483
-2.10034
-3.77793
-2.6695
-2.53928
-2.35206
-2.09669
-1.91381
-3.78913
-2.68213
-2.14463
-2.16427
-2.02467
-0.3482
0
-3.63992
-1.42536
-3.37019
-1.61617
-3.48693
-0.643115
-3.594
-1.90101
-3.18949
-2.45895
-1.68512
-2.51493
-1.77277
-2.02446
-0.0106588
-1.70916
-2.17203
-1.84512
-2.88393
-3.23245
-1.7198
-0.555889
-0.651491
-0.734831
-1.64447
-1.72125
-3.63992
0
-1.46208
-2.02542
-1.63445
-2.83658
-3.40507
-2.30714
-2.68628
-2.07271
-0.52753
0.284549
-0.903032
-1.86686
-2.41934
-3.7638
-1.14936
-0.916148
-3.5732
-1.87204
0.0201999
-2.22159
-1.34929
-1.20457
-3.12131
-0.969432
-0.493783
-1.42536
-1.46208
0
