0
-2.68125
-1.99089
-3.24959
-1.72919
-3.1291
-2.85647
-0.908646
-3.57698
-2.28352
-3.34285
-2.09467
-1.87358
-3.30143
-0.460058
-1.65764
-4.73409
-3.28191
-2.3472
-3.9546
-1.79198
-1.1941
0.138872
-1.26977
-2.1498
-2.36203
-4.40441
-2.68125
0
0.594321
-2.02162
-3.40477
-2.06051
-0.387465
-2.31712
-1.98365
-2.68845
-3.07235
-2.47135
-1.26273
-3.08917
-3.85818
-3.5983
-2.93702
0.194312
-1.17469
-1.95495
-1.53675
-2.08843
-3.01741
-2.48717
-1.99421
-2.93749
-0.663271
-1.99089
0.594321
0
-2.53927
-0.974651
-0.414438
-2.0669
-1.51126
-1.59508
-1.87991
-1.45141
-1.14284
-0.932366
-0.756797
-0.229595
-0.2255
-1.11589
-1.8789
-1.79955
-2.22024
-2.66397
-3.3311
-1.87426
-2.21054
-3.34695
-3.84816
-0.827974
-3.24959
-2.02162
-2.53927
0
-2.21659
-2.51829
-2.45896
-3.04808
-1.58
-3.24208
-2.73132
-2.9512
-1.17272
-2.02417
-1.67255
-5.06172
-1.64941
-3.72505
-2.53794
-0.686093
-0.504083
-1.24315
-2.18042
0.185389
-3.12512
-0.914422
-0.878627
-1.72919
-3.40477
-0.974651
-2.21659
0
-1.49708
-1.83622
-2.2743
-0.846535
-0.615187
-2.35855
-3.29714
-1.45284
-1.29783
-4.25357
-1.08664
-3.37399
-2.35347
-3.28488
-1.16654
-3.64014
-1.79196
-2.97745
-1.40526
-1.1137
-0.495663
-1.02894
-3.1291
-2.06051
-0.414438
-2.51829
-1.49708
0
-2.17894
0.358203
-0.815234
-2.09957
-3.02918
-2.06531
-1.8815
-3.13019
-1.74921
-1.80816
-1.82036
-1.94904
-3.20158
-0.322792
-2.68746
-1.28404
-2.8642
-1.04902
-1.17045
-1.80383
-3.24289
-2.85647
-0.387465
-2.0669
-2.45896
-1.83622
-2.17894
0
-1.0798
-3.31728
-2.25725
-2.02052
-2.4704
-0.849826
-2.64021
-2.98791
-0.674804
-1.9099
-1.03577
-2.87247
-3.22619
-2.27764
-1.07988
-3.03893
0.485033
-3.17867
-0.282798
-2.5794
-0.908646
-2.31712
-1.51126
-3.04808
-2.2743
0.358203
-1.0798
0
-3.54368
-4.31537
-2.33096
-4.87674
-0.965759
-2.94437
-1.63585
-1.67741
-0.0180102
-2.25937
-2.92021
-0.472966
-2.37615
-1.41966
-2.01148
-2.7843
-1.35192
-2.48148
-0.793616
-3.57698
-1.98365
-1.59508
-1.58
-0.846535
-0.815234
-3.31728
-3.54368
0
-2.77357
-3.8709
-2.17762
-2.3114
-2.8198
-2.78014
-2.35188
-1.06575
-0.331335
-1.18448
-1.36013
-3.32845
-0.769731
-1.98081
-0.341512
-1.70524
-0.616795
0.552874
-2.28352
-2.68845
-1.87991
-3.24208
-0.615187
-2.09957
-2.25725
-4.31537
-2.77357
0
-2.29052
-1.29005
-2.07459
-2.1466
-1.77072
-1.67961
-2.71265
-1.87227
-2.53055
-3.50094
-1.74267
-2.84883
-1.55625
-0.10304
-1.94929
-2.29223
-1.34551
-3.34285
-3.07235
-1.45141
-2.73132
-2.35855
-3.02918
-2.02052
-2.33096
-3.8709
-2.29052
0
-1.88841
-3.49841
-3.27129
-2.36295
-3.43729
-2.17029
-0.635625
-3.97709
-1.59252
-3.56333
-2.36992
-1.96257
-2.56388
-2.71672
-1.22725
-2.4291
-2.09467
-2.47135
-1.14284
-2.9512
-3.29714
-2.06531
-2.4704
-4.87674
-2.17762
-1.29005
-1.88841
0
-1.12162
-0.529671
-2.04061
-1.64953
-2.77739
-2.7825
-2.17048
-3.10647
-1.07414
-1.7099
-3.20025
-2.58952
-2.60249
-2.87842
-3.6616
-1.87358
-1.26273
-0.932366
-1.17272
-1.45284
-1.8815
-0.849826
-0.965759
-2.3114
-2.07459
-3.49841
-1.12162
0
-1.95087
-1.63482
-2.10912
-1.51935
-0.75812
-3.01103
-1.90967
-2.69601
-2.08055
-1.91158
-0.0272575
-1.79057
-2.1604
-2.00635
-3.30143
-3.08917
-0.756797
-2.02417
-1.29783
-3.13019
-2.64021
-2.94437
-2.8198
-2.1466
-3.27129
-0.529671
-1.95087
0
-3.2055
-1.60796
-2.13936
-1.13689
-0.911294
-2.27628
-1.20759
-1.79537
-2.18055
-2.0251
-1.4772
-1.95331
-1.59823
-0.460058
-3.85818
-0.229595
-1.67255
-4.25357
-1.74921
-2.98791
-1.63585
-2.78014
-1.77072
-2.36295
-2.04061
-1.63482
-3.2055
0
-2.00736
-2.72172
-3.49208
-3.32756
-3.56175
-2.81294
-3.16697
-3.12262
-3.35522
-1.52029
-3.35251
-2.87804
-1.65764
-3.5983
-0.2255
-5.06172
-1.08664
-1.80816
-0.674804
-1.67741
-2.35188
-1.67961
-3.43729
-1.64953
-2.10912
-1.60796
-2.00736
0
-3.24735
-3.8517
-2.14798
-1.34259
-2.10361
-1.70928
-2.36824
-1.0271
-0.634331
-1.0294
-2.30298
-4.73409
-2.93702
-1.11589
-1.64941
-3.37399
-1.82036
-1.9099
-0.0180102
-1.06575
-2.71265
-2.17029
-2.77739
-1.51935
-2.13936
-2.72172
-3.24735
0
-0.15159
-2.29597
-2.23016
-2.14118
-1.71572
0.571295
-0.767381
-1.81181
-2.46873
-0.777252
-3.28191
0.194312
-1.8789
-3.72505
-2.35347
-1.94904
-1.03577
-2.25937
-0.331335
-1.87227
-0.635625
-2.7825
-0.75812
-1.13689
-3.49208
-3.8517
-0.15159
0
-1.24073
-1.87497
-1.27341
-2.05795
-3.3371
-0.662334
-2.12334
-2.02233
-1.30999
-2.3472
-1.17469
-1.79955
-2.53794
-3.28488
-3.20158
-2.87247
-2.92021
-1.18448
-2.53055
-3.97709
-2.17048
-3.01103
-0.911294
-3.32756
-2.14798
-2.29597
-1.24073
0
-1.95786
-1.69268
-0.382743
-2.0236
-1.20165
-2.18251
-2.64964
-0.33284
-3.9546
-1.95495
-2.22024
-0.686093
-1.16654
-0.322792
-3.22619
-0.472966
-1.36013
-3.50094
-1.59252
-3.10647
-1.90967
-2.27628
-3.56175
-1.34259
-2.23016
-1.87497
-1.95786
0
-2.90013
-2.65498
-2.1231
-0.967947
-2.99217
-4.76458
-0.845356
-1.79198
-1.53675
-2.66397
-0.504083
-3.64014
-2.68746
-2.27764
-2.37615
-3.32845
-1.74267
-3.56333
-1.07414
-2.69601
-1.20759
-2.81294
-2.10361
-2.14118
-1.27341
-1.69268
-2.90013
0
-0.692067
-0.652078
-2.54342
-0.529952
-1.8353
-0.758731
-1.1941
-2.08843
-3.3311
-1.24315
-1.79196
-1.28404
-1.07988
-1.41966
-0.769731
-2.84883
-2.36992
-1.7099
-2.08055
-1.79537
-3.16697
-1.70928
-1.71572
-2.05795
-0.382743
-2.65498
-0.692067
0
-3.05106
-2.96357
-1.79342
-1.5092
-3.2899
0.138872
-3.01741
-1.87426
-2.18042
-2.97745
-2.8642
-3.03893
-2.01148
-1.98081
-1.55625
-1.96257
-3.20025
-1.91158
-2.18055
-3.12262
-2.36824
0.571295
-3.3371
-2.0236
-2.1231
-0.652078
-3.05106
0
0.301355
-0.927436
-0.264252
-0.55313
-1.26977
-2.48717
-2.21054
0.185389
-1.40526
-1.04902
0.485033
-2.7843
-0.341512
-0.10304
-2.56388
-2.58952
-0.0272575
-2.0251
-3.35522
-1.0271
-0.767381
-0.662334
-1.20165
-0.967947
-2.54342
-2.96357
0.301355
0
-2.75152
-1.15353
-3.11284
-2.1498
-1.99421
-3.34695
-3.12512
-1.1137
-1.17045
-3.17867
-1.35192
-1.70524
-1.94929
-2.71672
-2.60249
-1.79057
-1.4772
-1.52029
-0.634331
-1.81181
-2.12334
-2.18251
-2.99217
-0.529952
-1.79342
-0.927436
-2.75152
0
-2.82198
-3.35868
-2.36203
-2.93749
-3.84816
-0.914422
-0.495663
-1.80383
-0.282798
-2.48148
-0.616795
-2.29223
-1.22725
-2.87842
-2.1604
-1.95331
-3.35251
-1.0294
-2.46873
-2.02233
-2.64964
-4.76458
-1.8353
-1.5092
-0.264252
-1.15353
-2.82198
0
-1.9777
-4.40441
-0.663271
-0.827974
-0.878627
-1.02894
-3.24289
-2.5794
-0.793616
0.552874
-1.34551
-2.4291
-3.6616
-2.00635
-1.59823
-2.87804
-2.30298
-0.777252
-1.30999
-0.33284
-0.845356
-0.758731
-3.2899
-0.55313
-3.11284
-3.35868
-1.9777
0
