0
-2.08277
-0.964521
-0.644611
-1.96348
-0.307065
0.0618523
-1.61069
-1.18989
-4.99529
-3.17246
-2.24702
-1.71759
-2.11657
-2.98428
-1.11761
-2.27436
-2.13636
-1.68616
-3.01826
-1.94593
-0.400928
-1.90766
-1.58988
-1.84766
-1.50958
-0.63438
-2.08277
0
-0.933838
-1.08028
-2.59156
-3.55956
-3.0378
-3.96911
-3.32291
-3.78078
-2.60054
-2.17995
-1.9658
-4.12867
-2.63271
-1.97881
-1.10323
-2.83034
-0.746781
-2.46684
-2.06111
-3.24107
-3.5046
-2.58455
-1.67671
-1.83021
-1.94551
-0.964521
-0.933838
0
-2.54105
-1.32013
-1.50543
-2.23507
-3.55936
-2.05842
-1.57783
-1.06641
-1.51332
-2.50037
-3.75708
-2.54245
-2.25087
-0.722285
-1.63471
-2.42038
-1.41992
-4.22061
-1.2054
0.0515165
-2.74714
-2.8337
-2.3217
-1.64268
-0.644611
-1.08028
-2.54105
0
-2.8193
-2.75855
-1.33688
-1.67679
-0.840601
-2.76041
-4.04495
0.253442
-1.76987
-2.49749
-2.04295
-0.929418
-1.73315
-2.74886
-2.37138
-2.34806
-1.07976
-0.310493
-0.848443
-2.73921
-1.89543
-1.268
-2.06103
-1.96348
-2.59156
-1.32013
-2.8193
0
-4.13906
-2.55344
-2.64214
-2.88868
-2.30558
-0.916162
-0.825606
-2.50176
-0.359039
-2.84568
-0.820445
-3.7177
-4.35977
-3.21924
-0.796161
-2.49801
-2.83464
-0.590603
-1.40733
-4.25748
-2.7783
-1.45474
-0.307065
-3.55956
-1.50543
-2.75855
-4.13906
0
0.647227
-2.87556
-0.549001
-3.36388
-2.17413
-2.06161
-2.6492
-2.77586
-2.59025
-2.82557
-3.47387
-1.77566
-0.926879
-3.06523
-1.60038
-0.420105
-1.99239
-2.24484
-0.351171
-2.68258
-3.03305
0.0618523
-3.0378
-2.23507
-1.33688
-2.55344
0.647227
0
-4.06676
-1.50576
-1.90395
-0.278592
-2.2706
-1.0212
-1.12031
-2.93386
-1.67958
-3.45017
0.353495
-1.62193
-3.33664
-2.2838
-2.76982
-1.05357
-4.1264
-2.16312
-1.40796
-2.95811
-1.61069
-3.96911
-3.55936
-1.67679
-2.64214
-2.87556
-4.06676
0
-2.75532
-1.56086
-1.88222
-1.29205
-1.83405
-1.27984
-3.42393
-0.184632
-2.42937
-2.47081
-4.2076
-1.47406
-1.29749
-0.748352
-1.20394
-2.73102
-0.986355
-0.514882
-0.569459
-1.18989
-3.32291
-2.05842
-0.840601
-2.88868
-0.549001
-1.50576
-2.75532
0
-3.79679
-2.09548
-0.682806
-1.19943
-1.94939
-2.06325
-2.22557
-1.36347
-2.78873
-1.242
-2.05036
0.092955
-2.32396
-1.54523
-3.10369
-0.54381
-2.50543
-2.6674
-4.99529
-3.78078
-1.57783
-2.76041
-2.30558
-3.36388
-1.90395
-1.56086
-3.79679
0
-0.818079
-1.23652
-0.743677
-1.1365
-1.72014
-2.43634
-2.49254
-4.23763
-1.2918
-1.16435
-2.47534
-2.65381
-2.03066
-2.80061
-0.56187
-1.66286
-0.473996
-3.17246
-2.60054
-1.06641
-4.04495
-0.916162
-2.17413
-0.278592
-1.88222
-2.09548
-0.818079
0
-1.74788
-2.52252
-1.67257
-1.06002
-1.22302
-2.32043
-1.58739
-1.78627
-1.40426
-2.91061
-2.52944
-1.46931
-0.932857
-3.806
-2.11442
-4.40764
-2.24702
-2.17995
-1.51332
0.253442
-0.825606
-2.06161
-2.2706
-1.29205
-0.682806
-1.23652
-1.74788
0
-2.16834
-1.12197
-1.82077
-2.44564
-1.41771
-1.47539
-2.8179
-0.759527
-1.63278
-1.58924
-1.44519
-1.88703
-2.4288
-1.073
-2.1674
-1.71759
-1.9658
-2.50037
-1.76987
-2.50176
-2.6492
-1.0212
-1.83405
-1.19943
-0.743677
-2.52252
-2.16834
0
-1.53628
-1.70252
-1.45894
-2.94065
-1.63633
-1.45384
-1.05462
-0.51032
-0.37714
-1.922
-2.71609
-0.848143
-2.16138
-1.25535
-2.11657
-4.12867
-3.75708
-2.49749
-0.359039
-2.77586
-1.12031
-1.27984
-1.94939
-1.1365
-1.67257
-1.12197
-1.53628
0
-3.4062
-2.1638
-1.55927
-2.57839
-2.45831
-4.26758
-1.28201
-1.44183
-2.73287
-2.67065
0.431484
-1.71423
-3.20532
-2.98428
-2.63271
-2.54245
-2.04295
-2.84568
-2.59025
-2.93386
-3.42393
-2.06325
-1.72014
-1.06002
-1.82077
-1.70252
-3.4062
0
-1.39588
-2.15671
-1.43506
-2.07658
-1.04852
-2.94767
-2.06179
-3.05067
-2.2397
-1.57487
-1.09642
-2.96308
-1.11761
-1.97881
-2.25087
-0.929418
-0.820445
-2.82557
-1.67958
-0.184632
-2.22557
-2.43634
-1.22302
-2.44564
-1.45894
-2.1638
-1.39588
0
-2.56301
-1.87526
-1.24795
0.337892
-2.37087
-1.43795
-1.76758
-2.05198
-1.4787
-1.22391
-1.01477
-2.27436
-1.10323
-0.722285
-1.73315
-3.7177
-3.47387
-3.45017
-2.42937
-1.36347
-2.49254
-2.32043
-1.41771
-2.94065
-1.55927
-2.15671
-2.56301
0
-0.970547
-2.67922
-0.296435
-1.86675
-2.16323
-1.16308
-1.80136
-2.06434
-1.75764
-0.646051
-2.13636
-2.83034
-1.63471
-2.74886
-4.35977
-1.77566
0.353495
-2.47081
-2.78873
-4.23763
-1.58739
-1.47539
-1.63633
-2.57839
-1.43506
-1.87526
-0.970547
0
-3.56828
-2.06958
-0.554513
-1.13277
-2.09574
-2.29071
-1.60759
-3.59065
-2.46687
-1.68616
-0.746781
-2.42038
-2.37138
-3.21924
-0.926879
-1.62193
-4.2076
-1.242
-1.2918
-1.78627
-2.8179
-1.45384
-2.45831
-2.07658
-1.24795
-2.67922
-3.56828
0
-2.5798
-0.683985
-1.63649
-1.47939
-1.7611
-2.53217
0.599763
-1.14443
-3.01826
-2.46684
-1.41992
-2.34806
-0.796161
-3.06523
-3.33664
-1.47406
-2.05036
-1.16435
-1.40426
-0.759527
-1.05462
-4.26758
-1.04852
0.337892
-0.296435
-2.06958
-2.5798
0
-2.06653
-2.08098
-2.52502
-1.23616
-3.81764
-2.08126
-2.59259
-1.94593
-2.06111
-4.22061
-1.07976
-2.49801
-1.60038
-2.2838
-1.29749
0.092955
-2.47534
-2.91061
-1.63278
-0.51032
-1.28201
-2.94767
-2.37087
-1.86675
-0.554513
-0.683985
-2.06653
0
-0.920425
-2.88228
-0.958575
-3.08358
-1.98655
-1.29413
-0.400928
-3.24107
-1.2054
-0.310493
-2.83464
-0.420105
-2.76982
-0.748352
-2.32396
-2.65381
-2.52944
-1.58924
-0.37714
-1.44183
-2.06179
-1.43795
-2.16323
-1.13277
-1.63649
-2.08098
-0.920425
0
-1.69931
-4.2588
-2.56345
-2.38134
-3.01898
-1.90766
-3.5046
0.0515165
-0.848443
-0.590603
-1.99239
-1.05357
-1.20394
-1.54523
-2.03066
-1.46931
-1.44519
-1.922
-2.73287
-3.05067
-1.76758
-1.16308
-2.09574
-1.47939
-2.52502
-2.88228
-1.69931
0
-3.45896
-3.69656
-1.24045
-2.20813
-1.58988
-2.58455
-2.74714
-2.73921
-1.40733
-2.24484
-4.1264
-2.73102
-3.10369
-2.80061
-0.932857
-1.88703
-2.71609
-2.67065
-2.2397
-2.05198
-1.80136
-2.29071
-1.7611
-1.23616
-0.958575
-4.2588
-3.45896
0
-2.32567
-1.58683
-1.81668
-1.84766
-1.67671
-2.8337
-1.89543
-4.25748
-0.351171
-2.16312
-0.986355
-0.54381
-0.56187
-3.806
-2.4288
-0.848143
0.431484
-1.57487
-1.4787
-2.06434
-1.60759
-2.53217
-3.81764
-3.08358
-2.56345
-3.69656
-2.32567
0
-1.50328
-3.12685
-1.50958
-1.83021
-2.3217
-1.268
-2.7783
-2.68258
-1.40796
-0.514882
-2.50543
-1.66286
-2.11442
-1.073
-2.16138
-1.71423
-1.09642
-1.22391
-1.75764
-3.59065
0.599763
-2.08126
-1.98655
-2.38134
-1.24045
-1.58683
-1.50328
0
-0.415424
-0.63438
-1.94551
-1.64268
-2.06103
-1.45474
-3.03305
-2.95811
-0.569459
-2.6674
-0.473996
-4.40764
-2.1674
-1.25535
-3.20532
-2.96308
-1.01477
-0.646051
-2.46687
-1.14443
-2.59259
-1.29413
-3.01898
-2.20813
-1.81668
-3.12685
-0.415424
0
