0
-2.99341
-1.54782
-1.65248
-1.68928
-1.46642
-1.12748
-2.62151
-2.27853
-1.12657
-2.37642
-2.93217
-1.97822
-1.38252
-0.997405
-0.911946
0.483829
-1.97647
-2.64955
-0.759061
-1.46253
-2.2381
-2.17451
-2.51906
-2.02932
-2.56951
-3.14998
-2.99341
0
-2.88171
-0.466556
-1.82017
-3.46582
-1.83533
-1.10668
-1.00533
-1.62989
-2.50242
-1.74159
-2.49871
-0.462345
-1.78489
-1.06453
-1.85753
-1.88605
-2.91185
-1.9851
0.194017
-1.9524
-0.456669
-1.45735
-2.9991
-2.14998
-0.773776
-1.54782
-2.88171
0
-1.15384
-1.76156
-0.601746
-3.1882
-2.77454
-0.379814
-2.36622
-1.20421
-1.7889
-1.94144
-2.16738
-0.941851
-3.66298
-0.342622
-1.0825
0.0940276
-3.1809
-1.88931
-0.89246
-0.450854
0.314714
-1.7425
-4.10854
-2.63087
-1.65248
-0.466556
-1.15384
0
-1.18093
-2.05069
-3.02911
-1.88242
-0.954339
-0.272253
-0.851616
-3.11643
-2.65721
-1.35218
-2.23403
-2.39983
-2.92004
-1.88813
-2.39179
-2.31578
-3.35617
-3.57773
-3.63679
-2.27396
-1.82198
-3.39868
-2.09706
-1.68928
-1.82017
-1.76156
-1.18093
0
-2.70259
-2.36235
-2.57319
-2.27236
-1.92907
-0.762034
-3.35437
-1.74208
-2.88113
-2.71048
-1.09682
-0.670616
0.0949719
-2.27792
-2.12728
-2.12596
-2.82966
-2.10038
-2.11126
-1.22124
-3.86262
-1.35486
-1.46642
-3.46582
-0.601746
-2.05069
-2.70259
0
0.606439
-2.94708
-0.546756
0.743236
-1.24095
-1.09088
-4.13829
-3.71738
-2.84371
-1.73651
-1.50351
-2.77782
-1.19291
-3.42732
-2.95061
-1.50015
-1.98751
-1.08268
-1.48627
-3.35422
-0.866099
-1.12748
-1.83533
-3.1882
-3.02911
-2.36235
0.606439
0
-2.48933
-2.14832
-2.3372
-2.15235
-2.32253
-0.224798
-1.87688
-2.16533
-1.26068
-2.44805
-1.47783
0.22282
-0.924763
-0.309152
-2.97641
-0.961467
0.158474
-2.6423
-2.73072
-2.2197
-2.62151
-1.10668
-2.77454
-1.88242
-2.57319
-2.94708
-2.48933
0
-1.09454
-1.8893
-3.14442
-1.04026
-1.72063
-1.54144
-1.17975
-0.645007
-2.44742
-1.97784
-2.65961
-1.54624
-2.01329
-3.40232
-2.11636
-2.28444
-1.15744
-0.769861
0.0360315
-2.27853
-1.00533
-0.379814
-0.954339
-2.27236
-0.546756
-2.14832
-1.09454
0
-1.00888
-1.00098
-2.43226
-3.42345
-1.11117
-1.65056
-1.81774
-3.72875
-2.03304
-2.26301
-3.69539
-1.78502
-3.30769
-2.24471
-1.03594
-2.71265
-2.46055
-1.64911
-1.12657
-1.62989
-2.36622
-0.272253
-1.92907
0.743236
-2.3372
-1.8893
-1.00888
0
-1.94745
-1.57488
-2.60069
-2.89975
-1.41583
-1.38085
-0.015418
-1.66545
-2.54585
-2.75277
-1.67588
-0.530608
-2.0326
-0.649963
-2.29168
-2.20276
-1.591
-2.37642
-2.50242
-1.20421
-0.851616
-0.762034
-1.24095
-2.15235
-3.14442
-1.00098
-1.94745
0
-1.23522
-1.36264
-3.34013
-0.332138
-2.95535
-2.29284
-1.42056
-3.05562
-2.04635
-1.72718
-2.77205
-1.65374
-1.25326
-1.01592
-2.35467
-0.724517
-2.93217
-1.74159
-1.7889
-3.11643
-3.35437
-1.09088
-2.32253
-1.04026
-2.43226
-1.57488
-1.23522
0
-2.68111
-1.58359
-1.09963
-2.30991
-3.41408
-2.71192
-1.0678
-2.46282
-1.49048
-1.45469
-3.67008
-2.21412
-3.30581
-2.71363
-2.36185
-1.97822
-2.49871
-1.94144
-2.65721
-1.74208
-4.13829
-0.224798
-1.72063
-3.42345
-2.60069
-1.36264
-2.68111
0
-3.1823
-3.19717
-2.56033
-2.16511
-1.49955
-0.321975
-2.93411
-2.2627
-1.90922
-2.46582
-3.54537
-3.14539
-2.18571
-2.76995
-1.38252
-0.462345
-2.16738
-1.35218
-2.88113
-3.71738
-1.87688
-1.54144
-1.11117
-2.89975
-3.34013
-1.58359
-3.1823
0
-0.645785
-0.383871
-2.42422
-1.95269
-2.88796
-2.77591
-1.54807
-0.175674
-3.0961
-2.9021
-2.21121
-1.44462
-4.024
-0.997405
-1.78489
-0.941851
-2.23403
-2.71048
-2.84371
-2.16533
-1.17975
-1.65056
-1.41583
-0.332138
-1.09963
-3.19717
-0.645785
0
-1.87989
-1.93334
-2.91028
-2.8423
-0.773912
-1.79877
-2.10769
-0.924714
-0.284759
-2.37776
-4.07798
-1.7391
-0.911946
-1.06453
-3.66298
-2.39983
-1.09682
-1.73651
-1.26068
-0.645007
-1.81774
-1.38085
-2.95535
-2.30991
-2.56033
-0.383871
-1.87989
0
-1.67428
-2.49548
-2.13862
-2.81877
-1.13847
-0.985948
-1.78482
-2.06108
-4.39205
-3.01483
-3.93245
0.483829
-1.85753
-0.342622
-2.92004
-0.670616
-1.50351
-2.44805
-2.44742
-3.72875
-0.015418
-2.29284
-3.41408
-2.16511
-2.42422
-1.93334
-1.67428
0
-1.62188
-2.02158
-1.58345
0.29656
-3.1004
-2.77618
-1.53545
-2.16527
-2.17811
-0.772799
-1.97647
-1.88605
-1.0825
-1.88813
0.0949719
-2.77782
-1.47783
-1.97784
-2.03304
-1.66545
-1.42056
-2.71192
-1.49955
-1.95269
-2.91028
-2.49548
-1.62188
0
-0.377459
0.235858
-1.10887
-3.38472
-2.82296
-2.6811
-1.13288
-2.82046
-2.08777
-2.64955
-2.91185
0.0940276
-2.39179
-2.27792
-1.19291
0.22282
-2.65961
-2.26301
-2.54585
-3.05562
-1.0678
-0.321975
-2.88796
-2.8423
-2.13862
-2.02158
-0.377459
0
-4.03439
-3.29419
-2.61713
-1.27309
-2.77657
-1.13743
-3.56235
-1.45138
-0.759061
-1.9851
-3.1809
-2.31578
-2.12728
-3.42732
-0.924763
-1.54624
-3.69539
-2.75277
-2.04635
-2.46282
-2.93411
-2.77591
-0.773912
-2.81877
-1.58345
0.235858
-4.03439
0
-1.41636
-2.21018
-2.71887
-2.89711
-2.56811
-2.47447
-4.13253
-1.46253
0.194017
-1.88931
-3.35617
-2.12596
-2.95061
-0.309152
-2.01329
-1.78502
-1.67588
-1.72718
-1.49048
-2.2627
-1.54807
-1.79877
-1.13847
0.29656
-1.10887
-3.29419
-1.41636
0
-0.455344
-2.10945
-4.05584
-0.799605
-1.63169
-2.5822
-2.2381
-1.9524
-0.89246
-3.57773
-2.82966
-1.50015
-2.97641
-3.40232
-3.30769
-0.530608
-2.77205
-1.45469
-1.90922
-0.175674
-2.10769
-0.985948
-3.1004
-3.38472
-2.61713
-2.21018
-0.455344
0
-1.94059
-3.01233
-1.42537
-1.57974
-3.19088
-2.17451
-0.456669
-0.450854
-3.63679
-2.10038
-1.98751
-0.961467
-2.11636
-2.24471
-2.0326
-1.65374
-3.67008
-2.46582
-3.0961
-0.924714
-1.78482
-2.77618
-2.82296
-1.27309
-2.71887
-2.10945
-1.94059
0
-2.29593
-2.25922
-1.72567
-3.35397
-2.51906
-1.45735
0.314714
-2.27396
-2.11126
-1.08268
0.158474
-2.28444
-1.03594
-0.649963
-1.25326
-2.21412
-3.54537
-2.9021
-0.284759
-2.06108
-1.53545
-2.6811
-2.77657
-2.89711
-4.05584
-3.01233
-2.29593
0
-0.599699
-2.61365
-1.84996
-2.02932
-2.9991
-1.7425
-1.82198
-1.22124
-1.48627
-2.6423
-1.15744
-2.71265
-2.29168
-1.01592
-3.30581
-3.14539
-2.21121
-2.37776
-4.39205
-2.16527
-1.13288
-1.13743
-2.56811
-0.799605
-1.42537
-2.25922
-0.599699
0
-1.74273
-1.67159
-2.56951
-2.14998
-4.10854
-3.39868
-3.86262
-3.35422
-2.73072
-0.769861
-2.46055
-2.20276
-2.35467
-2.71363
-2.18571
-1.44462
-4.07798
-3.01483
-2.17811
-2.82046
-3.56235
-2.47447
-1.63169
-1.57974
-1.72567
-2.61365
-1.74273
0
-1.40274
-3.14998
-0.773776
-2.63087
-2.09706
-1.35486
-0.866099
-2.2197
0.0360315
-1.64911
-1.591
-0.724517
-2.36185
-2.76995
-4.024
-1.7391
-3.93245
-0.772799
-2.08777
-1.45138
-4.13253
-2.5822
-3.19088
-3.35397
-1.84996
-1.67159
-1.40274
0
