0
-1.7459
-1.14221
-2.31825
-3.36212
-1.80307
-2.07233
-2.47681
-3.22281
-1.85338
-0.935478
-3.28222
-2.35982
-3.3439
-0.959436
-2.47296
-0.508753
-2.17999
-2.28503
-3.8805
-1.61919
-3.09881
-1.19489
-3.57335
-2.04586
-1.73973
-1.76611
-1.7459
0
-1.333
-2.5277
-2.69277
-0.542738
-3.04503
-1.894
-0.609452
-2.2664
-3.17284
-2.48403
-2.89065
-2.11726
-0.434537
-2.48134
-0.627443
-2.90069
-2.2365
-2.02602
-2.40706
-4.23768
-2.62156
-3.45772
-2.07039
-2.5395
-0.414512
-1.14221
-1.333
0
-1.70596
-1.7596
-2.36998
-2.00213
0.616408
-1.47878
-0.650031
-2.98675
-1.07557
-1.58517
-1.38539
-2.5531
-4.16995
-1.43492
-1.73363
-1.6
0.038702
-2.23991
-1.30157
-1.47023
-2.55175
-0.791541
-2.09267
-3.07329
-2.31825
-2.5277
-1.70596
0
-0.972293
-3.22091
-0.620885
-2.20819
-3.3671
-2.35594
-2.33444
-2.40072
-2.65454
-1.27869
-2.92988
-1.16973
-1.63778
-1.30305
-2.71719
-1.93445
-2.335
-0.170623
-2.85957
-3.39485
-2.46076
-3.66117
-2.74782
-3.36212
-2.69277
-1.7596
-0.972293
0
-3.81914
-3.28163
-1.84393
-4.18341
-3.9744
-2.97319
-1.07992
-4.05713
-0.105701
-1.07075
-2.90903
-2.37132
-0.933403
-1.15853
-1.7428
-2.75992
-1.89168
-1.97354
-1.69746
-1.16114
-1.02791
-1.60353
-1.80307
-0.542738
-2.36998
-3.22091
-3.81914
0
-2.81917
-2.36752
-3.27885
-0.24031
-0.86165
-0.857565
-2.17854
-1.42372
-1.67754
-3.0046
-0.317366
-1.00016
-2.03283
-1.34591
-1.59163
-0.701545
-1.91695
-1.85408
-0.532829
-2.94158
-1.90961
-2.07233
-3.04503
-2.00213
-0.620885
-3.28163
-2.81917
0
-0.992683
-2.81759
-1.57841
-2.43205
-0.0275426
-1.66094
-2.04426
-1.02182
0.25239
-3.10862
-4.53593
-3.24746
-5.16418
-2.9358
-1.024
-2.59361
-3.5537
-2.75906
-1.71327
-2.41997
-2.47681
-1.894
0.616408
-2.20819
-1.84393
-2.36752
-0.992683
0
-2.42935
-2.98015
-1.31454
-2.20177
-1.75851
-2.19978
-2.16676
-2.43931
-1.71532
-2.19813
-1.11288
-3.03784
-2.38624
-2.64441
-1.75256
-2.19952
-1.33342
-1.30132
-1.40626
-3.22281
-0.609452
-1.47878
-3.3671
-4.18341
-3.27885
-2.81759
-2.42935
0
0.0813658
-2.93692
-3.75954
-3.49608
-1.97191
-3.95684
-1.82656
-2.23547
-2.20397
-1.93862
-1.97375
-0.972609
-1.98682
-3.70256
-3.32839
-1.4296
-1.58787
-2.94073
-1.85338
-2.2664
-0.650031
-2.35594
-3.9744
-0.24031
-1.57841
-2.98015
0.0813658
0
-0.428528
-0.746977
-2.40357
-1.01269
-5.17647
-3.20377
-1.74821
-2.5166
-2.96587
-2.68509
-2.51176
-2.3548
-1.6421
-2.11548
-4.50204
-2.51795
-3.33935
-0.935478
-3.17284
-2.98675
-2.33444
-2.97319
-0.86165
-2.43205
-1.31454
-2.93692
-0.428528
0
-1.10085
-2.41325
-2.83757
-1.27305
-2.14503
-2.49748
-1.57827
-1.37447
-1.03311
-3.2234
-1.14858
-3.69545
-3.17849
-0.711004
-2.79656
-2.34722
-3.28222
-2.48403
-1.07557
-2.40072
-1.07992
-0.857565
-0.0275426
-2.20177
-3.75954
-0.746977
-1.10085
0
-3.73553
-4.06172
-1.59732
-4.90405
-3.47028
-1.09831
-2.03265
-2.23935
-0.959998
-2.89562
-2.55143
-1.51035
-2.33681
-1.02228
-1.59101
-2.35982
-2.89065
-1.58517
-2.65454
-4.05713
-2.17854
-1.66094
-1.75851
-3.49608
-2.40357
-2.41325
-3.73553
0
-3.19319
-1.42379
-2.03287
-1.00324
-2.50828
-2.6295
-1.73262
-2.16481
-2.68107
-2.84339
-4.24793
-2.80021
-2.30334
-0.752642
-3.3439
-2.11726
-1.38539
-1.27869
-0.105701
-1.42372
-2.04426
-2.19978
-1.97191
-1.01269
-2.83757
-4.06172
-3.19319
0
-1.44143
-0.0294496
-1.07846
-1.31269
-2.93639
-1.97965
-3.4855
-2.0143
-1.931
-1.79673
-3.34415
-0.249815
-1.13196
-0.959436
-0.434537
-2.5531
-2.92988
-1.07075
-1.67754
-1.02182
-2.16676
-3.95684
-5.17647
-1.27305
-1.59732
-1.42379
-1.44143
0
0.0954417
-1.54371
-2.08006
-1.68511
-1.83531
-2.49394
-1.61929
-1.4112
-2.4279
-0.455258
-1.95201
0.00584371
-2.47296
-2.48134
-4.16995
-1.16973
-2.90903
-3.0046
0.25239
-2.43931
-1.82656
-3.20377
-2.14503
-4.90405
-2.03287
-0.0294496
0.0954417
0
-3.21748
-3.62365
-1.38291
-2.37706
-1.35768
-0.563246
-1.56754
-2.27661
-2.36083
-1.41058
-1.47642
-0.508753
-0.627443
-1.43492
-1.63778
-2.37132
-0.317366
-3.10862
-1.71532
-2.23547
-1.74821
-2.49748
-3.47028
-1.00324
-1.07846
-1.54371
-3.21748
0
-2.97933
-1.30426
-4.13339
0.354435
-1.65667
-0.272656
-1.40566
0.615229
-2.73531
-0.417004
-2.17999
-2.90069
-1.73363
-1.30305
-0.933403
-1.00016
-4.53593
-2.19813
-2.20397
-2.5166
-1.57827
-1.09831
-2.50828
-1.31269
-2.08006
-3.62365
-2.97933
0
-0.695653
-2.65094
-4.22003
-2.66613
-1.80675
-2.85372
-0.170394
-3.42207
-3.8796
-2.28503
-2.2365
-1.6
-2.71719
-1.15853
-2.03283
-3.24746
-1.11288
-1.93862
-2.96587
-1.37447
-2.03265
-2.6295
-2.93639
-1.68511
-1.38291
-1.30426
-0.695653
0
-1.12462
-1.56211
-1.66794
-1.65632
-2.03059
-3.36758
-2.47339
-1.34931
-3.8805
-2.02602
0.038702
-1.93445
-1.7428
-1.34591
-5.16418
-3.03784
-1.97375
-2.68509
-1.03311
-2.23935
-1.73262
-1.97965
-1.83531
-2.37706
-4.13339
-2.65094
-1.12462
0
-2.11668
-2.96076
-0.536556
-1.17005
-1.35401
-3.46832
-0.321415
-1.61919
-2.40706
-2.23991
-2.335
-2.75992
-1.59163
-2.9358
-2.38624
-0.972609
-2.51176
-3.2234
-0.959998
-2.16481
-3.4855
-2.49394
-1.35768
0.354435
-4.22003
-1.56211
-2.11668
0
-0.497318
-1.75347
-2.10593
-1.81584
-2.86963
-2.02737
-3.09881
-4.23768
-1.30157
-0.170623
-1.89168
-0.701545
-1.024
-2.64441
-1.98682
-2.3548
-1.14858
-2.89562
-2.68107
-2.0143
-1.61929
-0.563246
-1.65667
-2.66613
-1.66794
-2.96076
-0.497318
0
-2.62709
-2.31447
-1.20363
-0.955792
-1.74
-1.19489
-2.62156
-1.47023
-2.85957
-1.97354
-1.91695
-2.59361
-1.75256
-3.70256
-1.6421
-3.69545
-2.55143
-2.84339
-1.931
-1.4112
-1.56754
-0.272656
-1.80675
-1.65632
-0.536556
-1.75347
-2.62709
0
-2.47216
-0.652067
-3.39931
-1.95897
-3.57335
-3.45772
-2.55175
-3.39485
-1.69746
-1.85408
-3.5537
-2.19952
-3.32839
-2.11548
-3.17849
-1.51035
-4.24793
-1.79673
-2.4279
-2.27661
-1.40566
-2.85372
-2.03059
-1.17005
-2.10593
-2.31447
-2.47216
0
-0.998581
-1.33599
-1.44073
-2.04586
-2.07039
-0.791541
-2.46076
-1.16114
-0.532829
-2.75906
-1.33342
-1.4296
-4.50204
-0.711004
-2.33681
-2.80021
-3.34415
-0.455258
-2.36083
0.615229
-0.170394
-3.36758
-1.35401
-1.81584
-1.20363
-0.652067
-0.998581
0
-2.69103
-0.609704
-1.73973
-2.5395
-2.09267
-3.66117
-1.02791
-2.94158
-1.71327
-1.30132
-1.58787
-2.51795
-2.79656
-1.02228
-2.30334
-0.249815
-1.95201
-1.41058
-2.73531
-3.42207
-2.47339
-3.46832
-2.86963
-0.955792
-3.39931
-1.33599
-2.69103
0
-1.28025
-1.76611
-0.414512
-3.07329
-2.74782
-1.60353
-1.90961
-2.41997
-1.40626
-2.94073
-3.33935
-2.34722
-1.59101
-0.752642
-1.13196
0.00584371
-1.47642
-0.417004
-3.8796
-1.34931
-0.321415
-2.02737
-1.74
-1.95897
-1.44073
-0.609704
-1.28025
0
