0
-1.4971
-3.3037
-3.05365
-1.5558
-2.86103
-4.15406
-4.1354
-4.55665
0.228777
-2.95754
-1.86198
-1.58728
-2.70943
-3.52608
-1.40125
-1.59607
-0.743102
-3.87891
-1.90959
-3.82313
-1.44339
-1.30785
-1.46379
-1.75225
-2.38427
-1.46199
-1.4971
0
-2.09934
-1.36663
-2.62644
-0.654219
-3.04594
-1.04604
-3.17536
-0.158186
-1.35455
-2.77511
-0.242792
-2.68911
-1.64886
-3.06906
-1.65852
-1.76826
-1.88029
-2.22056
-2.48556
-1.43536
-2.71439
-1.79624
-4.05417
-1.73891
-2.01415
-3.3037
-2.09934
0
-2.19204
-2.89065
-2.23215
-2.44173
-1.58887
-1.74245
-2.29685
-2.44885
-2.43634
-4.77565
-1.51527
-1.92663
-1.06324
0.36257
-2.08494
-2.44452
-0.605689
-4.46771
-0.542751
-1.17532
-1.86707
-2.69488
-3.16603
-0.591451
-3.05365
-1.36663
-2.19204
0
-2.04573
-1.78204
-1.44719
-3.14422
-0.852977
0.2835
-1.22908
-3.22828
-4.0037
-0.807074
-2.49193
-1.99275
-1.10534
-2.61391
-2.3263
-2.88385
-3.98481
-3.444
-2.07992
-3.49409
-2.1037
-0.802155
-2.10331
-1.5558
-2.62644
-2.89065
-2.04573
0
-1.16497
-3.08286
-0.856125
-1.70304
-0.16693
-2.28693
-1.93868
-3.8709
-2.25112
-1.76025
0.0111143
-1.62674
0.203278
-2.05637
-1.71039
-0.828311
-0.837786
-2.07783
-1.92928
-2.6456
0.0971567
-0.8249
-2.86103
-0.654219
-2.23215
-1.78204
-1.16497
0
-1.9133
-2.33072
-2.28152
-1.69453
-2.70733
-2.93453
-2.25893
-1.417
0.263749
-2.9046
-1.02342
-2.32201
-1.65746
-3.1602
-2.71396
-3.69061
-1.16833
-2.08425
-2.42067
-1.38329
-1.07034
-4.15406
-3.04594
-2.44173
-1.44719
-3.08286
-1.9133
0
-0.0208393
-1.61384
-2.20322
-0.820894
-0.374751
-1.9307
-1.08513
-2.37199
-2.67627
-1.82439
-3.08595
-1.66607
-1.97707
-3.03171
-2.32305
-1.5665
-1.12203
-1.21136
-3.73375
-1.94051
-4.1354
-1.04604
-1.58887
-3.14422
-0.856125
-2.33072
-0.0208393
0
-2.57003
-2.41129
-1.09224
-1.12383
-4.05056
-2.76747
-1.78346
-2.53392
-2.11649
-2.91193
-2.86834
-1.38559
-2.62473
-3.36756
-1.05661
-2.57556
-0.3354
-1.29568
-1.97308
-4.55665
-3.17536
-1.74245
-0.852977
-1.70304
-2.28152
-1.61384
-2.57003
0
-0.413075
-0.996145
-1.9735
-3.34549
-1.32826
-2.45277
-0.160424
-3.05689
-1.67853
-3.74226
-1.43877
-2.23109
-0.222737
-0.190336
-2.19828
-0.967611
-1.96086
-1.3188
0.228777
-0.158186
-2.29685
0.2835
-0.16693
-1.69453
-2.20322
-2.41129
-0.413075
0
-2.17955
-0.487281
-2.21877
-3.38055
-2.13377
-2.00185
-2.37415
-1.20146
-0.289864
-2.467
-1.99326
-2.24344
-1.12239
-0.0807491
-3.18282
-5.64307
-1.81058
-2.95754
-1.35455
-2.44885
-1.22908
-2.28693
-2.70733
-0.820894
-1.09224
-0.996145
-2.17955
0
-2.45772
0.0556174
-0.453651
-2.66263
-4.26038
-0.524186
-0.471288
-4.09204
-3.58188
-1.05918
-2.01091
-1.75738
-2.06043
-1.83906
-0.176638
-1.87825
-1.86198
-2.77511
-2.43634
-3.22828
-1.93868
-2.93453
-0.374751
-1.12383
-1.9735
-0.487281
-2.45772
0
-3.87184
-2.17532
-2.35184
-2.69258
-1.13984
0.117626
-0.63667
-3.8259
-2.06329
-1.42055
-3.7407
-1.36855
-1.98764
-1.18766
-1.63616
-1.58728
-0.242792
-4.77565
-4.0037
-3.8709
-2.25893
-1.9307
-4.05056
-3.34549
-2.21877
0.0556174
-3.87184
0
-1.38884
-1.99086
-1.88032
-3.16134
-1.24615
-2.1117
-2.63859
-2.38305
-2.3701
-2.86428
-0.562882
-3.70647
-2.22654
-3.3621
-2.70943
-2.68911
-1.51527
-0.807074
-2.25112
-1.417
-1.08513
-2.76747
-1.32826
-3.38055
-0.453651
-2.17532
-1.38884
0
-1.27919
-2.07648
-2.71987
-2.33937
-1.1521
-1.679
-1.09614
-1.17329
-2.18062
-2.49439
-1.91693
-3.82344
-2.40173
-3.52608
-1.64886
-1.92663
-2.49193
-1.76025
0.263749
-2.37199
-1.78346
-2.45277
-2.13377
-2.66263
-2.35184
-1.99086
-1.27919
0
-1.88788
-1.89211
-3.07417
-3.71785
0.00164355
-1.78752
-2.83698
-2.08876
-2.62986
-3.54932
-2.41465
-1.04408
-1.40125
-3.06906
-1.06324
-1.99275
0.0111143
-2.9046
-2.67627
-2.53392
-0.160424
-2.00185
-4.26038
-2.69258
-1.88032
-2.07648
-1.88788
0
-0.535545
-2.35842
-1.70444
-1.36523
-2.10614
-2.26387
-1.83931
-1.19386
-1.70536
-1.74681
-2.49576
-1.59607
-1.65852
0.36257
-1.10534
-1.62674
-1.02342
-1.82439
-2.11649
-3.05689
-2.37415
-0.524186
-1.13984
-3.16134
-2.71987
-1.89211
-0.535545
0
-2.39471
-1.35129
-2.02173
-3.70443
-3.46965
-2.28874
-2.7536
-1.14053
-1.87795
-2.29611
-0.743102
-1.76826
-2.08494
-2.61391
0.203278
-2.32201
-3.08595
-2.91193
-1.67853
-1.20146
-0.471288
0.117626
-1.24615
-2.33937
-3.07417
-2.35842
-2.39471
0
-2.99669
-1.91823
-2.30866
-2.02238
-1.92929
-2.92371
-2.45214
-1.22126
-1.73569
-3.87891
-1.88029
-2.44452
-2.3263
-2.05637
-1.65746
-1.66607
-2.86834
-3.74226
-0.289864
-4.09204
-0.63667
-2.1117
-1.1521
-3.71785
-1.70444
-1.35129
-2.99669
0
-2.13619
-0.572792
-3.73605
-2.88681
-1.27103
-2.52472
-3.3967
-1.86085
-1.90959
-2.22056
-0.605689
-2.88385
-1.71039
-3.1602
-1.97707
-1.38559
-1.43877
-2.467
-3.58188
-3.8259
-2.63859
-1.679
0.00164355
-1.36523
-2.02173
-1.91823
-2.13619
0
-0.745208
-2.07063
-1.44288
-4.64707
-0.741649
-1.79323
-0.859614
-3.82313
-2.48556
-4.46771
-3.98481
-0.828311
-2.71396
-3.03171
-2.62473
-2.23109
-1.99326
-1.05918
-2.06329
-2.38305
-1.09614
-1.78752
-2.10614
-3.70443
-2.30866
-0.572792
-0.745208
0
-2.177
-0.428228
-2.24455
-1.13747
-2.12159
-0.687183
-1.44339
-1.43536
-0.542751
-3.444
-0.837786
-3.69061
-2.32305
-3.36756
-0.222737
-2.24344
-2.01091
-1.42055
-2.3701
-1.17329
-2.83698
-2.26387
-3.46965
-2.02238
-3.73605
-2.07063
-2.177
0
-2.31872
-2.95597
-2.99183
-2.09451
-1.50238
-1.30785
-2.71439
-1.17532
-2.07992
-2.07783
-1.16833
-1.5665
-1.05661
-0.190336
-1.12239
-1.75738
-3.7407
-2.86428
-2.18062
-2.08876
-1.83931
-2.28874
-1.92929
-2.88681
-1.44288
-0.428228
-2.31872
0
-1.91011
-2.09632
-1.70324
-0.471052
-1.46379
-1.79624
-1.86707
-3.49409
-1.92928
-2.08425
-1.12203
-2.57556
-2.19828
-0.0807491
-2.06043
-1.36855
-0.562882
-2.49439
-2.62986
-1.19386
-2.7536
-2.92371
-1.27103
-4.64707
-2.24455
-2.95597
-1.91011
0
-2.06427
-0.755887
-2.20431
-1.75225
-4.05417
-2.69488
-2.1037
-2.6456
-2.42067
-1.21136
-0.3354
-0.967611
-3.18282
-1.83906
-1.98764
-3.70647
-1.91693
-3.54932
-1.70536
-1.14053
-2.45214
-2.52472
-0.741649
-1.13747
-2.99183
-2.09632
-2.06427
0
-1.7184
-0.954677
-2.38427
-1.73891
-3.16603
-0.802155
0.0971567
-1.38329
-3.73375
-1.29568
-1.96086
-5.64307
-0.176638
-1.18766
-2.22654
-3.82344
-2.41465
-1.74681
-1.87795
-1.22126
-3.3967
-1.79323
-2.12159
-2.09451
-1.70324
-0.755887
-1.7184
0
-3.46227
-1.46199
-2.01415
-0.591451
-2.10331
-0.8249
-1.07034
-1.94051
-1.97308
-1.3188
-1.81058
-1.87825
-1.63616
-3.3621
-2.40173
-1.04408
-2.49576
-2.29611
-1.73569
-1.86085
-0.859614
-0.687183
-1.50238
-0.471052
-2.20431
-0.954677
-3.46227
0
