0
-1.64479
-3.84924
-1.27252
-2.13197
-3.32049
-1.48742
-2.1676
-3.15585
-2.01614
-1.56146
-0.734975
-2.75818
-3.3241
-1.26045
-1.82987
-1.07274
-2.40147
-2.25975
-3.15299
-3.11925
-2.40521
-3.72837
-3.55769
-2.05663
-1.20782
-0.1871
-1.64479
0
-1.54757
-1.45572
-2.26
-0.880249
-2.67667
-1.81813
-1.13139
-2.21789
-2.72596
-1.7033
-0.785738
-1.36843
-1.25541
-3.38131
-1.75314
-0.972266
-1.03868
-1.37015
-2.63159
-0.846956
-3.54184
-1.5454
-1.59818
-2.13097
-1.87928
-3.84924
-1.54757
0
-3.41458
-2.31382
-0.623044
-0.436569
-0.572991
1.21886
-3.25124
-2.35753
-2.18519
-4.76346
-1.49772
-1.36178
-1.42192
-1.54541
-1.08824
-0.65986
-1.15212
-1.72586
-1.54892
-1.74765
-1.15749
-1.17519
-2.63384
-2.64059
-1.27252
-1.45572
-3.41458
0
-2.87063
-2.82807
-3.19177
-0.848251
-1.20199
-2.00831
-2.4272
-1.85962
-1.88903
-2.14366
-1.45739
0.149625
-4.91774
-2.55617
-1.03454
-2.54426
-4.04092
-2.36401
-0.667549
-1.44077
-1.79285
-3.01232
-3.65706
-2.13197
-2.26
-2.31382
-2.87063
0
-1.24202
-2.92346
-3.21973
-4.25365
-2.921
-3.37026
-1.72876
-2.56115
-1.51734
-0.564811
-1.4327
-2.66519
-3.32515
-1.65585
-2.35643
-1.65544
-1.59706
-1.34593
-0.897536
-2.7754
-2.16502
-2.67424
-3.32049
-0.880249
-0.623044
-2.82807
-1.24202
0
-3.32788
-4.03495
-1.24348
-2.41823
-1.55009
-2.09818
-1.33476
-2.54771
-1.84582
-0.108415
-1.49698
-1.79299
-2.1189
-4.66476
-2.61932
-1.61368
-0.0635694
-1.99228
-3.18457
-3.30059
-3.22797
-1.48742
-2.67667
-0.436569
-3.19177
-2.92346
-3.32788
0
-2.7451
-1.67461
-2.09286
-2.67535
-2.25626
-1.33595
-3.14175
-1.05698
-1.32908
-2.27823
-2.4076
-2.32986
-0.814112
-0.730933
-0.902762
-1.27397
-2.08913
-3.4053
-2.77705
-1.49892
-2.1676
-1.81813
-0.572991
-0.848251
-3.21973
-4.03495
-2.7451
0
-1.97984
-3.17079
-2.73296
-3.32043
-2.35846
-2.30541
-2.42596
-0.88234
-1.63156
-3.69601
-1.90768
-2.22634
-1.07647
-1.2646
-2.52348
-0.81008
-1.56814
-0.631024
-2.03106
-3.15585
-1.13139
1.21886
-1.20199
-4.25365
-1.24348
-1.67461
-1.97984
0
-1.88364
-1.45878
-3.45189
-2.57407
-0.120135
-3.42987
-2.63551
-2.87925
-2.49211
-2.38952
-1.03833
-1.01047
-2.99431
-2.91246
-3.57183
-1.79031
-2.45135
-3.63925
-2.01614
-2.21789
-3.25124
-2.00831
-2.921
-2.41823
-2.09286
-3.17079
-1.88364
0
-1.89435
-3.10804
-2.96543
-2.89062
-3.41536
-3.03025
-1.12862
-0.296833
-3.0293
-3.20918
-2.08002
-0.73381
-2.90194
-2.33172
-1.46168
-1.8766
-3.61539
-1.56146
-2.72596
-2.35753
-2.4272
-3.37026
-1.55009
-2.67535
-2.73296
-1.45878
-1.89435
0
-1.70817
-1.64439
-1.70538
-1.19585
-2.37352
-2.49211
-3.64456
-2.9625
-2.25941
-0.820864
-2.98267
-1.8023
-2.79619
-2.81934
-2.89922
-3.13972
-0.734975
-1.7033
-2.18519
-1.85962
-1.72876
-2.09818
-2.25626
-3.32043
-3.45189
-3.10804
-1.70817
0
-1.95561
-3.05675
-2.92769
-4.23824
-1.26576
-1.77096
-1.15557
-2.04672
-2.73637
-2.01521
-2.47388
-1.0772
-1.51518
-3.06848
-1.20774
-2.75818
-0.785738
-4.76346
-1.88903
-2.56115
-1.33476
-1.33595
-2.35846
-2.57407
-2.96543
-1.64439
-1.95561
0
-2.16086
-0.167346
-2.44016
-2.0187
-3.50486
-1.77102
-0.392057
-2.07505
-1.84021
-2.77315
-0.718476
-3.71948
-2.85964
-2.93817
-3.3241
-1.36843
-1.49772
-2.14366
-1.51734
-2.54771
-3.14175
-2.30541
-0.120135
-2.89062
-1.70538
-3.05675
-2.16086
0
-1.75945
-3.42167
-1.8112
-0.900928
-2.16999
-0.986451
-1.1006
-4.52476
-2.85831
-0.985138
-2.94465
-4.56
-2.98562
-1.26045
-1.25541
-1.36178
-1.45739
-0.564811
-1.84582
-1.05698
-2.42596
-3.42987
-3.41536
-1.19585
-2.92769
-0.167346
-1.75945
0
-2.83093
-0.987407
-4.12649
-2.91
0.971558
-3.03221
-1.85042
-2.6223
-1.56615
-0.948315
-1.45425
-2.18093
-1.82987
-3.38131
-1.42192
0.149625
-1.4327
-0.108415
-1.32908
-0.88234
-2.63551
-3.03025
-2.37352
-4.23824
-2.44016
-3.42167
-2.83093
0
-0.723034
-0.173496
-1.22952
-4.10929
-1.00269
-4.42887
-2.59584
-3.07037
-0.207271
-2.25832
-1.36526
-1.07274
-1.75314
-1.54541
-4.91774
-2.66519
-1.49698
-2.27823
-1.63156
-2.87925
-1.12862
-2.49211
-1.26576
-2.0187
-1.8112
-0.987407
-0.723034
0
-0.431086
-1.22972
0.087141
-3.3235
-3.35077
0.65297
-2.0181
-2.63521
-3.64023
-2.58861
-2.40147
-0.972266
-1.08824
-2.55617
-3.32515
-1.79299
-2.4076
-3.69601
-2.49211
-0.296833
-3.64456
-1.77096
-3.50486
-0.900928
-4.12649
-0.173496
-0.431086
0
-0.494586
-0.913558
-1.87841
-0.419177
-1.16268
-2.26614
-2.38847
-1.87505
-0.563397
-2.25975
-1.03868
-0.65986
-1.03454
-1.65585
-2.1189
-2.32986
-1.90768
-2.38952
-3.0293
-2.9625
-1.15557
-1.77102
-2.16999
-2.91
-1.22952
-1.22972
-0.494586
0
-2.65462
-2.90988
-2.28288
-2.73684
-2.27657
-1.26778
-0.800998
-1.30864
-3.15299
-1.37015
-1.15212
-2.54426
-2.35643
-4.66476
-0.814112
-2.22634
-1.03833
-3.20918
-2.25941
-2.04672
-0.392057
-0.986451
0.971558
-4.10929
0.087141
-0.913558
-2.65462
0
-3.48671
-0.284932
-2.59798
-1.77064
-1.83251
-2.70184
-1.32275
-3.11925
-2.63159
-1.72586
-4.04092
-1.65544
-2.61932
-0.730933
-1.07647
-1.01047
-2.08002
-0.820864
-2.73637
-2.07505
-1.1006
-3.03221
-1.00269
-3.3235
-1.87841
-2.90988
-3.48671
0
-1.74883
-0.495486
-2.67163
-1.80549
-2.661
-3.28344
-2.40521
-0.846956
-1.54892
-2.36401
-1.59706
-1.61368
-0.902762
-1.2646
-2.99431
-0.73381
-2.98267
-2.01521
-1.84021
-4.52476
-1.85042
-4.42887
-3.35077
-0.419177
-2.28288
-0.284932
-1.74883
0
-1.35012
-2.18244
-0.253056
-3.69057
-1.45978
-3.72837
-3.54184
-1.74765
-0.667549
-1.34593
-0.0635694
-1.27397
-2.52348
-2.91246
-2.90194
-1.8023
-2.47388
-2.77315
-2.85831
-2.6223
-2.59584
0.65297
-1.16268
-2.73684
-2.59798
-0.495486
-1.35012
0
-2.38626
-0.295984
-1.08562
-1.71588
-3.55769
-1.5454
-1.15749
-1.44077
-0.897536
-1.99228
-2.08913
-0.81008
-3.57183
-2.33172
-2.79619
-1.0772
-0.718476
-0.985138
-1.56615
-3.07037
-2.0181
-2.26614
-2.27657
-1.77064
-2.67163
-2.18244
-2.38626
0
-3.05165
-1.846
-2.43988
-2.05663
-1.59818
-1.17519
-1.79285
-2.7754
-3.18457
-3.4053
-1.56814
-1.79031
-1.46168
-2.81934
-1.51518
-3.71948
-2.94465
-0.948315
-0.207271
-2.63521
-2.38847
-1.26778
-1.83251
-1.80549
-0.253056
-0.295984
-3.05165
0
-0.0845951
-2.02711
-1.20782
-2.13097
-2.63384
-3.01232
-2.16502
-3.30059
-2.77705
-0.631024
-2.45135
-1.8766
-2.89922
-3.06848
-2.85964
-4.56
-1.45425
-2.25832
-3.64023
-1.87505
-0.800998
-2.70184
-2.661
-3.69057
-1.08562
-1.846
-0.0845951
0
-1.46343
-0.1871
-1.87928
-2.64059
-3.65706
-2.67424
-3.22797
-1.49892
-2.03106
-3.63925
-3.61539
-3.13972
-1.20774
-2.93817
-2.98562
-2.18093
-1.36526
-2.58861
-0.563397
-1.30864
-1.32275
-3.28344
-1.45978
-1.71588
-2.43988
-2.02711
-1.46343
0
