0
-4.17306
-2.72346
-0.817277
0.0787612
-2.71336
-2.03267
-1.98089
-2.79502
-2.55748
-1.90735
-1.5876
-3.92618
-3.48611
-1.12405
-3.15386
-3.07227
-2.24741
-4.65129
-2.61368
-3.40809
-2.14154
-2.01808
-2.42859
-3.64992
-1.26378
-2.54743
-4.17306
0
-1.54387
-1.56195
-1.2689
-1.11362
-1.16664
-2.82044
-0.955655
-1.55625
-0.264
-1.34588
-1.79382
-3.28111
-2.24846
-3.91065
-4.26672
-3.00674
-0.243837
-1.11753
-0.404908
-2.88489
-1.61512
-0.942893
-1.67224
-2.36267
-1.4004
-2.72346
-1.54387
0
-2.82635
0.392693
-1.44049
-3.66727
-3.85411
-3.37863
-1.78924
-2.4105
-1.78607
-1.17646
-1.42748
-2.49615
-1.07922
-1.98696
-3.34536
-0.0845707
-0.71267
-2.87454
-2.40348
-1.58339
0.0234387
-1.83457
-2.83982
-1.42518
-0.817277
-1.56195
-2.82635
0
-2.40237
-2.71734
-2.94084
-3.62028
-2.44549
-2.18437
-1.87835
-1.48441
-2.79309
-4.43342
-0.526462
0.00339115
-0.78312
-2.35252
-2.58591
-2.28231
-2.08508
-0.886652
-1.47228
-2.70129
-3.00081
-4.03534
-3.71309
0.0787612
-1.2689
0.392693
-2.40237
0
-3.03526
-2.09369
-0.621086
-2.42053
-2.32275
-1.91521
-2.389
-4.0526
-3.0104
-0.972839
-1.16146
-1.5188
-3.66476
-1.27349
-1.26483
-0.742621
-2.87999
-1.36705
-2.78296
-1.59956
-3.9971
-1.66604
-2.71336
-1.11362
-1.44049
-2.71734
-3.03526
0
-1.06477
-2.81772
-1.77129
-1.69969
-2.32619
-1.96798
-0.182946
-0.868782
-3.26784
-3.74819
-0.188606
-0.637919
-3.08352
-1.80716
-0.744784
-2.71282
-2.36939
-3.88306
-1.62334
-3.53863
-3.01871
-2.03267
-1.16664
-3.66727
-2.94084
-2.09369
-1.06477
0
-2.95516
-0.39732
-1.72226
-2.29227
-1.97164
-3.22619
-1.65922
-2.02488
-1.14289
-2.1681
-1.50279
-1.43871
-2.32304
-1.62349
-2.23566
-2.75482
-2.98536
-2.33954
-3.34038
-1.17561
-1.98089
-2.82044
-3.85411
-3.62028
-0.621086
-2.81772
-2.95516
0
-3.75473
-1.67018
-2.12232
-0.0379978
-4.12849
-1.27748
-3.69994
-2.67226
-2.61245
-4.58355
-2.16561
-3.27098
-2.26228
-1.4658
-1.61059
-2.0692
-2.31639
-1.12084
-1.55492
-2.79502
-0.955655
-3.37863
-2.44549
-2.42053
-1.77129
-0.39732
-3.75473
0
-1.44597
-2.76357
0.303952
-2.06962
-1.3701
-2.32179
-3.47739
-2.43853
-0.407798
-2.75176
-2.31979
-2.20396
-1.59188
-3.16436
-1.6452
-2.8908
-1.30237
-0.11492
-2.55748
-1.55625
-1.78924
-2.18437
-2.32275
-1.69969
-1.72226
-1.67018
-1.44597
0
-2.59259
-2.87568
-2.44643
-2.30996
-3.42147
-2.44539
0.0577586
-2.08372
-2.51519
-0.899355
-0.0657098
-2.40977
-1.95056
-2.61523
-2.69301
-2.11711
-1.97081
-1.90735
-0.264
-2.4105
-1.87835
-1.91521
-2.32619
-2.29227
-2.12232
-2.76357
-2.59259
0
-0.998764
-1.82634
-2.51867
-1.32663
-2.97711
-3.79582
-3.70498
-4.87712
-1.65007
-2.15724
-2.03891
-2.21204
-2.43329
-3.24935
-2.52918
0.618789
-1.5876
-1.34588
-1.78607
-1.48441
-2.389
-1.96798
-1.97164
-0.0379978
0.303952
-2.87568
-0.998764
0
-2.4567
-2.19585
-1.30409
-3.24216
-2.36512
-2.52423
-2.34256
-1.7583
-2.63884
-3.73234
-2.20133
-2.56321
-2.13161
-1.2251
-2.45662
-3.92618
-1.79382
-1.17646
-2.79309
-4.0526
-0.182946
-3.22619
-4.12849
-2.06962
-2.44643
-1.82634
-2.4567
0
-1.38889
-1.0825
-2.72708
-1.67448
-2.78472
-0.783763
-1.1936
-2.47493
-2.88822
-1.9504
-2.78838
-3.10095
-0.915383
-2.3052
-3.48611
-3.28111
-1.42748
-4.43342
-3.0104
-0.868782
-1.65922
-1.27748
-1.3701
-2.30996
-2.51867
-2.19585
-1.38889
0
-0.0515195
-1.63627
-2.06911
-1.33297
0.116038
-1.93015
-2.3604
-3.71129
-2.38235
-2.0409
-2.16061
-2.29801
-1.95647
-1.12405
-2.24846
-2.49615
-0.526462
-0.972839
-3.26784
-2.02488
-3.69994
-2.32179
-3.42147
-1.32663
-1.30409
-1.0825
-0.0515195
0
-2.1357
-2.83265
-2.06987
-2.92663
-2.30794
-1.03722
-2.97309
-3.35975
-2.6212
-3.26605
-0.872673
-2.86846
-3.15386
-3.91065
-1.07922
0.00339115
-1.16146
-3.74819
-1.14289
-2.67226
-3.47739
-2.44539
-2.97711
-3.24216
-2.72708
-1.63627
-2.1357
0
-3.11805
-2.00797
-3.10272
-1.4045
-1.46371
-3.58251
-1.87415
-3.74893
-1.11546
-1.19469
-1.6917
-3.07227
-4.26672
-1.98696
-0.78312
-1.5188
-0.188606
-2.1681
-2.61245
-2.43853
0.0577586
-3.79582
-2.36512
-1.67448
-2.06911
-2.83265
-3.11805
0
-3.72156
-2.95166
-2.19288
-2.93043
-2.43897
-2.88913
-1.55096
-3.24945
-1.91892
-3.66146
-2.24741
-3.00674
-3.34536
-2.35252
-3.66476
-0.637919
-1.50279
-4.58355
-0.407798
-2.08372
-3.70498
-2.52423
-2.78472
-1.33297
-2.06987
-2.00797
-3.72156
0
-2.57537
-1.19238
-3.19692
-2.16313
-1.59452
-3.21724
-2.31168
-3.64595
-2.83392
-4.65129
-0.243837
-0.0845707
-2.58591
-1.27349
-3.08352
-1.43871
-2.16561
-2.75176
-2.51519
-4.87712
-2.34256
-0.783763
0.116038
-2.92663
-3.10272
-2.95166
-2.57537
0
-1.33356
-0.980837
-1.81168
-2.49103
-2.58171
-2.10576
-1.75416
-2.36567
-2.61368
-1.11753
-0.71267
-2.28231
-1.26483
-1.80716
-2.32304
-3.27098
-2.31979
-0.899355
-1.65007
-1.7583
-1.1936
-1.93015
-2.30794
-1.4045
-2.19288
-1.19238
-1.33356
0
-3.53399
-0.781873
-2.96757
-1.94917
-3.27224
-2.99991
-0.707184
-3.40809
-0.404908
-2.87454
-2.08508
-0.742621
-0.744784
-1.62349
-2.26228
-2.20396
-0.0657098
-2.15724
-2.63884
-2.47493
-2.3604
-1.03722
-1.46371
-2.93043
-3.19692
-0.980837
-3.53399
0
-0.989832
-2.68347
-3.22829
-1.17401
-2.41523
-2.16749
-2.14154
-2.88489
-2.40348
-0.886652
-2.87999
-2.71282
-2.23566
-1.4658
-1.59188
-2.40977
-2.03891
-3.73234
-2.88822
-3.71129
-2.97309
-3.58251
-2.43897
-2.16313
-1.81168
-0.781873
-0.989832
0
-0.297293
-1.89491
-0.830075
-1.34611
-3.25783
-2.01808
-1.61512
-1.58339
-1.47228
-1.36705
-2.36939
-2.75482
-1.61059
-3.16436
-1.95056
-2.21204
-2.20133
-1.9504
-2.38235
-3.35975
-1.87415
-2.88913
-1.59452
-2.49103
-2.96757
-2.68347
-0.297293
0
-2.46177
0.810641
-1.94401
-2.7875
-2.42859
-0.942893
0.0234387
-2.70129
-2.78296
-3.88306
-2.98536
-2.0692
-1.6452
-2.61523
-2.43329
-2.56321
-2.78838
-2.0409
-2.6212
-3.74893
-1.55096
-3.21724
-2.58171
-1.94917
-3.22829
-1.89491
-2.46177
0
-0.799533
-0.98992
-2.01344
-3.64992
-1.67224
-1.83457
-3.00081
-1.59956
-1.62334
-2.33954
-2.31639
-2.8908
-2.69301
-3.24935
-2.13161
-3.10095
-2.16061
-3.26605
-1.11546
-3.24945
-2.31168
-2.10576
-3.27224
-1.17401
-0.830075
0.810641
-0.799533
0
-2.64371
-3.79528
-1.26378
-2.36267
-2.83982
-4.03534
-3.9971
-3.53863
-3.34038
-1.12084
-1.30237
-2.11711
-2.52918
-1.2251
-0.915383
-2.29801
-0.872673
-1.19469
-1.91892
-3.64595
-1.75416
-2.99991
-2.41523
-1.34611
-1.94401
-0.98992
-2.64371
0
-1.15365
-2.54743
-1.4004
-1.42518
-3.71309
-1.66604
-3.01871
-1.17561
-1.55492
-0.11492
-1.97081
0.618789
-2.45662
-2.3052
-1.95647
-2.86846
-1.6917
-3.66146
-2.83392
-2.36567
-0.707184
-2.16749
-3.25783
-2.7875
-2.01344
-3.79528
-1.15365
0
