0
-2.72137
-1.68213
-2.39163
-3.9634
-2.9014
-1.18562
-2.76667
-1.48365
-2.84575
-4.47622
-2.43758
-1.8827
-2.24534
-3.08546
-0.856963
-2.282
-1.16244
-2.55507
-1.61329
-0.628688
-2.4526
-2.03218
-2.14868
-2.49429
-2.30784
-4.20355
-2.72137
0
-4.14981
-3.11681
-2.8972
-0.731349
-0.658167
-2.65701
-1.22212
-1.77384
-1.371
-3.08333
-1.34943
-2.04836
-0.881442
-0.81994
-2.76773
-1.91365
-1.80422
-2.04536
-0.531421
-1.60572
-1.99713
-1.93879
-0.678873
-2.03703
-1.38137
-1.68213
-4.14981
0
-2.14841
-1.51364
-0.834748
-1.91284
-2.94762
-0.955035
-2.60845
-3.15004
-2.29142
-2.99685
-2.79369
-0.522274
-1.29923
-2.27192
-2.22259
-1.21503
-1.74371
-2.29958
-2.84936
-1.49378
-1.54648
-1.47647
-2.77036
-1.42567
-2.39163
-3.11681
-2.14841
0
-0.395144
-2.83936
-1.03108
-0.854032
-1.39558
-1.30006
-3.2652
-2.30333
-2.31426
-2.50518
-1.72846
-1.45798
-1.69775
-4.14395
-4.06284
-1.5621
-0.658873
-2.07317
-4.56019
-3.14246
-0.699716
-2.10095
-2.49575
-3.9634
-2.8972
-1.51364
-0.395144
0
-3.86835
-2.5375
-2.37953
-2.17282
-2.80007
-1.90974
-2.61822
-0.0605769
-1.29004
-1.03812
-3.55062
-1.29798
-2.45118
-3.10377
-0.029254
-1.10687
-1.93423
-2.35179
-0.508446
-3.06499
-1.92833
-2.74686
-2.9014
-0.731349
-0.834748
-2.83936
-3.86835
0
-2.14161
-1.16553
-2.79687
-1.1688
-3.94789
-2.7129
-2.69634
-2.92224
-3.67321
-2.39363
-1.1532
-2.24511
-1.45034
-1.60045
-3.47658
-0.757421
-2.37059
-1.22379
-0.976607
-4.66614
-1.10919
-1.18562
-0.658167
-1.91284
-1.03108
-2.5375
-2.14161
0
-2.654
-0.686472
-3.60551
-1.82416
-0.866497
-2.72207
-2.41636
0.376718
-2.02734
-3.34024
-1.89913
-2.37041
-2.88257
-0.720947
-1.33372
-0.265049
-2.76134
-1.08773
-2.91601
-0.51796
-2.76667
-2.65701
-2.94762
-0.854032
-2.37953
-1.16553
-2.654
0
-2.77933
-2.25082
-1.94873
-2.1788
-0.63053
-1.26264
-3.15952
0.425953
-2.87862
-3.05957
-3.85133
-2.39693
-1.71808
-2.62912
-1.90672
1.14713
-4.97839
-2.11111
-2.25796
-1.48365
-1.22212
-0.955035
-1.39558
-2.17282
-2.79687
-0.686472
-2.77933
0
-1.79422
-1.25931
-3.13608
-1.362
-0.904516
-3.46731
-1.55989
-2.20266
-1.94915
-0.931664
-2.57834
-2.56627
-1.84509
-0.910633
-1.34964
-2.61091
-2.30383
-1.9573
-2.84575
-1.77384
-2.60845
-1.30006
-2.80007
-1.1688
-3.60551
-2.25082
-1.79422
0
-2.79921
-3.49992
-2.06747
-2.44976
-1.2764
-3.16669
-1.41135
-1.44385
-2.05045
0.139988
-2.77365
-2.51092
-2.5096
-2.08369
-2.83031
-1.56477
-2.05097
-4.47622
-1.371
-3.15004
-3.2652
-1.90974
-3.94789
-1.82416
-1.94873
-1.25931
-2.79921
0
-2.45388
-1.19368
-3.78835
-2.19115
-0.581857
-2.787
-3.11927
-2.86256
-2.46701
-2.10463
-1.36502
-1.76897
-0.0703675
-2.77348
-2.03634
-1.98937
-2.43758
-3.08333
-2.29142
-2.30333
-2.61822
-2.7129
-0.866497
-2.1788
-3.13608
-3.49992
-2.45388
0
-3.82677
-0.599773
-2.67237
-2.80787
-1.71083
-1.89565
-1.88451
-2.81948
-1.63763
-2.7001
-1.69939
-2.61696
-0.321439
-2.92562
-0.843182
-1.8827
-1.34943
-2.99685
-2.31426
-0.0605769
-2.69634
-2.72207
-0.63053
-1.362
-2.06747
-1.19368
-3.82677
0
-2.95319
-0.783118
-1.45909
-0.347358
-0.288645
-1.67748
-2.17862
-3.37963
-2.51984
-3.65489
-1.02151
-1.58866
-1.33345
-1.91091
-2.24534
-2.04836
-2.79369
-2.50518
-1.29004
-2.92224
-2.41636
-1.26264
-0.904516
-2.44976
-3.78835
-0.599773
-2.95319
0
-1.74803
-3.70017
-1.03902
-1.64021
-1.71471
-3.19472
-0.959063
0.081806
-0.591381
-2.8864
-2.11411
-1.81263
-1.50049
-3.08546
-0.881442
-0.522274
-1.72846
-1.03812
-3.67321
0.376718
-3.15952
-3.46731
-1.2764
-2.19115
-2.67237
-0.783118
-1.74803
0
-1.06552
-1.67925
-2.23943
-2.51486
-3.13675
-2.97407
-2.16298
-2.6617
-2.54518
-2.91527
-2.51247
-2.28485
-0.856963
-0.81994
-1.29923
-1.45798
-3.55062
-2.39363
-2.02734
0.425953
-1.55989
-3.16669
-0.581857
-2.80787
-1.45909
-3.70017
-1.06552
0
-1.51904
-1.02788
-2.14483
-2.87072
-2.18073
-2.62563
-3.02252
-2.91224
-1.94141
-2.30199
-2.08742
-2.282
-2.76773
-2.27192
-1.69775
-1.29798
-1.1532
-3.34024
-2.87862
-2.20266
-1.41135
-2.787
-1.71083
-0.347358
-1.03902
-1.67925
-1.51904
0
-1.64472
-3.15211
-1.18796
-2.03789
-2.90206
-1.66468
-1.17369
-0.961871
-1.11119
-1.57875
-1.16244
-1.91365
-2.22259
-4.14395
-2.45118
-2.24511
-1.89913
-3.05957
-1.94915
-1.44385
-3.11927
-1.89565
-0.288645
-1.64021
-2.23943
-1.02788
-1.64472
0
-1.29849
-2.88072
-2.88043
-2.39051
-0.414968
-1.907
-3.50701
-2.47825
-2.81822
-2.55507
-1.80422
-1.21503
-4.06284
-3.10377
-1.45034
-2.37041
-3.85133
-0.931664
-2.05045
-2.86256
-1.88451
-1.67748
-1.71471
-2.51486
-2.14483
-3.15211
-1.29849
0
-2.0979
-3.33784
-2.64817
-2.7243
-2.31417
-1.43072
-1.40683
-2.70102
-1.61329
-2.04536
-1.74371
-1.5621
-0.029254
-1.60045
-2.88257
-2.39693
-2.57834
0.139988
-2.46701
-2.81948
-2.17862
-3.19472
-3.13675
-2.87072
-1.18796
-2.88072
-2.0979
0
-1.29305
-2.97913
-1.55121
-2.99591
-1.92793
-1.98579
-1.69754
-0.628688
-0.531421
-2.29958
-0.658873
-1.10687
-3.47658
-0.720947
-1.71808
-2.56627
-2.77365
-2.10463
-1.63763
-3.37963
-0.959063
-2.97407
-2.18073
-2.03789
-2.88043
-3.33784
-1.29305
0
-0.774198
-1.07452
-1.26442
-2.28031
-1.87184
-1.063
-2.4526
-1.60572
-2.84936
-2.07317
-1.93423
-0.757421
-1.33372
-2.62912
-1.84509
-2.51092
-1.36502
-2.7001
-2.51984
0.081806
-2.16298
-2.62563
-2.90206
-2.39051
-2.64817
-2.97913
-0.774198
0
-2.34781
-0.948366
-1.57138
-2.794
-3.57789
-2.03218
-1.99713
-1.49378
-4.56019
-2.35179
-2.37059
-0.265049
-1.90672
-0.910633
-2.5096
-1.76897
-1.69939
-3.65489
-0.591381
-2.6617
-3.02252
-1.66468
-0.414968
-2.7243
-1.55121
-1.07452
-2.34781
0
-1.58888
-1.8411
-2.90517
-2.0554
-2.14868
-1.93879
-1.54648
-3.14246
-0.508446
-1.22379
-2.76134
1.14713
-1.34964
-2.08369
-0.0703675
-2.61696
-1.02151
-2.8864
-2.54518
-2.91224
-1.17369
-1.907
-2.31417
-2.99591
-1.26442
-0.948366
-1.58888
0
-1.93074
-1.71525
-3.50397
-2.49429
-0.678873
-1.47647
-0.699716
-3.06499
-0.976607
-1.08773
-4.97839
-2.61091
-2.83031
-2.77348
-0.321439
-1.58866
-2.11411
-2.91527
-1.94141
-0.961871
-3.50701
-1.43072
-1.92793
-2.28031
-1.57138
-1.8411
-1.93074
0
-1.76249
-0.497746
-2.30784
-2.03703
-2.77036
-2.10095
-1.92833
-4.66614
-2.91601
-2.11111
-2.30383
-1.56477
-2.03634
-2.92562
-1.33345
-1.81263
-2.51247
-2.30199
-1.11119
-2.47825
-1.40683
-1.98579
-1.87184
-2.794
-2.90517
-1.71525
-1.76249
0
-2.07539
-4.20355
-1.38137
-1.42567
-2.49575
-2.74686
-1.10919
-0.51796
-2.25796
-1.9573
-2.05097
-1.98937
-0.843182
-1.91091
-1.50049
-2.28485
-2.08742
-1.57875
-2.81822
-2.70102
-1.69754
-1.063
-3.57789
-2.0554
-3.50397
-0.497746
-2.07539
0
