0
-0.33677
-2.70315
-0.797251
-1.81342
-1.53044
-2.16767
-1.2866
-2.40633
-2.08064
-1.92053
-2.22898
-3.32829
-3.57913
-3.14093
-1.42106
-1.59064
-1.28288
-0.937162
-2.90898
-3.08858
-3.22788
-3.83469
-2.41212
-3.06036
-2.34478
-1.70965
-0.33677
0
-1.74402
-1.54196
-0.480339
-4.66478
-0.741128
-3.08881
-2.06704
-1.48108
-1.22697
-1.53004
-2.30597
-2.46205
0.208273
-2.75733
-0.445401
-0.678331
-2.44628
-1.8838
-1.01121
-0.746238
-2.58918
-2.37773
-3.08383
-1.98565
-1.4974
-2.70315
-1.74402
0
-3.38093
-2.27054
-1.35278
0.169906
-3.17713
-1.37536
-3.40175
-1.15405
-3.03145
-3.90659
-2.65443
-0.973173
-0.788548
-1.88937
-2.35575
-1.82841
-1.78017
-3.74106
-1.63562
-2.20875
-0.783816
-2.94342
-2.90078
-2.72891
-0.797251
-1.54196
-3.38093
0
-3.44452
-2.87251
-2.41089
-0.182272
-1.90439
-0.808157
-3.0222
-2.31097
-1.5645
-1.67922
-1.24799
-1.06448
-1.90365
-0.629801
-2.35148
-1.34111
-3.02728
-1.85703
-2.89658
-1.97378
-1.04208
-1.17033
-1.08692
-1.81342
-0.480339
-2.27054
-3.44452
0
-2.37681
-3.03564
-1.65606
-1.66325
-0.90614
-2.28652
0.386457
-2.22948
-2.58145
-1.88545
-1.25416
-2.14981
-1.81456
-2.65153
-2.37549
-1.97126
-2.15491
-0.994695
-1.6572
-1.85305
-0.227497
-3.02764
-1.53044
-4.66478
-1.35278
-2.87251
-2.37681
0
-1.55793
-3.10667
-2.13089
-2.5055
-1.41743
-1.03964
-3.4152
-1.98598
-1.34768
-2.03926
-1.9759
-1.64753
-2.81334
-2.02279
-2.92978
-2.28417
-3.25894
-0.577289
-0.445103
-1.54929
-3.07201
-2.16767
-0.741128
0.169906
-2.41089
-3.03564
-1.55793
0
-1.17303
-3.01706
-1.32253
-2.04342
-3.64922
-1.72118
-2.5714
-0.29033
-0.654871
-1.59595
-2.25987
-4.16983
-1.76319
-1.22348
-0.172078
-2.72265
-2.23611
-3.15274
-1.82005
-1.82687
-1.2866
-3.08881
-3.17713
-0.182272
-1.65606
-3.10667
-1.17303
0
-1.55613
-0.825864
-1.00214
-3.57143
-1.91085
-1.23017
-1.56323
-2.82784
-3.28014
-0.485868
-2.11348
-1.79792
-3.03473
-1.93633
-2.59854
-3.13219
-1.85048
-1.31188
-1.38506
-2.40633
-2.06704
-1.37536
-1.90439
-1.66325
-2.13089
-3.01706
-1.55613
0
0.944378
-1.02069
-0.0460804
-0.955612
-3.91932
-2.20064
-1.39387
-3.2614
-1.61817
-1.79525
-2.03631
-2.70314
-1.62432
-3.63121
-1.19268
0.0372959
-3.13183
-1.78595
-2.08064
-1.48108
-3.40175
-0.808157
-0.90614
-2.5055
-1.32253
-0.825864
0.944378
0
-3.62223
-0.854832
-1.87105
-2.22841
-4.12934
-3.26756
-2.30781
-2.5139
-1.99434
-2.89633
-1.23801
-2.37925
-2.14917
-2.42108
-1.31714
-2.52539
-2.61856
-1.92053
-1.22697
-1.15405
-3.0222
-2.28652
-1.41743
-2.04342
-1.00214
-1.02069
-3.62223
0
-2.90769
-1.10733
-2.79673
-2.38609
-2.53398
-2.84917
-1.26875
-0.736367
-1.94346
-1.85255
-2.83231
-2.57061
-2.30016
-1.65561
-2.92166
-0.884601
-2.22898
-1.53004
-3.03145
-2.31097
0.386457
-1.03964
-3.64922
-3.57143
-0.0460804
-0.854832
-2.90769
0
-2.5138
-1.39772
-3.29689
-2.49512
-3.3147
-1.58472
-4.20004
-2.71013
-3.08887
-1.15806
-2.67262
-1.35807
-1.83184
-2.13382
0.137221
-3.32829
-2.30597
-3.90659
-1.5645
-2.22948
-3.4152
-1.72118
-1.91085
-0.955612
-1.87105
-1.10733
-2.5138
0
-0.915905
-0.900513
-1.63054
-3.2826
-2.09978
-1.81532
-3.4602
-2.89334
-0.466868
-2.67417
-1.35819
-3.32228
-3.08152
-0.999899
-3.57913
-2.46205
-2.65443
-1.67922
-2.58145
-1.98598
-2.5714
-1.23017
-3.91932
-2.22841
-2.79673
-1.39772
-0.915905
0
-2.30645
-0.828186
-3.56892
-1.67242
-1.94139
-0.902333
-3.0311
-2.71946
-1.10916
-1.05309
-2.10554
-2.0859
-1.00563
-3.14093
0.208273
-0.973173
-1.24799
-1.88545
-1.34768
-0.29033
-1.56323
-2.20064
-4.12934
-2.38609
-3.29689
-0.900513
-2.30645
0
-2.48626
-2.90465
-1.3409
-1.48547
-1.48022
-1.27399
-2.65761
-4.13976
-1.76597
-1.39449
-1.51825
-2.95882
-1.42106
-2.75733
-0.788548
-1.06448
-1.25416
-2.03926
-0.654871
-2.82784
-1.39387
-3.26756
-2.53398
-2.49512
-1.63054
-0.828186
-2.48626
0
-3.37038
-2.11593
-3.50794
-2.50381
-1.42665
-3.08428
-1.4422
-0.99933
-2.40298
-2.35623
-3.15672
-1.59064
-0.445401
-1.88937
-1.90365
-2.14981
-1.9759
-1.59595
-3.28014
-3.2614
-2.30781
-2.84917
-3.3147
-3.2826
-3.56892
-2.90465
-3.37038
0
-3.18803
-2.13364
-1.29355
-1.83121
-2.15626
-0.695496
-1.31567
-1.85469
-1.98451
-0.0824743
-1.28288
-0.678331
-2.35575
-0.629801
-1.81456
-1.64753
-2.25987
-0.485868
-1.61817
-2.5139
-1.26875
-1.58472
-2.09978
-1.67242
-1.3409
-2.11593
-3.18803
0
-2.16424
-2.63143
-1.9725
-2.22323
-2.56137
0.282866
-3.01407
-1.54688
-2.27981
-0.937162
-2.44628
-1.82841
-2.35148
-2.65153
-2.81334
-4.16983
-2.11348
-1.79525
-1.99434
-0.736367
-4.20004
-1.81532
-1.94139
-1.48547
-3.50794
-2.13364
-2.16424
0
-1.64419
-1.7717
-1.94409
-2.22784
0.710733
-1.14352
-2.37632
-0.655459
-2.90898
-1.8838
-1.78017
-1.34111
-2.37549
-2.02279
-1.76319
-1.79792
-2.03631
-2.89633
-1.94346
-2.71013
-3.4602
-0.902333
-1.48022
-2.50381
-1.29355
-2.63143
-1.64419
0
-3.40952
-0.114833
-2.82354
-1.36537
-2.95357
-3.21981
-1.26494
-3.08858
-1.01121
-3.74106
-3.02728
-1.97126
-2.92978
-1.22348
-3.03473
-2.70314
-1.23801
-1.85255
-3.08887
-2.89334
-3.0311
-1.27399
-1.42665
-1.83121
-1.9725
-1.7717
-3.40952
0
-1.2836
-1.70056
-1.79295
-2.17456
-2.42411
-2.97824
-3.22788
-0.746238
-1.63562
-1.85703
-2.15491
-2.28417
-0.172078
-1.93633
-1.62432
-2.37925
-2.83231
-1.15806
-0.466868
-2.71946
-2.65761
-3.08428
-2.15626
-2.22323
-1.94409
-0.114833
-1.2836
0
-1.41695
-0.516164
-1.76659
-1.23354
-1.39044
-3.83469
-2.58918
-2.20875
-2.89658
-0.994695
-3.25894
-2.72265
-2.59854
-3.63121
-2.14917
-2.57061
-2.67262
-2.67417
-1.10916
-4.13976
-1.4422
-0.695496
-2.56137
-2.22784
-2.82354
-1.70056
-1.41695
0
-1.90239
-2.93853
-2.3464
-2.06282
-2.41212
-2.37773
-0.783816
-1.97378
-1.6572
-0.577289
-2.23611
-3.13219
-1.19268
-2.42108
-2.30016
-1.35807
-1.35819
-1.05309
-1.76597
-0.99933
-1.31567
0.282866
0.710733
-1.36537
-1.79295
-0.516164
-1.90239
0
-2.99827
0.0478312
-3.22433
-3.06036
-3.08383
-2.94342
-1.04208
-1.85305
-0.445103
-3.15274
-1.85048
0.0372959
-1.31714
-1.65561
-1.83184
-3.32228
-2.10554
-1.39449
-2.40298
-1.85469
-3.01407
-1.14352
-2.95357
-2.17456
-1.76659
-2.93853
-2.99827
0
-2.07298
-0.767955
-2.34478
-1.98565
-2.90078
-1.17033
-0.227497
-1.54929
-1.82005
-1.31188
-3.13183
-2.52539
-2.92166
-2.13382
-3.08152
-2.0859
-1.51825
-2.35623
-1.98451
-1.54688
-2.37632
-3.21981
-2.42411
-1.23354
-2.3464
0.0478312
-2.07298
0
-1.96452
-1.70965
-1.4974
-2.72891
-1.08692
-3.02764
-3.07201
-1.82687
-1.38506
-1.78595
-2.61856
-0.884601
0.137221
-0.999899
-1.00563
-2.95882
-3.15672
-0.0824743
-2.27981
-0.655459
-1.26494
-2.97824
-1.39044
-2.06282
-3.22433
-0.767955
-1.96452
0
