0
-2.99684
-1.7741
-2.06394
-2.33328
-1.12995
-4.0373
-1.81662
-2.8617
-1.6117
-3.0804
-0.939255
-1.91269
-3.36029
-1.10076
-2.91281
-1.83616
-2.18536
-1.39862
-0.303373
-2.69797
-0.941581
-2.20134
-2.15243
0.710979
-1.05995
-2.57919
-2.99684
0
-1.724
-2.93567
-2.03919
-2.51941
-1.96588
-1.73538
-2.35245
-2.66359
-3.80835
-2.08336
-2.81422
-2.5905
-3.30335
-2.48025
-3.85184
-1.44805
-2.56595
-0.941088
-3.18624
-2.37074
-4.08431
-2.15945
-2.30945
-1.34164
-1.8185
-1.7741
-1.724
0
-1.84434
-2.05959
-2.23302
-2.00653
0.464517
-2.50861
-2.74853
-2.21114
-1.70355
-2.48838
-2.11142
-0.713023
-2.82079
-4.37566
-2.29808
-1.78226
-1.21556
-1.63461
-1.33313
-2.77185
-2.25207
-2.63108
-2.68402
-3.00071
-2.06394
-2.93567
-1.84434
0
-1.10772
-2.89939
-1.15372
-3.39006
-1.46724
-1.54811
-0.771113
-1.9577
-2.10961
-1.76751
-2.65548
-2.58683
-0.51176
-3.40217
-0.0831635
1.06276
-3.71975
-0.938828
-1.42394
-3.10715
-3.70165
-3.23959
-0.789981
-2.33328
-2.03919
-2.05959
-1.10772
0
-1.97879
-1.4154
-2.16542
-1.8963
-2.35977
-2.43
-0.567566
-2.7642
-3.00464
-2.07143
-1.59312
-3.3657
-1.96001
-3.63992
-2.83764
-1.60567
-2.60529
-2.89722
-2.59712
-1.77697
-1.59175
-1.48718
-1.12995
-2.51941
-2.23302
-2.89939
-1.97879
0
-1.49509
-2.09305
-1.15658
-0.0544887
-2.70888
-0.95181
-3.60437
0.172719
-2.5892
-3.26228
-2.25791
-2.22913
-2.1686
-4.12585
-1.65298
-3.26931
-1.20333
-1.26892
-2.03122
-2.84263
-0.213693
-4.0373
-1.96588
-2.00653
-1.15372
-1.4154
-1.49509
0
-3.09699
-2.69512
-2.6033
-3.19195
-0.174209
-0.413963
-1.67736
-3.13785
-1.28907
0.038551
-2.1068
-2.47231
-3.60941
-2.42427
-1.7992
-1.95015
-0.796173
-2.25251
-0.573785
-2.8362
-1.81662
-1.73538
0.464517
-3.39006
-2.16542
-2.09305
-3.09699
0
-2.91996
1.05066
-2.35056
-3.38825
-2.54929
-3.77546
-1.54662
-2.91422
-2.87196
-3.25282
-1.74142
-3.11573
-2.43538
-2.68817
-2.36634
-1.26694
-0.899765
-2.48483
-0.0811485
-2.8617
-2.35245
-2.50861
-1.46724
-1.8963
-1.15658
-2.69512
-2.91996
0
-2.44843
-2.38556
-2.5569
-1.71405
-3.9905
-1.70249
-1.8961
-1.97888
-0.328786
-2.83501
-1.52385
-2.76692
-2.24227
-1.99768
-2.80729
-2.63025
-1.55636
-2.60273
-1.6117
-2.66359
-2.74853
-1.54811
-2.35977
-0.0544887
-2.6033
1.05066
-2.44843
0
-3.6761
-0.181207
-1.65737
-3.34163
-2.16744
-0.688185
-2.82275
-2.84309
-2.50033
-3.16366
-2.71285
-2.52412
-2.15232
-2.36461
-0.304794
-2.55122
-1.13893
-3.0804
-3.80835
-2.21114
-0.771113
-2.43
-2.70888
-3.19195
-2.35056
-2.38556
-3.6761
0
-3.12675
-2.37105
-2.67792
-0.876361
-2.49835
-2.18363
-0.933852
-2.86826
-2.79238
-1.28371
-4.37482
-1.51528
-2.62864
-0.384069
-3.0267
-0.312211
-0.939255
-2.08336
-1.70355
-1.9577
-0.567566
-0.95181
-0.174209
-3.38825
-2.5569
-0.181207
-3.12675
0
-0.770863
-3.3258
-3.06782
-1.32989
-3.1387
-0.689272
-1.00641
-1.44735
-2.99461
-1.66829
0.0580928
-3.07069
-0.702136
-3.56082
-2.90244
-1.91269
-2.81422
-2.48838
-2.10961
-2.7642
-3.60437
-0.413963
-2.54929
-1.71405
-1.65737
-2.37105
-0.770863
0
-2.10672
-0.721165
-2.20867
-2.15223
-1.62562
-3.71531
-0.664669
-1.86952
-1.49015
-3.20314
-2.98148
-1.36947
-1.74137
-0.405641
-3.36029
-2.5905
-2.11142
-1.76751
-3.00464
0.172719
-1.67736
-3.77546
-3.9905
-3.34163
-2.67792
-3.3258
-2.10672
0
-1.4855
-1.81611
-3.28663
-0.551971
-1.12185
-1.3831
-2.87015
-1.96556
-1.79991
-1.66391
-0.0561183
-1.22197
-3.06918
-1.10076
-3.30335
-0.713023
-2.65548
-2.07143
-2.5892
-3.13785
-1.54662
-1.70249
-2.16744
-0.876361
-3.06782
-0.721165
-1.4855
0
-3.08754
-1.69975
-3.33163
-2.56534
-2.44556
0.395359
-3.13843
-2.12273
-3.73184
-1.50458
-3.24153
-2.35226
-2.91281
-2.48025
-2.82079
-2.58683
-1.59312
-3.26228
-1.28907
-2.91422
-1.8961
-0.688185
-2.49835
-1.32989
-2.20867
-1.81611
-3.08754
0
-4.57001
-2.71259
-0.629088
-1.00878
-0.832834
-2.57393
-3.06148
-1.39038
-2.23879
-1.35159
-3.16038
-1.83616
-3.85184
-4.37566
-0.51176
-3.3657
-2.25791
0.038551
-2.87196
-1.97888
-2.82275
-2.18363
-3.1387
-2.15223
-3.28663
-1.69975
-4.57001
0
-1.96375
-1.54654
-2.5689
-2.7717
-1.13827
-1.5601
-3.15977
-0.267032
-3.13548
-2.79403
-2.18536
-1.44805
-2.29808
-3.40217
-1.96001
-2.22913
-2.1068
-3.25282
-0.328786
-2.84309
-0.933852
-0.689272
-1.62562
-0.551971
-3.33163
-2.71259
-1.96375
0
0.428337
-1.89932
-2.04899
-1.55548
-2.29005
-3.21093
-0.410274
-2.37978
-3.17794
-1.39862
-2.56595
-1.78226
-0.0831635
-3.63992
-2.1686
-2.47231
-1.74142
-2.83501
-2.50033
-2.86826
-1.00641
-3.71531
-1.12185
-2.56534
-0.629088
-1.54654
0.428337
0
-0.554889
-3.2256
-2.9975
-2.22488
-2.21144
-1.24857
-1.43063
-2.80422
-0.303373
-0.941088
-1.21556
1.06276
-2.83764
-4.12585
-3.60941
-3.11573
-1.52385
-3.16366
-2.79238
-1.44735
-0.664669
-1.3831
-2.44556
-1.00878
-2.5689
-1.89932
-0.554889
0
-1.51612
-1.41712
-2.72932
-2.34129
-1.45445
-3.45105
-0.81635
-2.69797
-3.18624
-1.63461
-3.71975
-1.60567
-1.65298
-2.42427
-2.43538
-2.76692
-2.71285
-1.28371
-2.99461
-1.86952
-2.87015
0.395359
-0.832834
-2.7717
-2.04899
-3.2256
-1.51612
0
-1.50923
-2.84621
-2.43582
-3.69013
-3.71458
-2.20203
-0.941581
-2.37074
-1.33313
-0.938828
-2.60529
-3.26931
-1.7992
-2.68817
-2.24227
-2.52412
-4.37482
-1.66829
-1.49015
-1.96556
-3.13843
-2.57393
-1.13827
-1.55548
-2.9975
-1.41712
-1.50923
0
-3.23528
-2.8749
-0.656137
-2.64163
-1.70392
-2.20134
-4.08431
-2.77185
-1.42394
-2.89722
-1.20333
-1.95015
-2.36634
-1.99768
-2.15232
-1.51528
0.0580928
-3.20314
-1.79991
-2.12273
-3.06148
-1.5601
-2.29005
-2.22488
-2.72932
-2.84621
-3.23528
0
-2.31009
-2.3942
-2.3767
-0.514072
-2.15243
-2.15945
-2.25207
-3.10715
-2.59712
-1.26892
-0.796173
-1.26694
-2.80729
-2.36461
-2.62864
-3.07069
-2.98148
-1.66391
-3.73184
-1.39038
-3.15977
-3.21093
-2.21144
-2.34129
-2.43582
-2.8749
-2.31009
0
-3.28286
-1.08185
-2.48684
0.710979
-2.30945
-2.63108
-3.70165
-1.77697
-2.03122
-2.25251
-0.899765
-2.63025
-0.304794
-0.384069
-0.702136
-1.36947
-0.0561183
-1.50458
-2.23879
-0.267032
-0.410274
-1.24857
-1.45445
-3.69013
-0.656137
-2.3942
-3.28286
0
-1.7891
-0.000296727
-1.05995
-1.34164
-2.68402
-3.23959
-1.59175
-2.84263
-0.573785
-2.48483
-1.55636
-2.55122
-3.0267
-3.56082
-1.74137
-1.22197
-3.24153
-1.35159
-3.13548
-2.37978
-1.43063
-3.45105
-3.71458
-2.64163
-2.3767
-1.08185
-1.7891
0
-2.5401
-2.57919
-1.8185
-3.00071
-0.789981
-1.48718
-0.213693
-2.8362
-0.0811485
-2.60273
-1.13893
-0.312211
-2.90244
-0.405641
-3.06918
-2.35226
-3.16038
-2.79403
-3.17794
-2.80422
-0.81635
-2.20203
-1.70392
-0.514072
-2.48684
-0.000296727
-2.5401
0
