0
-4.20239
-2.62565
-3.7889
-1.52546
-0.794721
-1.27294
-2.16333
-4.74789
-2.29607
-4.2595
-3.45919
-2.53405
-2.62895
-3.21124
-2.15785
-3.14859
-2.0198
-2.83595
-1.45988
-0.473816
-1.3091
-2.91024
-1.11256
-2.19927
-1.88134
-2.17371
-4.20239
0
-2.0822
-2.74124
-0.0544493
-2.80072
-1.96571
-2.95792
-0.973534
-1.85432
-2.07134
-0.450296
-1.4732
-0.538563
-0.904315
-2.38635
-1.9887
-0.700639
-2.07425
-0.629415
-3.42351
-3.28805
-1.64264
-2.09469
-1.39991
-2.89603
-1.29312
-2.62565
-2.0822
0
-3.0182
-2.29774
-2.18163
-2.91639
-2.04503
-1.68377
-2.96619
-1.82178
-2.1005
-1.62676
-2.09429
-1.20315
-2.24902
-2.8473
-0.824662
-1.2539
-2.83659
-2.9164
-1.22333
0.65392
-0.641989
-2.38844
-3.1828
-1.30864
-3.7889
-2.74124
-3.0182
0
-2.22534
-1.81348
-1.96582
-0.816546
-1.00118
-2.109
-2.33289
-1.6137
-0.935576
-1.87617
-2.40272
-2.78003
-1.29352
-1.78874
-1.66255
-2.82512
-1.42422
-1.58285
-1.92374
-2.49728
-1.67215
-1.595
-2.54694
-1.52546
-0.0544493
-2.29774
-2.22534
0
-1.93131
-1.56644
-2.09565
-0.250261
-3.60783
-2.51334
0.256378
-2.30945
-3.24511
-1.21463
-1.83091
-1.4564
-1.95923
-2.23797
-1.9253
0.0514879
-2.37704
-0.391657
-1.72096
-3.27208
-2.72935
-1.44758
-0.794721
-2.80072
-2.18163
-1.81348
-1.93131
0
-2.99223
-1.0263
-3.41852
-1.21719
-1.66214
-4.59845
-1.77327
-1.32154
-0.563392
-1.2886
-0.886439
-1.56814
-2.04445
-1.75684
-0.263273
-2.62373
-2.36634
-2.01927
-2.78811
-2.29079
-3.5245
-1.27294
-1.96571
-2.91639
-1.96582
-1.56644
-2.99223
0
-2.49055
-3.46524
-2.76402
-2.17554
-2.17432
-2.47111
-2.27365
-0.748643
-2.38021
-1.19988
-2.30554
-0.552513
-2.59365
-4.02547
-1.40081
-2.38165
-1.29425
-0.0116315
-1.97578
-0.0294481
-2.16333
-2.95792
-2.04503
-0.816546
-2.09565
-1.0263
-2.49055
0
-2.26432
-2.38527
-2.04081
-1.80684
-2.60876
-2.93867
-2.10209
-1.42212
-0.392358
-1.76743
-3.59337
-0.0994748
-2.44429
-2.24843
-2.71414
-2.53995
-1.12169
-1.14835
-0.141801
-4.74789
-0.973534
-1.68377
-1.00118
-0.250261
-3.41852
-3.46524
-2.26432
0
-1.70116
-4.47724
-1.97898
-1.44334
-1.26022
-3.24285
-1.62958
-1.00658
-2.68933
-1.19806
-1.79257
-2.23835
-2.41366
-0.098015
-3.31013
-2.90986
-1.61007
-2.2237
-2.29607
-1.85432
-2.96619
-2.109
-3.60783
-1.21719
-2.76402
-2.38527
-1.70116
0
-2.73874
-1.95156
-0.459832
-2.13151
-2.44909
-0.782994
-2.45498
-2.15588
-3.55436
-2.05267
-2.86659
-1.35711
-1.60036
-2.62137
-1.86904
-1.22398
-2.19724
-4.2595
-2.07134
-1.82178
-2.33289
-2.51334
-1.66214
-2.17554
-2.04081
-4.47724
-2.73874
0
-1.94551
-3.71186
-2.84986
-2.31672
-2.08744
-0.388091
-0.799293
-4.31353
-0.51365
-1.58301
-2.11964
-1.24883
-1.52606
-4.37915
-0.493349
-1.5865
-3.45919
-0.450296
-2.1005
-1.6137
0.256378
-4.59845
-2.17432
-1.80684
-1.97898
-1.95156
-1.94551
0
-3.45428
-2.45964
-1.60303
0.417787
-3.47664
-1.04185
-2.52537
-1.21847
-0.269322
-2.21043
-2.82577
-0.866581
-2.65726
-3.32456
-1.62998
-2.53405
-1.4732
-1.62676
-0.935576
-2.30945
-1.77327
-2.47111
-2.60876
-1.44334
-0.459832
-3.71186
-3.45428
0
-1.66758
-3.14253
-2.48385
-1.3502
-2.11008
-3.28349
-1.82539
-2.69389
0.245295
-1.63737
-1.31264
-2.02283
-2.98572
-1.39001
-2.62895
-0.538563
-2.09429
-1.87617
-3.24511
-1.32154
-2.27365
-2.93867
-1.26022
-2.13151
-2.84986
-2.45964
-1.66758
0
-1.13707
-1.98446
-1.64046
-2.68294
-2.03019
-3.40505
-1.57172
-2.57173
-2.49683
-1.65104
-2.43897
-1.94617
-1.45429
-3.21124
-0.904315
-1.20315
-2.40272
-1.21463
-0.563392
-0.748643
-2.10209
-3.24285
-2.44909
-2.31672
-1.60303
-3.14253
-1.13707
0
-2.1003
-2.54373
-0.296102
-3.0249
-1.10782
-2.42347
-2.27805
-2.36007
-3.85375
-2.90758
-0.725303
-0.885633
-2.15785
-2.38635
-2.24902
-2.78003
-1.83091
-1.2886
-2.38021
-1.42212
-1.62958
-0.782994
-2.08744
0.417787
-2.48385
-1.98446
-2.1003
0
-1.55306
-3.15473
-1.90722
-0.64763
-2.59131
-2.98564
-1.76041
-1.87551
-2.214
-4.02109
-2.28036
-3.14859
-1.9887
-2.8473
-1.29352
-1.4564
-0.886439
-1.19988
-0.392358
-1.00658
-2.45498
-0.388091
-3.47664
-1.3502
-1.64046
-2.54373
-1.55306
0
-1.15648
0.662626
-1.82626
-0.904516
-1.67255
-2.03956
-1.48995
-0.896125
-2.91698
-3.12317
-2.0198
-0.700639
-0.824662
-1.78874
-1.95923
-1.56814
-2.30554
-1.76743
-2.68933
-2.15588
-0.799293
-1.04185
-2.11008
-2.68294
-0.296102
-3.15473
-1.15648
0
-1.73234
-1.75733
-1.01648
-2.15726
-2.79002
-3.1959
-0.839182
-2.68263
-4.14356
-2.83595
-2.07425
-1.2539
-1.66255
-2.23797
-2.04445
-0.552513
-3.59337
-1.19806
-3.55436
-4.31353
-2.52537
-3.28349
-2.03019
-3.0249
-1.90722
0.662626
-1.73234
0
-1.54289
-4.39187
-2.14038
-1.69462
-3.98196
-1.54091
-1.45268
-2.22858
-1.45988
-0.629415
-2.83659
-2.82512
-1.9253
-1.75684
-2.59365
-0.0994748
-1.79257
-2.05267
-0.51365
-1.21847
-1.82539
-3.40505
-1.10782
-0.64763
-1.82626
-1.75733
-1.54289
0
-2.66095
-1.94753
-0.683216
-3.28736
-1.70544
-2.90616
-2.23833
-0.473816
-3.42351
-2.9164
-1.42422
0.0514879
-0.263273
-4.02547
-2.44429
-2.23835
-2.86659
-1.58301
-0.269322
-2.69389
-1.57172
-2.42347
-2.59131
-0.904516
-1.01648
-4.39187
-2.66095
0
-4.00173
-1.98427
-2.02234
-1.62551
-2.51467
-2.17768
-1.3091
-3.28805
-1.22333
-1.58285
-2.37704
-2.62373
-1.40081
-2.24843
-2.41366
-1.35711
-2.11964
-2.21043
0.245295
-2.57173
-2.27805
-2.98564
-1.67255
-2.15726
-2.14038
-1.94753
-4.00173
0
-1.31018
-0.614064
-3.10358
-1.44862
-2.97949
-2.91024
-1.64264
0.65392
-1.92374
-0.391657
-2.36634
-2.38165
-2.71414
-0.098015
-1.60036
-1.24883
-2.82577
-1.63737
-2.49683
-2.36007
-1.76041
-2.03956
-2.79002
-1.69462
-0.683216
-1.98427
-1.31018
0
-1.94881
-2.17012
-0.159482
-2.54068
-1.11256
-2.09469
-0.641989
-2.49728
-1.72096
-2.01927
-1.29425
-2.53995
-3.31013
-2.62137
-1.52606
-0.866581
-1.31264
-1.65104
-3.85375
-1.87551
-1.48995
-3.1959
-3.98196
-3.28736
-2.02234
-0.614064
-1.94881
0
-1.80218
-1.92656
-2.47001
-2.19927
-1.39991
-2.38844
-1.67215
-3.27208
-2.78811
-0.0116315
-1.12169
-2.90986
-1.86904
-4.37915
-2.65726
-2.02283
-2.43897
-2.90758
-2.214
-0.896125
-0.839182
-1.54091
-1.70544
-1.62551
-3.10358
-2.17012
-1.80218
0
-2.15287
-1.03423
-1.88134
-2.89603
-3.1828
-1.595
-2.72935
-2.29079
-1.97578
-1.14835
-1.61007
-1.22398
-0.493349
-3.32456
-2.98572
-1.94617
-0.725303
-4.02109
-2.91698
-2.68263
-1.45268
-2.90616
-2.51467
-1.44862
-0.159482
-1.92656
-2.15287
0
-1.38599
-2.17371
-1.29312
-1.30864
-2.54694
-1.44758
-3.5245
-0.0294481
-0.141801
-2.2237
-2.19724
-1.5865
-1.62998
-1.39001
-1.45429
-0.885633
-2.28036
-3.12317
-4.14356
-2.22858
-2.23833
-2.17768
-2.97949
-2.54068
-2.47001
-1.03423
-1.38599
0
