0
-2.68491
-2.57978
-0.496033
-3.57097
-1.15167
-1.84474
-1.65634
-2.45129
-3.90763
-3.01554
-0.854637
-1.38305
-2.37905
-1.27833
-0.846195
-1.38086
-0.70886
0.810886
-1.32714
-3.52069
-2.42748
-1.745
0.86902
-3.20142
-1.92896
-2.06747
-2.68491
0
-0.894054
-2.79071
-3.60695
-0.93008
-1.52609
-2.34403
-2.21276
-2.92114
-1.66627
-2.34347
-0.614549
-2.07854
-3.43194
-3.12122
-2.38976
-0.549611
-2.50877
-0.840081
-3.62219
-1.47429
-1.56891
-4.48158
-4.15729
-2.69893
-0.809986
-2.57978
-0.894054
0
-2.58461
-1.22467
-1.02723
-1.35403
-1.02116
-2.35001
-0.686955
-2.54674
-2.8852
-2.04851
-2.68972
-2.4187
-1.35154
-2.43518
-0.338368
0.336699
-2.55976
-1.40669
-1.10428
-2.65347
-3.49252
-2.28082
-0.853035
-3.71199
-0.496033
-2.79071
-2.58461
0
-1.78367
-3.5575
-2.95149
-2.84836
-3.03692
-1.92204
-0.0997659
-0.804015
-1.25053
-2.66691
-2.40526
-0.338272
-2.28627
-3.50588
-1.05559
-1.52705
-1.34357
-3.80521
-2.77582
-2.56257
-2.04149
-1.57986
-1.86825
-3.57097
-3.60695
-1.22467
-1.78367
0
-1.95953
-1.57826
-2.56324
-1.30935
-3.46104
-3.05471
-2.75422
-2.06395
-0.432985
-2.17104
-1.63441
-1.06076
-3.36528
-1.49479
-2.3746
-2.49043
-1.42207
-1.46451
-0.831848
-3.80012
-2.4093
-1.99928
-1.15167
-0.93008
-1.02723
-3.5575
-1.95953
0
-1.57987
-1.66646
-2.37189
-0.761707
-2.18233
-3.09395
-1.61648
-0.386935
-1.90038
-3.27355
-2.86293
-3.50043
-2.05706
-2.13578
-3.46208
-0.729882
-1.32356
-2.60721
-1.58073
-1.90945
-1.10065
-1.84474
-1.52609
-1.35403
-2.95149
-1.57826
-1.57987
0
-3.05159
-0.503542
-2.06158
-1.07208
-1.09934
-2.31226
-3.19715
-2.46894
-1.21529
-1.3492
-1.93663
-1.90741
-2.38197
-2.88626
-2.31875
-2.53827
-1.48737
-1.88147
-1.04717
-2.29882
-1.65634
-2.34403
-1.02116
-2.84836
-2.56324
-1.66646
-3.05159
0
-3.84512
-3.6346
-2.65613
-1.25695
-2.18081
-1.05842
-0.896127
-1.89804
-2.70957
-1.38919
-1.66717
-1.44584
-1.84003
-1.74982
-0.289945
-2.4397
-3.32901
-1.08668
-2.71941
-2.45129
-2.21276
-2.35001
-3.03692
-1.30935
-2.37189
-0.503542
-3.84512
0
-0.783456
-1.69448
-0.246131
0.37903
-3.29227
-1.62705
-4.17728
-3.57962
-2.46456
-0.87934
-1.67842
-3.00416
-0.603472
-3.05208
-2.03714
-0.625246
-1.64984
-2.35817
-3.90763
-2.92114
-0.686955
-1.92204
-3.46104
-0.761707
-2.06158
-3.6346
-0.783456
0
-0.469164
-2.99887
-1.81767
-1.74884
-2.85731
-0.207894
-1.88553
-3.13816
-2.44288
-2.85274
-1.10025
-0.501209
-1.33387
-1.83307
-3.26996
-2.20941
-2.53973
-3.01554
-1.66627
-2.54674
-0.0997659
-3.05471
-2.18233
-1.07208
-2.65613
-1.69448
-0.469164
0
-2.66666
-2.696
-1.26953
-2.8739
-1.54185
-0.785082
-2.80056
-2.33914
-2.33812
-1.56503
-1.96162
-0.503119
-2.38239
-2.32254
-2.27291
-1.24872
-0.854637
-2.34347
-2.8852
-0.804015
-2.75422
-3.09395
-1.09934
-1.25695
-0.246131
-2.99887
-2.66666
0
-2.3581
-1.01877
-1.14759
-0.605157
-2.33524
-1.76967
-1.54699
-2.54326
-4.40405
-1.77726
-2.35236
-2.07382
-2.38104
-2.23354
-1.84639
-1.38305
-0.614549
-2.04851
-1.25053
-2.06395
-1.61648
-2.31226
-2.18081
0.37903
-1.81767
-2.696
-2.3581
0
-2.06621
-1.84942
-2.61596
-3.70095
-2.1579
-3.3408
-3.05682
-2.48888
-3.1294
-2.21368
-1.93823
-1.49691
-1.30219
-0.697888
-2.37905
-2.07854
-2.68972
-2.66691
-0.432985
-0.386935
-3.19715
-1.05842
-3.29227
-1.74884
-1.26953
-1.01877
-2.06621
0
-2.12967
-0.699684
-3.35371
-0.858961
-2.13745
-1.89293
-0.245925
-1.10349
-2.02951
-1.29612
-1.19114
-1.8617
-1.89307
-1.27833
-3.43194
-2.4187
-2.40526
-2.17104
-1.90038
-2.46894
-0.896127
-1.62705
-2.85731
-2.8739
-1.14759
-1.84942
-2.12967
0
-1.57499
-3.56106
-2.0595
-1.42425
-1.38969
-1.51119
-2.06926
-0.863625
-2.47823
-1.46301
-2.82256
-2.18673
-0.846195
-3.12122
-1.35154
-0.338272
-1.63441
-3.27355
-1.21529
-1.89804
-4.17728
-0.207894
-1.54185
-0.605157
-2.61596
-0.699684
-1.57499
0
-1.44542
-3.56966
0.363252
-2.70567
-2.50761
-1.13291
-0.888076
-3.50914
-2.70102
-3.0981
-3.28188
-1.38086
-2.38976
-2.43518
-2.28627
-1.06076
-2.86293
-1.3492
-2.70957
-3.57962
-1.88553
-0.785082
-2.33524
-3.70095
-3.35371
-3.56106
-1.44542
0
-1.34082
-1.12426
-2.44453
-0.180139
-2.62337
-2.32295
-2.14912
-2.47183
-1.86069
-2.08242
-0.70886
-0.549611
-0.338368
-3.50588
-3.36528
-3.50043
-1.93663
-1.38919
-2.46456
-3.13816
-2.80056
-1.76967
-2.1579
-0.858961
-2.0595
-3.56966
-1.34082
0
-1.41956
-1.96072
-2.7134
-2.72488
-2.8367
-1.75458
-3.12365
-0.736105
-1.9581
0.810886
-2.50877
0.336699
-1.05559
-1.49479
-2.05706
-1.90741
-1.66717
-0.87934
-2.44288
-2.33914
-1.54699
-3.3408
-2.13745
-1.42425
0.363252
-1.12426
-1.41956
0
-2.02594
-1.75639
-0.955506
-1.5193
-2.37632
-1.79525
-0.647337
-1.95921
-1.32714
-0.840081
-2.55976
-1.52705
-2.3746
-2.13578
-2.38197
-1.44584
-1.67842
-2.85274
-2.33812
-2.54326
-3.05682
-1.89293
-1.38969
-2.70567
-2.44453
-1.96072
-2.02594
0
-2.07058
-2.90654
-2.18178
-1.81531
-0.59086
-2.90167
-2.73772
-3.52069
-3.62219
-1.40669
-1.34357
-2.49043
-3.46208
-2.88626
-1.84003
-3.00416
-1.10025
-1.56503
-4.40405
-2.48888
-0.245925
-1.51119
-2.50761
-0.180139
-2.7134
-1.75639
-2.07058
0
-1.52462
-1.22262
-2.53163
-1.99335
1.17977
-2.80485
-2.42748
-1.47429
-1.10428
-3.80521
-1.42207
-0.729882
-2.31875
-1.74982
-0.603472
-0.501209
-1.96162
-1.77726
-3.1294
-1.10349
-2.06926
-1.13291
-2.62337
-2.72488
-0.955506
-2.90654
-1.52462
0
-2.38882
-1.31802
-2.95503
-1.25823
-2.76523
-1.745
-1.56891
-2.65347
-2.77582
-1.46451
-1.32356
-2.53827
-0.289945
-3.05208
-1.33387
-0.503119
-2.35236
-2.21368
-2.02951
-0.863625
-0.888076
-2.32295
-2.8367
-1.5193
-2.18178
-1.22262
-2.38882
0
-0.907094
-1.44401
-3.77584
-2.08858
0.86902
-4.48158
-3.49252
-2.56257
-0.831848
-2.60721
-1.48737
-2.4397
-2.03714
-1.83307
-2.38239
-2.07382
-1.93823
-1.29612
-2.47823
-3.50914
-2.14912
-1.75458
-2.37632
-1.81531
-2.53163
-1.31802
-0.907094
0
-1.37256
-2.63341
-2.04488
-3.20142
-4.15729
-2.28082
-2.04149
-3.80012
-1.58073
-1.88147
-3.32901
-0.625246
-3.26996
-2.32254
-2.38104
-1.49691
-1.19114
-1.46301
-2.70102
-2.47183
-3.12365
-1.79525
-0.59086
-1.99335
-2.95503
-1.44401
-1.37256
0
-1.76155
-2.5007
-1.92896
-2.69893
-0.853035
-1.57986
-2.4093
-1.90945
-1.04717
-1.08668
-1.64984
-2.20941
-2.27291
-2.23354
-1.30219
-1.8617
-2.82256
-3.0981
-1.86069
-0.736105
-0.647337
-2.90167
1.17977
-1.25823
-3.77584
-2.63341
-1.76155
0
-2.26534
-2.06747
-0.809986
-3.71199
-1.86825
-1.99928
-1.10065
-2.29882
-2.71941
-2.35817
-2.53973
-1.24872
-1.84639
-0.697888
-1.89307
-2.18673
-3.28188
-2.08242
-1.9581
-1.95921
-2.73772
-2.80485
-2.76523
-2.08858
-2.04488
-2.5007
-2.26534
0
