0
-0.791532
-0.692463
-5.00556
-2.3057
-3.1745
-1.39348
-2.36752
0.0953186
-0.465395
-2.36846
-2.70963
-3.33883
-3.68368
-2.7507
-3.96019
-2.20173
-1.7681
-0.821733
-2.43563
-1.24176
-1.54095
-3.1915
-2.94496
-0.794721
-2.59367
-1.44392
-0.791532
0
-2.06744
0.369558
-1.17933
-0.73258
-2.19197
-3.07081
-2.80934
-2.36782
-0.62424
-2.3864
-1.15802
-1.48566
0.463066
-1.3006
-0.456387
-1.96662
-2.68569
-2.64609
-1.63927
-1.4419
-1.87276
-2.38151
-0.16941
-2.72311
-1.25854
-0.692463
-2.06744
0
-1.51022
-1.4782
-2.61029
-0.721157
-1.15797
-2.13633
-2.3009
-3.06257
-2.94852
-2.16048
-2.39124
-0.939845
-1.83772
-1.94781
-2.13431
-2.21689
-4.04288
-2.30285
-1.94058
-2.6111
-1.53308
-1.94191
0.215804
-1.0235
-5.00556
0.369558
-1.51022
0
-1.84671
-2.75647
-1.18994
-0.0744419
-2.89093
-0.74658
-3.06149
-1.9601
-2.5886
-0.489485
-2.79363
-0.845086
-2.72566
-1.68704
-1.00325
-2.08465
-1.91154
-3.37767
-2.28381
-1.7384
-2.71213
-3.6532
-2.31067
-2.3057
-1.17933
-1.4782
-1.84671
0
-1.43207
-0.56361
-2.36541
-1.58967
-2.98318
-3.65138
-2.33175
-2.02844
-2.47158
-2.59357
-3.86374
-1.73962
-1.97108
-1.13515
-2.65824
-0.361626
-3.09856
-2.86889
-3.69803
-2.05935
-2.86939
-0.457922
-3.1745
-0.73258
-2.61029
-2.75647
-1.43207
0
-0.0332154
-2.70759
-1.49061
-2.14893
-1.16418
-4.11311
-2.25723
-1.56772
-2.59431
-1.54902
-2.17704
-3.03279
-0.975291
-3.86163
-1.58104
-1.87891
-4.19366
-0.575109
-2.15486
-2.85855
-0.649497
-1.39348
-2.19197
-0.721157
-1.18994
-0.56361
-0.0332154
0
-1.68657
-0.159588
-1.99394
-1.72685
-1.97223
-1.28508
-2.92994
-4.85703
-2.8201
-2.52105
-1.54599
-2.24949
-0.828866
-3.67166
-1.07851
-2.57324
-1.43562
-1.16006
-2.13888
-3.14594
-2.36752
-3.07081
-1.15797
-0.0744419
-2.36541
-2.70759
-1.68657
0
-2.41358
-3.03075
-0.187487
-0.53577
-0.772067
-4.40552
-3.23286
-2.50147
-1.08397
-1.88412
-1.63314
-1.36638
-3.95133
-2.47238
-0.935436
-2.98365
-2.34349
-2.08585
-0.723439
0.0953186
-2.80934
-2.13633
-2.89093
-1.58967
-1.49061
-0.159588
-2.41358
0
-3.14179
-1.89304
-2.00069
-4.08594
-2.25967
-1.04587
-2.02693
-1.20723
-2.09318
-3.02455
-1.91772
-1.14677
-1.43507
-2.81346
-1.25303
-1.80895
-1.53925
-1.47267
-0.465395
-2.36782
-2.3009
-0.74658
-2.98318
-2.14893
-1.99394
-3.03075
-3.14179
0
-1.6788
-2.05661
-1.52054
-1.61459
-1.80811
-2.64328
-2.59147
-3.16105
-2.24389
-3.00694
-2.57753
-2.51646
-3.60954
-3.15171
-3.73756
-2.14713
-1.50396
-2.36846
-0.62424
-3.06257
-3.06149
-3.65138
-1.16418
-1.72685
-0.187487
-1.89304
-1.6788
0
-0.993138
-1.61154
-4.1132
-2.28073
-2.57862
-2.9944
-1.47723
-1.13945
-1.00334
-2.00084
-3.08239
-1.06259
-2.72649
-1.46483
-2.98576
-1.74147
-2.70963
-2.3864
-2.94852
-1.9601
-2.33175
-4.11311
-1.97223
-0.53577
-2.00069
-2.05661
-0.993138
0
-1.70271
-1.49484
-1.41809
-2.8406
-3.56032
-2.68838
-1.42007
-1.52661
-2.45054
-0.435471
-3.27298
-1.65911
-2.5428
-1.2586
-3.13834
-3.33883
-1.15802
-2.16048
-2.5886
-2.02844
-2.25723
-1.28508
-0.772067
-4.08594
-1.52054
-1.61154
-1.70271
0
-1.81895
-0.955244
-3.33875
-2.36558
-3.28079
-0.902523
-0.946769
-3.42861
-2.66415
-1.44964
-3.1429
-1.52045
-2.45182
-2.87605
-3.68368
-1.48566
-2.39124
-0.489485
-2.47158
-1.56772
-2.92994
-4.40552
-2.25967
-1.61459
-4.1132
-1.49484
-1.81895
0
-2.25005
-2.22743
-1.88254
-0.831989
-2.75577
-0.635791
-3.39717
-1.6299
-2.23672
-2.82691
-1.79507
0.0891572
-1.20035
-2.7507
0.463066
-0.939845
-2.79363
-2.59357
-2.59431
-4.85703
-3.23286
-1.04587
-1.80811
-2.28073
-1.41809
-0.955244
-2.25005
0
-2.33812
0.455366
-3.52747
-3.64864
-2.73014
-1.27603
-1.99648
-0.940822
-1.13912
-0.21752
0.0919693
-3.49789
-3.96019
-1.3006
-1.83772
-0.845086
-3.86374
-1.54902
-2.8201
-2.50147
-2.02693
-2.64328
-2.57862
-2.8406
-3.33875
-2.22743
-2.33812
0
-2.08805
-0.844579
-2.7501
-1.3801
-2.65711
-0.890286
-1.37714
-1.25456
-1.69255
-1.45372
-0.957417
-2.20173
-0.456387
-1.94781
-2.72566
-1.73962
-2.17704
-2.52105
-1.08397
-1.20723
-2.59147
-2.9944
-3.56032
-2.36558
-1.88254
0.455366
-2.08805
0
-2.66292
-1.00529
-2.03607
-2.20411
-2.50581
-2.29489
-2.15695
-3.02161
-0.758646
-2.66138
-1.7681
-1.96662
-2.13431
-1.68704
-1.97108
-3.03279
-1.54599
-1.88412
-2.09318
-3.16105
-1.47723
-2.68838
-3.28079
-0.831989
-3.52747
-0.844579
-2.66292
0
-3.18901
-2.72585
-2.23639
-2.91914
-3.15633
-0.520873
-0.918093
-2.0493
-1.4145
-0.821733
-2.68569
-2.21689
-1.00325
-1.13515
-0.975291
-2.24949
-1.63314
-3.02455
-2.24389
-1.13945
-1.42007
-0.902523
-2.75577
-3.64864
-2.7501
-1.00529
-3.18901
0
-4.18571
-2.85405
-4.07896
-3.02989
-2.32956
-3.5443
-2.95812
-3.72339
-2.43563
-2.64609
-4.04288
-2.08465
-2.65824
-3.86163
-0.828866
-1.36638
-1.91772
-3.00694
-1.00334
-1.52661
-0.946769
-0.635791
-2.73014
-1.3801
-2.03607
-2.72585
-4.18571
0
-2.89401
-1.95048
-2.72328
-0.334711
-3.49448
-1.04278
0.134089
-1.24176
-1.63927
-2.30285
-1.91154
-0.361626
-1.58104
-3.67166
-3.95133
-1.14677
-2.57753
-2.00084
-2.45054
-3.42861
-3.39717
-1.27603
-2.65711
-2.20411
-2.23639
-2.85405
-2.89401
0
-2.15135
-2.7143
-0.27763
-3.0475
-2.66263
-1.7824
-1.54095
-1.4419
-1.94058
-3.37767
-3.09856
-1.87891
-1.07851
-2.47238
-1.43507
-2.51646
-3.08239
-0.435471
-2.66415
-1.6299
-1.99648
-0.890286
-2.50581
-2.91914
-4.07896
-1.95048
-2.15135
0
-0.683879
-2.44186
-1.5847
-2.00434
-1.24991
-3.1915
-1.87276
-2.6111
-2.28381
-2.86889
-4.19366
-2.57324
-0.935436
-2.81346
-3.60954
-1.06259
-3.27298
-1.44964
-2.23672
-0.940822
-1.37714
-2.29489
-3.15633
-3.02989
-2.72328
-2.7143
-0.683879
0
-3.3545
-1.82244
-4.59298
-3.49538
-2.94496
-2.38151
-1.53308
-1.7384
-3.69803
-0.575109
-1.43562
-2.98365
-1.25303
-3.15171
-2.72649
-1.65911
-3.1429
-2.82691
-1.13912
-1.25456
-2.15695
-0.520873
-2.32956
-0.334711
-0.27763
-2.44186
-3.3545
0
-1.76272
0.18032
-1.40294
-0.794721
-0.16941
-1.94191
-2.71213
-2.05935
-2.15486
-1.16006
-2.34349
-1.80895
-3.73756
-1.46483
-2.5428
-1.52045
-1.79507
-0.21752
-1.69255
-3.02161
-0.918093
-3.5443
-3.49448
-3.0475
-1.5847
-1.82244
-1.76272
0
-1.70442
-2.07551
-2.59367
-2.72311
0.215804
-3.6532
-2.86939
-2.85855
-2.13888
-2.08585
-1.53925
-2.14713
-2.98576
-1.2586
-2.45182
0.0891572
0.0919693
-1.45372
-0.758646
-2.0493
-2.95812
-1.04278
-2.66263
-2.00434
-4.59298
0.18032
-1.70442
0
-1.51632
-1.44392
-1.25854
-1.0235
-2.31067
-0.457922
-0.649497
-3.14594
-0.723439
-1.47267
-1.50396
-1.74147
-3.13834
-2.87605
-1.20035
-3.49789
-0.957417
-2.66138
-1.4145
-3.72339
0.134089
-1.7824
-1.24991
-3.49538
-1.40294
-2.07551
-1.51632
0
