0
-1.21384
-2.26013
-2.44067
-2.18198
-2.08686
-3.16059
-1.66908
-3.33637
-2.19339
-1.13191
-2.87624
-1.42443
-1.90129
-1.7846
-2.14729
-2.99256
-2.86297
-2.43802
-0.823076
-2.64118
0.701158
-0.624922
-0.956706
-1.97392
-2.34489
-1.87204
-1.21384
0
-0.907825
-2.1635
-2.99894
-1.77205
-4.07491
-0.614134
-3.2838
-3.14166
-2.32733
-0.845305
-1.75985
-5.09719
-3.22527
-4.40088
-2.38939
-0.992291
-2.73352
-2.63625
-1.51493
-1.65873
-2.15799
-2.55781
-1.32509
-3.98417
-1.86044
-2.26013
-0.907825
0
-0.810619
-0.486603
-1.63678
-0.80964
-1.63777
-2.73143
-3.41378
-1.16131
-1.45698
-1.11411
-2.7409
-1.29517
-0.723068
-1.8694
-0.943
-2.8673
-0.7674
-2.04122
-0.627505
-2.31834
-2.22235
-1.59215
-2.6723
-4.52294
-2.44067
-2.1635
-0.810619
0
-1.80565
-2.39639
-2.95632
-1.07349
-1.77175
-1.96022
-3.97275
-2.29442
-0.191302
-3.25207
-2.95129
-1.61157
-2.86141
-0.98813
-2.16763
-1.82479
-1.07173
-1.11444
-1.37299
0.136386
-4.24693
-0.815908
-2.22008
-2.18198
-2.99894
-0.486603
-1.80565
0
-2.05842
-2.06468
-2.55118
-2.28804
-1.8923
-3.04778
-2.50785
-1.80891
-3.00428
-1.11357
-3.20212
-2.56237
-2.50097
-2.41205
-0.999867
-2.09119
-1.13081
-3.2753
-5.56456
-1.02017
-2.51657
-1.88066
-2.08686
-1.77205
-1.63678
-2.39639
-2.05842
0
-0.765051
-1.48217
-2.41906
-0.675208
-0.832796
-2.51289
-0.581545
-2.09445
-1.52043
-1.68125
-1.41415
-2.26292
-1.10065
-2.76118
-2.15943
-1.57619
-1.78552
-1.58215
-0.554302
-1.50554
-2.56303
-3.16059
-4.07491
-0.80964
-2.95632
-2.06468
-0.765051
0
-2.54123
-0.489845
-2.42947
-2.89273
-2.01846
-4.06644
-2.59613
-1.35581
-0.152304
-1.35858
-3.09538
-1.27988
-4.63324
-2.66047
-2.52202
-1.55103
-2.96481
0.434634
-0.307575
-3.38486
-1.66908
-0.614134
-1.63777
-1.07349
-2.55118
-1.48217
-2.54123
0
-2.37215
-2.08184
-1.90066
-2.47195
-3.25876
-1.23879
-1.45838
-3.01635
-1.91959
-4.87179
-2.35785
0.284835
-1.41694
-2.1096
-0.202298
-1.87937
-1.44057
-2.01097
-1.75215
-3.33637
-3.2838
-2.73143
-1.77175
-2.28804
-2.41906
-0.489845
-2.37215
0
-2.17137
-2.67548
-2.21101
-1.46565
-2.17731
-3.25606
-1.64004
-2.53762
-2.71598
-1.75445
-0.954238
-3.75132
-1.08389
-0.898115
-0.886077
-2.51751
-2.05534
-2.8934
-2.19339
-3.14166
-3.41378
-1.96022
-1.8923
-0.675208
-2.42947
-2.08184
-2.17137
0
-4.1106
-2.25215
-2.53563
-3.31599
0.420289
-2.75392
-0.750477
-2.14956
-1.33119
-2.9652
-0.928709
-2.68232
-1.56148
-2.27015
-1.78048
-2.70815
-2.44154
-1.13191
-2.32733
-1.16131
-3.97275
-3.04778
-0.832796
-2.89273
-1.90066
-2.67548
-4.1106
0
-2.01863
-1.62252
-2.28189
-0.414966
-2.77072
-2.6907
-1.96358
-2.33587
-0.714295
-2.18321
-0.981733
-3.04194
-2.97632
-1.26363
-3.87239
-1.51777
-2.87624
-0.845305
-1.45698
-2.29442
-2.50785
-2.51289
-2.01846
-2.47195
-2.21101
-2.25215
-2.01863
0
-2.14176
-0.678004
-4.58248
-1.51096
-1.56676
-3.93288
-0.821108
-0.260889
-4.30609
-4.06354
-0.882689
-2.77164
-2.59385
-3.238
-2.17288
-1.42443
-1.75985
-1.11411
-0.191302
-1.80891
-0.581545
-4.06644
-3.25876
-1.46565
-2.53563
-1.62252
-2.14176
0
-2.43538
-2.77206
1.11235
-2.06213
-1.04452
-3.055
-1.96902
-2.34284
-2.61962
-1.30242
-1.96227
-1.59273
-1.78571
-0.484038
-1.90129
-5.09719
-2.7409
-3.25207
-3.00428
-2.09445
-2.59613
-1.23879
-2.17731
-3.31599
-2.28189
-0.678004
-2.43538
0
-1.73351
-0.0866979
-1.94599
-3.06383
-1.35739
-1.66288
-1.76622
-2.96906
-0.85645
0.456455
-2.83787
-1.26732
-1.67965
-1.7846
-3.22527
-1.29517
-2.95129
-1.11357
-1.52043
-1.35581
-1.45838
-3.25606
0.420289
-0.414966
-4.58248
-2.77206
-1.73351
0
-1.93875
-1.92209
-2.61444
-0.693206
-4.80613
-1.60337
-3.13161
-1.47951
-1.86733
-2.61146
-1.89336
-2.66177
-2.14729
-4.40088
-0.723068
-1.61157
-3.20212
-1.68125
-0.152304
-3.01635
-1.64004
-2.75392
-2.77072
-1.51096
1.11235
-0.0866979
-1.93875
0
-0.475837
-1.29285
-2.17637
-1.99883
-0.576514
-2.5775
-1.46817
-2.08287
-1.61245
-3.18223
-3.43548
-2.99256
-2.38939
-1.8694
-2.86141
-2.56237
-1.41415
-1.35858
-1.91959
-2.53762
-0.750477
-2.6907
-1.56676
-2.06213
-1.94599
-1.92209
-0.475837
0
-3.03291
-2.44047
-3.0106
-2.39153
-2.42998
-1.69163
-1.4249
-3.06744
-0.450548
-3.58821
-2.86297
-0.992291
-0.943
-0.98813
-2.50097
-2.26292
-3.09538
-4.87179
-2.71598
-2.14956
-1.96358
-3.93288
-1.04452
-3.06383
-2.61444
-1.29285
-3.03291
0
-4.31432
-2.64538
-3.15568
-1.66398
-1.78956
-0.945191
-1.49488
-2.58387
-1.55684
-2.43802
-2.73352
-2.8673
-2.16763
-2.41205
-1.10065
-1.27988
-2.35785
-1.75445
-1.33119
-2.33587
-0.821108
-3.055
-1.35739
-0.693206
-2.17637
-2.44047
-4.31432
0
-1.13703
-2.94851
-2.38743
-1.67152
-2.05327
-1.55618
-2.92887
-2.33274
-0.823076
-2.63625
-0.7674
-1.82479
-0.999867
-2.76118
-4.63324
0.284835
-0.954238
-2.9652
-0.714295
-0.260889
-1.96902
-1.66288
-4.80613
-1.99883
-3.0106
-2.64538
-1.13703
0
-1.12715
-1.79124
-2.33595
-2.06479
-1.53661
-2.15928
-0.831564
-2.64118
-1.51493
-2.04122
-1.07173
-2.09119
-2.15943
-2.66047
-1.41694
-3.75132
-0.928709
-2.18321
-4.30609
-2.34284
-1.76622
-1.60337
-0.576514
-2.39153
-3.15568
-2.94851
-1.12715
0
-1.4717
-3.15074
-0.253657
-2.44337
-1.62785
-3.32609
0.701158
-1.65873
-0.627505
-1.11444
-1.13081
-1.57619
-2.52202
-2.1096
-1.08389
-2.68232
-0.981733
-4.06354
-2.61962
-2.96906
-3.13161
-2.5775
-2.42998
-1.66398
-2.38743
-1.79124
-1.4717
0
-3.0443
-1.67513
-2.7667
-0.386518
-2.45731
-0.624922
-2.15799
-2.31834
-1.37299
-3.2753
-1.78552
-1.55103
-0.202298
-0.898115
-1.56148
-3.04194
-0.882689
-1.30242
-0.85645
-1.47951
-1.46817
-1.69163
-1.78956
-1.67152
-2.33595
-3.15074
-3.0443
0
-2.77962
-2.12767
0.358661
-1.47552
-0.956706
-2.55781
-2.22235
0.136386
-5.56456
-1.58215
-2.96481
-1.87937
-0.886077
-2.27015
-2.97632
-2.77164
-1.96227
0.456455
-1.86733
-2.08287
-1.4249
-0.945191
-2.05327
-2.06479
-0.253657
-1.67513
-2.77962
0
-3.55983
-3.05538
-1.59007
-1.97392
-1.32509
-1.59215
-4.24693
-1.02017
-0.554302
0.434634
-1.44057
-2.51751
-1.78048
-1.26363
-2.59385
-1.59273
-2.83787
-2.61146
-1.61245
-3.06744
-1.49488
-1.55618
-1.53661
-2.44337
-2.7667
-2.12767
-3.55983
0
0.719453
-3.14745
-2.34489
-3.98417
-2.6723
-0.815908
-2.51657
-1.50554
-0.307575
-2.01097
-2.05534
-2.70815
-3.87239
-3.238
-1.78571
-1.26732
-1.89336
-3.18223
-0.450548
-2.58387
-2.92887
-2.15928
-1.62785
-0.386518
0.358661
-3.05538
0.719453
0
-0.469744
-1.87204
-1.86044
-4.52294
-2.22008
-1.88066
-2.56303
-3.38486
-1.75215
-2.8934
-2.44154
-1.51777
-2.17288
-0.484038
-1.67965
-2.66177
-3.43548
-3.58821
-1.55684
-2.33274
-0.831564
-3.32609
-2.45731
-1.47552
-1.59007
-3.14745
-0.469744
0
