0
-2.13998
-3.66434
-0.12427
-2.4895
-2.72573
-1.61368
-3.06246
-1.53838
-1.86981
-3.02705
-2.19396
-3.20127
-2.17083
-0.738994
-1.26867
-1.07213
-2.71251
0.115235
-2.40563
0.530424
-1.23883
-1.39921
-1.65746
-2.55953
-1.90428
-2.98714
-2.13998
0
-1.86017
-0.916284
-1.45996
-2.88184
-1.71264
-2.46201
-2.69523
-2.04887
-1.71274
-2.99078
-1.13608
-2.00539
-0.468777
-0.936202
-0.21981
-2.13838
-3.0655
-3.06926
-4.01372
-2.39637
-3.37569
-2.16365
-4.05353
-3.11904
-2.989
-3.66434
-1.86017
0
-2.37814
-0.985851
-2.81306
-1.31445
-1.44622
-1.44139
-3.51359
-1.63294
-3.13417
-0.762757
-1.93896
-3.85833
-2.92812
-3.23445
-1.35786
-2.36027
-3.23807
-3.87656
-1.79813
-1.69897
-1.90677
-3.12759
-1.96659
-2.9754
-0.12427
-0.916284
-2.37814
0
0.241074
-4.22489
-1.61804
-1.90234
-2.66857
-2.35658
-1.3875
-1.85032
-2.179
-3.12151
-1.45672
-4.17167
-1.57379
-1.41818
-1.49679
-0.912033
-1.24541
-3.53806
-2.66838
-3.18308
-1.51005
-0.749006
-1.44758
-2.4895
-1.45996
-0.985851
0.241074
0
-0.465211
-1.75828
-1.29405
-0.155743
-2.83151
-1.7692
-2.3557
-2.21296
-2.88081
-1.66085
-0.790093
0.489898
-2.00021
-3.09364
-2.73883
-2.54201
-1.3579
-1.35693
-2.11827
-1.96259
-1.57217
-2.38178
-2.72573
-2.88184
-2.81306
-4.22489
-0.465211
0
-2.3632
-2.56954
-2.84061
-1.88719
-0.875116
-1.72399
-0.153301
-1.28398
-1.27878
-0.166422
-1.98456
-0.692815
-3.713
-3.1129
-1.92526
-3.20218
-3.92625
-2.63237
-1.40902
-1.27466
-2.89317
-1.61368
-1.71264
-1.31445
-1.61804
-1.75828
-2.3632
0
-3.26294
-2.26237
-2.34875
-1.54827
-2.74198
0.148874
-3.48991
-0.65898
-1.26993
-1.74144
-2.28044
-1.9305
-3.59937
-1.23423
-1.41137
-2.78746
-1.72449
-4.04776
-2.6536
-3.60737
-3.06246
-2.46201
-1.44622
-1.90234
-1.29405
-2.56954
-3.26294
0
-2.62387
-1.72026
-1.88404
-1.8348
-1.17934
-1.03858
-2.07056
-1.1923
-1.48671
-3.9147
-2.24948
-0.449217
-2.27045
-1.93505
-0.494544
0.327875
-2.58731
-2.42933
-1.68397
-1.53838
-2.69523
-1.44139
-2.66857
-0.155743
-2.84061
-2.26237
-2.62387
0
-2.77295
-2.32132
-1.61511
-3.17584
-2.177
-4.13251
-2.62039
-2.13599
-3.80248
-0.321964
-2.08646
-1.21764
-2.96569
-0.77914
-2.59329
-2.25223
-2.39573
-2.09563
-1.86981
-2.04887
-3.51359
-2.35658
-2.83151
-1.88719
-2.34875
-1.72026
-2.77295
0
-4.18032
-0.847808
-0.792195
0.0445585
-3.00255
-3.0445
-3.60183
-2.67717
-3.62057
-1.04395
-2.58585
-2.78041
-0.763174
-1.0746
-2.31645
-0.68155
-0.0925552
-3.02705
-1.71274
-1.63294
-1.3875
-1.7692
-0.875116
-1.54827
-1.88404
-2.32132
-4.18032
0
-2.23107
-2.00822
-2.00828
-2.71497
0.608882
-0.75126
-3.51919
-3.28751
-0.953008
-1.73651
-3.52046
-2.26541
-2.95589
0.0535097
-1.38155
-0.412776
-2.19396
-2.99078
-3.13417
-1.85032
-2.3557
-1.72399
-2.74198
-1.8348
-1.61511
-0.847808
-2.23107
0
-3.31493
-1.92366
-1.19591
-1.65106
-2.13802
-3.38268
-1.94418
-2.66575
-0.734731
-2.34145
-1.75116
-2.81647
-1.0266
-3.35778
-0.967101
-3.20127
-1.13608
-0.762757
-2.179
-2.21296
-0.153301
0.148874
-1.17934
-3.17584
-0.792195
-2.00822
-3.31493
0
-1.47266
-1.81653
-0.738967
-1.17219
-2.28912
-1.65799
-2.46058
-1.96723
-0.18248
-0.836316
-2.57942
-2.8194
-1.49273
-1.49993
-2.17083
-2.00539
-1.93896
-3.12151
-2.88081
-1.28398
-3.48991
-1.03858
-2.177
0.0445585
-2.00828
-1.92366
-1.47266
0
-2.70383
-1.34522
-1.08254
-2.80209
-1.80402
-2.44996
-1.68607
-1.41032
-2.59661
-1.59221
-2.50099
-2.80197
-2.43617
-0.738994
-0.468777
-3.85833
-1.45672
-1.66085
-1.27878
-0.65898
-2.07056
-4.13251
-3.00255
-2.71497
-1.19591
-1.81653
-2.70383
0
-2.29143
-2.52134
-2.72978
-2.41443
-2.98574
-2.63527
-3.19497
-2.11065
-3.55673
-1.95184
-2.05858
-2.48767
-1.26867
-0.936202
-2.92812
-4.17167
-0.790093
-0.166422
-1.26993
-1.1923
-2.62039
-3.0445
0.608882
-1.65106
-0.738967
-1.34522
-2.29143
0
-0.80469
-0.55613
-2.50443
-1.98222
-1.98945
-2.34644
-2.69678
-0.84931
-1.32604
-0.576395
-0.444154
-1.07213
-0.21981
-3.23445
-1.57379
0.489898
-1.98456
-1.74144
-1.48671
-2.13599
-3.60183
-0.75126
-2.13802
-1.17219
-1.08254
-2.52134
-0.80469
0
-1.5554
-1.18483
-2.56499
-0.497948
-1.94972
-2.13702
-2.67264
-1.77356
-0.0941474
-2.79532
-2.71251
-2.13838
-1.35786
-1.41818
-2.00021
-0.692815
-2.28044
-3.9147
-3.80248
-2.67717
-3.51919
-3.38268
-2.28912
-2.80209
-2.72978
-0.55613
-1.5554
0
-1.65937
-1.95748
-1.01603
-2.38541
-0.790604
-1.98352
-1.90681
-0.325812
-2.76501
0.115235
-3.0655
-2.36027
-1.49679
-3.09364
-3.713
-1.9305
-2.24948
-0.321964
-3.62057
-3.28751
-1.94418
-1.65799
-1.80402
-2.41443
-2.50443
-1.18483
-1.65937
0
-1.31789
0.0966104
-1.89136
-2.10237
-2.91696
-2.10622
-1.68931
-1.94364
-2.40563
-3.06926
-3.23807
-0.912033
-2.73883
-3.1129
-3.59937
-0.449217
-2.08646
-1.04395
-0.953008
-2.66575
-2.46058
-2.44996
-2.98574
-1.98222
-2.56499
-1.95748
-1.31789
0
-1.6312
-1.75412
-3.40668
-2.20821
-0.944623
-1.16533
-2.9056
0.530424
-4.01372
-3.87656
-1.24541
-2.54201
-1.92526
-1.23423
-2.27045
-1.21764
-2.58585
-1.73651
-0.734731
-1.96723
-1.68607
-2.63527
-1.98945
-0.497948
-1.01603
0.0966104
-1.6312
0
-2.57073
-2.07275
-1.7511
-2.50683
-2.43511
-2.02796
-1.23883
-2.39637
-1.79813
-3.53806
-1.3579
-3.20218
-1.41137
-1.93505
-2.96569
-2.78041
-3.52046
-2.34145
-0.18248
-1.41032
-3.19497
-2.34644
-1.94972
-2.38541
-1.89136
-1.75412
-2.57073
0
-2.52401
-1.89606
-3.53861
-3.43673
-0.357297
-1.39921
-3.37569
-1.69897
-2.66838
-1.35693
-3.92625
-2.78746
-0.494544
-0.77914
-0.763174
-2.26541
-1.75116
-0.836316
-2.59661
-2.11065
-2.69678
-2.13702
-0.790604
-2.10237
-3.40668
-2.07275
-2.52401
0
-1.47806
-3.84683
-2.33849
-1.79139
-1.65746
-2.16365
-1.90677
-3.18308
-2.11827
-2.63237
-1.72449
0.327875
-2.59329
-1.0746
-2.95589
-2.81647
-2.57942
-1.59221
-3.55673
-0.84931
-2.67264
-1.98352
-2.91696
-2.20821
-1.7511
-1.89606
-1.47806
0
-2.38547
-1.11501
-1.55118
-2.55953
-4.05353
-3.12759
-1.51005
-1.96259
-1.40902
-4.04776
-2.58731
-2.25223
-2.31645
0.0535097
-1.0266
-2.8194
-2.50099
-1.95184
-1.32604
-1.77356
-1.90681
-2.10622
-0.944623
-2.50683
-3.53861
-3.84683
-2.38547
0
-1.59351
-0.995299
-1.90428
-3.11904
-1.96659
-0.749006
-1.57217
-1.27466
-2.6536
-2.42933
-2.39573
-0.68155
-1.38155
-3.35778
-1.49273
-2.80197
-2.05858
-0.576395
-0.0941474
-0.325812
-1.68931
-1.16533
-2.43511
-3.43673
-2.33849
-1.11501
-1.59351
0
-1.94591
-2.98714
-2.989
-2.9754
-1.44758
-2.38178
-2.89317
-3.60737
-1.68397
-2.09563
-0.0925552
-0.412776
-0.967101
-1.49993
-2.43617
-2.48767
-0.444154
-2.79532
-2.76501
-1.94364
-2.9056
-2.02796
-0.357297
-1.79139
-1.55118
-0.995299
-1.94591
0
