0
-3.08701
-2.39529
-3.71037
-1.42877
-2.20551
-1.42191
-2.28427
-2.83391
-0.913747
-1.26934
-1.71875
-0.770423
-3.41854
-2.17656
-2.53522
-3.17541
-1.9979
-1.09121
-2.65725
-2.36368
-1.06623
-2.33014
-2.48945
-3.75181
-0.96529
-4.24171
-3.08701
0
-2.55047
-2.29058
-2.19724
-1.69918
-1.46793
-2.10649
-3.97844
-2.46628
-2.47373
-2.75647
-1.90053
-0.790466
-4.13979
-1.14396
-0.651452
0.0161077
-2.90621
-1.1141
-0.0632554
-1.44421
-2.27391
-1.22637
-0.177205
-2.59692
-3.04386
-2.39529
-2.55047
0
-1.30228
-1.01142
-0.625365
-3.26412
-2.26029
-1.43956
-0.536116
-2.20124
-0.662565
-2.36951
-2.54218
-1.19994
-1.82646
-2.30456
-2.56094
-2.0271
-1.40992
-1.69033
-1.85671
-0.399182
-2.78966
-3.08507
-0.386799
-3.68488
-3.71037
-2.29058
-1.30228
0
-1.49299
-1.32472
-1.82891
-2.89935
-1.79435
-2.78988
-2.14858
-1.42233
-1.14441
-2.94492
-1.93228
-0.74921
-0.21361
-0.969598
-3.23584
-3.74561
-1.84143
-2.11779
-2.5822
-1.72157
-1.43522
-2.10866
-2.82833
-1.42877
-2.19724
-1.01142
-1.49299
0
-1.0318
-1.20507
-1.88237
-1.93514
-3.08163
-2.99954
-0.993825
-2.19561
-3.50958
-1.98377
-1.31825
-1.17974
-1.26538
-2.27199
-3.63271
-2.156
-2.03453
-2.77154
-1.64171
-2.1138
-3.1735
-2.92156
-2.20551
-1.69918
-0.625365
-1.32472
-1.0318
0
-3.87401
-2.21818
-2.08345
-3.91466
-1.13329
-3.87865
-2.4108
-1.78376
-2.38533
-2.30167
-3.80244
-3.26435
-2.55192
-3.19501
-3.22116
-2.10211
-2.10563
-1.79525
-0.699182
-2.05798
-1.91484
-1.42191
-1.46793
-3.26412
-1.82891
-1.20507
-3.87401
0
-1.92647
-2.38855
-3.17884
-1.31629
-1.82804
-1.6448
-2.7552
-1.70007
-2.37479
-2.05287
-0.511164
-3.40249
-1.61529
-1.71597
-1.59353
-4.90805
-2.58713
-2.74063
-0.21543
-2.73481
-2.28427
-2.10649
-2.26029
-2.89935
-1.88237
-2.21818
-1.92647
0
-2.24162
-2.62805
-2.99914
-3.44644
-0.846426
-1.5602
-1.58278
-2.74015
-1.32237
-1.38185
-2.02162
-2.13163
-1.05443
-2.29001
-0.901263
-4.2838
-0.193488
-1.94191
-3.11295
-2.83391
-3.97844
-1.43956
-1.79435
-1.93514
-2.08345
-2.38855
-2.24162
0
-2.42993
-2.20887
-2.63698
-1.95897
-0.475537
-0.136817
-1.22307
-2.57362
-2.4677
-2.13496
-1.55406
-1.75072
-1.65453
-2.50358
-2.86872
-1.74502
-2.11912
-0.198531
-0.913747
-2.46628
-0.536116
-2.78988
-3.08163
-3.91466
-3.17884
-2.62805
-2.42993
0
-1.02523
-1.66108
-1.99929
-2.25748
-1.70505
-1.46251
-1.66144
-0.846586
-1.59782
-1.9307
-2.26343
-2.5941
-0.591941
-2.56902
-2.19713
0.0316452
1.50155
-1.26934
-2.47373
-2.20124
-2.14858
-2.99954
-1.13329
-1.31629
-2.99914
-2.20887
-1.02523
0
-1.33945
-1.4228
-1.85175
-1.42596
-1.03657
-2.02907
-2.63248
-2.34444
-1.49856
-2.81374
-1.43532
-1.30852
-0.998894
-1.76597
-1.65494
-0.680585
-1.71875
-2.75647
-0.662565
-1.42233
-0.993825
-3.87865
-1.82804
-3.44644
-2.63698
-1.66108
-1.33945
0
-2.2775
-2.8133
-1.97039
-1.58813
-1.33644
-1.13584
-3.30121
-1.35012
-2.45666
-3.05037
-2.45412
-2.78047
-0.651738
-1.27103
-0.666828
-0.770423
-1.90053
-2.36951
-1.14441
-2.19561
-2.4108
-1.6448
-0.846426
-1.95897
-1.99929
-1.4228
-2.2775
0
-1.32294
-1.80746
-2.24292
-1.69034
-1.92982
0.048612
-1.50761
-1.86367
0.434313
-0.519401
-2.70417
-1.63808
-1.19853
-3.16823
-3.41854
-0.790466
-2.54218
-2.94492
-3.50958
-1.78376
-2.7552
-1.5602
-0.475537
-2.25748
-1.85175
-2.8133
-1.32294
0
-2.47718
-2.71667
-3.34879
-1.456
-1.79105
-2.20188
-2.23126
-1.89034
-2.19334
-2.03403
-3.0021
-1.13108
-1.20806
-2.17656
-4.13979
-1.19994
-1.93228
-1.98377
-2.38533
-1.70007
-1.58278
-0.136817
-1.70505
-1.42596
-1.97039
-1.80746
-2.47718
0
-1.28067
-2.89336
-2.02847
-2.32312
-3.32583
-1.88523
-2.73454
-2.73894
-1.70916
-1.73306
-1.7847
-1.40282
-2.53522
-1.14396
-1.82646
-0.74921
-1.31825
-2.30167
-2.37479
-2.74015
-1.22307
-1.46251
-1.03657
-1.58813
-2.24292
-2.71667
-1.28067
0
-3.11683
-2.914
0.158241
-0.767062
-1.04448
-1.45451
-2.79962
-1.43591
-2.87376
-2.00602
-2.27855
-3.17541
-0.651452
-2.30456
-0.21361
-1.17974
-3.80244
-2.05287
-1.32237
-2.57362
-1.66144
-2.02907
-1.33644
-1.69034
-3.34879
-2.89336
-3.11683
0
-3.12833
-0.556142
-0.739731
-1.90733
-2.46202
-0.801988
-0.990247
-1.6417
-2.67808
-1.26704
-1.9979
0.0161077
-2.56094
-0.969598
-1.26538
-3.26435
-0.511164
-1.38185
-2.4677
-0.846586
-2.63248
-1.13584
-1.92982
-1.456
-2.02847
-2.914
-3.12833
0
-2.41713
-2.28654
-0.789095
-2.02867
-1.21122
-0.346386
-1.81737
-2.56462
-2.80917
-1.09121
-2.90621
-2.0271
-3.23584
-2.27199
-2.55192
-3.40249
-2.02162
-2.13496
-1.59782
-2.34444
-3.30121
0.048612
-1.79105
-2.32312
0.158241
-0.556142
-2.41713
0
-1.9304
-1.71105
-1.70301
-3.20229
-1.64588
-1.52978
-1.39422
-0.637175
-2.65725
-1.1141
-1.40992
-3.74561
-3.63271
-3.19501
-1.61529
-2.13163
-1.55406
-1.9307
-1.49856
-1.35012
-1.50761
-2.20188
-3.32583
-0.767062
-0.739731
-2.28654
-1.9304
0
-1.32369
-1.41623
-1.53879
-1.9408
-1.20738
-2.0083
-2.30549
-2.36368
-0.0632554
-1.69033
-1.84143
-2.156
-3.22116
-1.71597
-1.05443
-1.75072
-2.26343
-2.81374
-2.45666
-1.86367
-2.23126
-1.88523
-1.04448
-1.90733
-0.789095
-1.71105
-1.32369
0
-2.53252
-1.27415
-1.59856
-2.14424
-3.95132
-0.56872
-1.06623
-1.44421
-1.85671
-2.11779
-2.03453
-2.10211
-1.59353
-2.29001
-1.65453
-2.5941
-1.43532
-3.05037
0.434313
-1.89034
-2.73454
-1.45451
-2.46202
-2.02867
-1.70301
-1.41623
-2.53252
0
-0.96705
-2.42007
-2.44133
-0.643849
-2.11969
-2.33014
-2.27391
-0.399182
-2.5822
-2.77154
-2.10563
-4.90805
-0.901263
-2.50358
-0.591941
-1.30852
-2.45412
-0.519401
-2.19334
-2.73894
-2.79962
-0.801988
-1.21122
-3.20229
-1.53879
-1.27415
-0.96705
0
-2.0051
-2.79649
-2.69603
-2.64393
-2.48945
-1.22637
-2.78966
-1.72157
-1.64171
-1.79525
-2.58713
-4.2838
-2.86872
-2.56902
-0.998894
-2.78047
-2.70417
-2.03403
-1.70916
-1.43591
-0.990247
-0.346386
-1.64588
-1.9408
-1.59856
-2.42007
-2.0051
0
-2.21366
-1.32831
-2.79438
-3.75181
-0.177205
-3.08507
-1.43522
-2.1138
-0.699182
-2.74063
-0.193488
-1.74502
-2.19713
-1.76597
-0.651738
-1.63808
-3.0021
-1.73306
-2.87376
-1.6417
-1.81737
-1.52978
-1.20738
-2.14424
-2.44133
-2.79649
-2.21366
0
-4.44976
-0.740575
-0.96529
-2.59692
-0.386799
-2.10866
-3.1735
-2.05798
-0.21543
-1.94191
-2.11912
0.0316452
-1.65494
-1.27103
-1.19853
-1.13108
-1.7847
-2.00602
-2.67808
-2.56462
-1.39422
-2.0083
-3.95132
-0.643849
-2.69603
-1.32831
-4.44976
0
-1.97576
-4.24171
-3.04386
-3.68488
-2.82833
-2.92156
-1.91484
-2.73481
-3.11295
-0.198531
1.50155
-0.680585
-0.666828
-3.16823
-1.20806
-1.40282
-2.27855
-1.26704
-2.80917
-0.637175
-2.30549
-0.56872
-2.11969
-2.64393
-2.79438
-0.740575
-1.97576
0
