0
-2.70958
-1.37257
-1.23109
-2.2686
-1.84551
-3.76842
-1.81446
-1.35566
-1.50254
-1.73196
-1.96796
-2.70069
-3.21901
-2.04473
-0.636055
-0.884561
-2.20602
-2.87818
-0.474173
-2.36113
-1.44388
-1.66006
-3.06763
-3.10127
-2.8313
-1.98287
-2.70958
0
-1.77269
-1.0831
-2.68244
-2.56954
-1.98857
-2.59395
-1.49296
-3.16344
-1.91503
0.148232
-1.37387
-4.02959
-3.48707
-3.07329
-2.14244
-2.20389
-1.90593
-2.79586
-2.56029
-3.03632
-3.13366
-0.793693
-0.285073
-2.33651
-2.24935
-1.37257
-1.77269
0
-2.01902
-1.63557
-2.07367
-1.71795
-0.273186
-2.19331
-0.87064
-2.77898
-1.43118
-1.66767
-1.56842
-1.99491
-1.39541
-2.05088
-2.08957
-2.59453
0.480935
-2.75402
-2.71466
-1.1542
-1.18398
-2.07488
-0.894256
-3.49284
-1.23109
-1.0831
-2.01902
0
-1.05889
-0.645428
-3.01962
-2.34722
-2.59086
-2.18111
-1.53354
-0.543391
-3.63641
-2.64716
-3.27766
-1.19789
-1.47162
-3.78359
-2.57548
-2.53637
-2.383
-2.8135
-3.13409
-2.73643
-3.92047
-1.75947
-1.07924
-2.2686
-2.68244
-1.63557
-1.05889
0
-0.451278
-4.06099
-1.03658
-1.46342
-2.45922
-1.51126
-2.22948
-1.24646
-1.82745
-0.967264
-2.15274
-2.8059
-3.19
-3.6325
-2.06051
-1.41469
-3.06364
-4.20495
-0.687035
-2.69299
-0.852915
-0.687521
-1.84551
-2.56954
-2.07367
-0.645428
-0.451278
0
-1.57486
-2.59336
1.53376
-1.63181
-1.57511
-2.88959
1.47372
-2.09257
-1.98965
-2.20686
-2.64491
-2.14907
-1.24115
-0.177871
-1.52082
-2.89588
-4.29397
-1.21161
-2.60291
0.235972
-1.9941
-3.76842
-1.98857
-1.71795
-3.01962
-4.06099
-1.57486
0
-0.747565
-2.08267
-3.7118
-2.56392
-1.82949
-3.0514
-2.1311
-1.45028
-1.63601
-1.72917
-0.151183
-2.35349
-2.89688
-4.15762
-2.39272
-0.520225
-2.78922
-1.87222
-2.00487
-0.94207
-1.81446
-2.59395
-0.273186
-2.34722
-1.03658
-2.59336
-0.747565
0
-1.93639
-0.140722
-2.35158
-2.31025
-1.13402
-4.16525
-0.336474
0.147928
-1.0103
-1.66152
-1.55259
-2.67979
-0.467558
-2.51826
-3.25939
-1.48443
-2.18991
-0.555019
-1.10661
-1.35566
-1.49296
-2.19331
-2.59086
-1.46342
1.53376
-2.08267
-1.93639
0
-1.84042
-2.63577
-2.28061
-1.88562
-3.47696
-0.798412
-2.51837
0.00490158
-2.29281
-0.955874
-0.922286
-2.21732
-2.66158
-0.66374
-1.36062
-2.70354
-0.298755
-2.26074
-1.50254
-3.16344
-0.87064
-2.18111
-2.45922
-1.63181
-3.7118
-0.140722
-1.84042
0
0.401829
-0.857255
-1.50798
-2.70439
-2.25703
-2.96739
-2.17722
-2.32311
-1.76849
-1.42174
-2.70005
-0.7342
-1.15773
-0.646405
-1.77503
-1.41064
-1.99213
-1.73196
-1.91503
-2.77898
-1.53354
-1.51126
-1.57511
-2.56392
-2.35158
-2.63577
0.401829
0
-2.23459
-1.03323
-1.23653
-3.06596
-2.32289
-1.25541
-3.04271
0.476356
-1.25621
-0.405783
-1.66002
-1.71201
-0.971257
-1.34162
-2.85053
-3.15993
-1.96796
0.148232
-1.43118
-0.543391
-2.22948
-2.88959
-1.82949
-2.31025
-2.28061
-0.857255
-2.23459
0
-4.2486
-3.05714
-2.91583
-2.23942
-2.08524
-1.80575
-1.46375
-1.92754
0.0738973
-1.14772
-3.98659
-1.06637
-1.23418
-0.683059
-0.899354
-2.70069
-1.37387
-1.66767
-3.63641
-1.24646
1.47372
-3.0514
-1.13402
-1.88562
-1.50798
-1.03323
-4.2486
0
-1.55338
-2.3363
-2.62631
-1.87508
-1.17813
-1.64327
-0.713254
-3.51056
-1.48788
-1.52608
-0.382877
-0.261918
-1.1825
-1.44884
-3.21901
-4.02959
-1.56842
-2.64716
-1.82745
-2.09257
-2.1311
-4.16525
-3.47696
-2.70439
-1.23653
-3.05714
-1.55338
0
-3.06151
-1.89202
-1.71986
-1.75968
-1.85766
-2.4878
-0.780659
-1.57814
-1.72453
-2.02119
-2.05195
-3.11541
-3.49281
-2.04473
-3.48707
-1.99491
-3.27766
-0.967264
-1.98965
-1.45028
-0.336474
-0.798412
-2.25703
-3.06596
-2.91583
-2.3363
-3.06151
0
-2.86055
-2.51044
-1.70105
-1.9956
-2.94031
-1.5253
-0.545369
-2.59897
-2.49668
-2.66433
-3.17041
-0.630074
-0.636055
-3.07329
-1.39541
-1.19789
-2.15274
-2.20686
-1.63601
0.147928
-2.51837
-2.96739
-2.32289
-2.23942
-2.62631
-1.89202
-2.86055
0
-2.70165
-1.19395
-0.303304
-2.39373
-0.191184
-1.56612
-2.37375
-0.897716
0.548285
0.717578
-2.09846
-0.884561
-2.14244
-2.05088
-1.47162
-2.8059
-2.64491
-1.72917
-1.0103
0.00490158
-2.17722
-1.25541
-2.08524
-1.87508
-1.71986
-2.51044
-2.70165
0
-2.64231
-3.04323
-1.058
-2.41733
-2.24426
-0.609216
-1.97541
-1.4746
-2.91722
-1.42377
-2.20602
-2.20389
-2.08957
-3.78359
-3.19
-2.14907
-0.151183
-1.66152
-2.29281
-2.32311
-3.04271
-1.80575
-1.17813
-1.75968
-1.70105
-1.19395
-2.64231
0
-3.78463
-1.16009
-0.328687
-1.84616
-1.39162
-1.4035
-2.91012
-1.11059
-1.7528
-2.87818
-1.90593
-2.59453
-2.57548
-3.6325
-1.24115
-2.35349
-1.55259
-0.955874
-1.76849
0.476356
-1.46375
-1.64327
-1.85766
-1.9956
-0.303304
-3.04323
-3.78463
0
-3.1167
-2.86174
-1.90062
-2.74372
-1.88032
-1.1918
-2.60418
-2.36427
-0.474173
-2.79586
0.480935
-2.53637
-2.06051
-0.177871
-2.89688
-2.67979
-0.922286
-1.42174
-1.25621
-1.92754
-0.713254
-2.4878
-2.94031
-2.39373
-1.058
-1.16009
-3.1167
0
-1.78319
-1.23488
-1.88938
-1.93045
-1.81166
-1.45234
-1.22264
-2.36113
-2.56029
-2.75402
-2.383
-1.41469
-1.52082
-4.15762
-0.467558
-2.21732
-2.70005
-0.405783
0.0738973
-3.51056
-0.780659
-1.5253
-0.191184
-2.41733
-0.328687
-2.86174
-1.78319
0
-2.75675
-0.897114
-2.24332
-3.96686
-1.99762
-0.737395
-1.44388
-3.03632
-2.71466
-2.8135
-3.06364
-2.89588
-2.39272
-2.51826
-2.66158
-0.7342
-1.66002
-1.14772
-1.48788
-1.57814
-0.545369
-1.56612
-2.24426
-1.84616
-1.90062
-1.23488
-2.75675
0
-1.64653
-1.17328
-1.35283
-1.84927
-2.30031
-1.66006
-3.13366
-1.1542
-3.13409
-4.20495
-4.29397
-0.520225
-3.25939
-0.66374
-1.15773
-1.71201
-3.98659
-1.52608
-1.72453
-2.59897
-2.37375
-0.609216
-1.39162
-2.74372
-1.88938
-0.897114
-1.64653
0
-2.16041
-4.01908
-3.06476
-2.28672
-3.06763
-0.793693
-1.18398
-2.73643
-0.687035
-1.21161
-2.78922
-1.48443
-1.36062
-0.646405
-0.971257
-1.06637
-0.382877
-2.02119
-2.49668
-0.897716
-1.97541
-1.4035
-1.88032
-1.93045
-2.24332
-1.17328
-2.16041
0
-1.79604
-1.45822
-1.99422
-3.10127
-0.285073
-2.07488
-3.92047
-2.69299
-2.60291
-1.87222
-2.18991
-2.70354
-1.77503
-1.34162
-1.23418
-0.261918
-2.05195
-2.66433
0.548285
-1.4746
-2.91012
-1.1918
-1.81166
-3.96686
-1.35283
-4.01908
-1.79604
0
-1.99485
-1.49615
-2.8313
-2.33651
-0.894256
-1.75947
-0.852915
0.235972
-2.00487
-0.555019
-0.298755
-1.41064
-2.85053
-0.683059
-1.1825
-3.11541
-3.17041
0.717578
-2.91722
-1.11059
-2.60418
-1.45234
-1.99762
-1.84927
-3.06476
-1.45822
-1.99485
0
-3.19577
-1.98287
-2.24935
-3.49284
-1.07924
-0.687521
-1.9941
-0.94207
-1.10661
-2.26074
-1.99213
-3.15993
-0.899354
-1.44884
-3.49281
-0.630074
-2.09846
-1.42377
-1.7528
-2.36427
-1.22264
-0.737395
-2.30031
-2.28672
-1.99422
-1.49615
-3.19577
0
