0
-1.49862
-1.98653
-1.78495
-2.46914
-1.40565
-0.807051
-1.67831
-1.94037
-1.41591
-1.30282
-2.59806
-1.81929
-1.78569
-1.48698
-0.440278
-3.00187
-2.51746
-3.38058
-1.26359
-3.01549
-1.91992
-0.991835
-1.24224
-1.51465
-1.36349
-2.25134
-1.49862
0
-1.48745
-1.50358
-1.3869
-2.07051
-3.50897
-2.64871
-3.00325
-2.1391
-1.17997
-2.27278
-2.43599
-3.03325
0.363468
-2.38825
-4.06833
-0.852985
-1.34791
-1.81907
-2.44242
-3.28841
-4.49036
-2.14664
-0.0257849
-1.35092
0.0862781
-1.98653
-1.48745
0
-2.21872
-2.74591
-2.6507
-2.4883
-2.67561
-1.73628
-2.37673
-0.734601
-1.7614
-2.41407
-1.01591
-1.27645
0.690724
-3.3665
-3.74606
-0.847126
-1.3183
-3.11203
-1.134
-1.56848
-1.82622
-1.61875
-3.14874
-4.36343
-1.78495
-1.50358
-2.21872
0
-2.2991
-1.84214
-2.99324
-0.429787
-2.6734
-3.16322
-2.56125
-0.826028
-1.59771
-3.16881
-1.1302
-1.42629
-2.25462
-1.8054
-2.67908
-0.543361
-1.52782
-4.19534
-2.20448
-0.987471
-0.819464
-1.86618
-1.16538
-2.46914
-1.3869
-2.74591
-2.2991
0
-2.17615
-2.39019
-1.0596
-3.99926
-1.27216
-3.59897
-0.606848
-2.68926
-3.08968
-0.142171
-0.951845
-0.677581
-1.18268
-0.954351
-2.20891
-2.63699
-2.37354
-2.0054
-1.75314
-3.42165
-0.506633
-2.36417
-1.40565
-2.07051
-2.6507
-1.84214
-2.17615
0
-1.55828
-3.87573
-2.1128
-1.10858
-1.59904
-3.70444
-2.95964
-1.60296
-3.98467
-3.45437
-1.67553
-1.60209
-2.33001
-1.79973
-1.12064
-0.915496
-2.81743
-2.23951
-2.93382
-2.22998
-2.14161
-0.807051
-3.50897
-2.4883
-2.99324
-2.39019
-1.55828
0
-1.21631
-2.13314
-1.6629
-3.55355
-3.80904
-2.10501
-0.12234
-2.19153
-2.69328
-1.73642
-1.78164
-3.20562
-2.64113
-3.70118
-1.3393
-1.9119
0.798443
-2.18652
-0.693643
-4.5776
-1.67831
-2.64871
-2.67561
-0.429787
-1.0596
-3.87573
-1.21631
0
-1.67995
-1.17867
-1.97772
0.430404
-0.283627
-2.62774
-0.80476
-0.857486
-1.67332
-0.995586
-0.951371
-3.00579
-2.98617
-1.94903
0.185166
-0.798247
-1.37593
-3.13954
-1.5851
-1.94037
-3.00325
-1.73628
-2.6734
-3.99926
-2.1128
-2.13314
-1.67995
0
-2.99286
-4.07228
-4.64242
-0.692418
-2.38903
-1.02616
-1.47254
-2.00389
-2.69444
-1.55171
-2.80332
-2.1207
0.436904
-1.56177
-1.67141
-2.20426
-2.90725
-4.40697
-1.41591
-2.1391
-2.37673
-3.16322
-1.27216
-1.10858
-1.6629
-1.17867
-2.99286
0
-2.95523
-2.08418
-1.28389
-1.11351
-2.85518
-1.82902
-1.71483
-1.09299
-2.56833
-3.55866
-4.05123
-1.79744
-1.66106
-0.218242
-2.46475
-2.75917
-1.53051
-1.30282
-1.17997
-0.734601
-2.56125
-3.59897
-1.59904
-3.55355
-1.97772
-4.07228
-2.95523
0
-1.88686
-2.01425
-2.0938
-2.10332
-2.87852
-2.54922
-1.39465
-1.71362
-1.57931
-0.230183
-2.71264
-2.58863
0.214782
-4.02642
-2.19655
-1.10934
-2.59806
-2.27278
-1.7614
-0.826028
-0.606848
-3.70444
-3.80904
0.430404
-4.64242
-2.08418
-1.88686
0
-2.39507
-2.12553
-0.642132
-1.05489
-3.64922
-3.59877
-1.42423
-3.1992
-0.761063
-2.09301
-1.49716
-2.9757
-2.11453
-0.938479
-2.91077
-1.81929
-2.43599
-2.41407
-1.59771
-2.68926
-2.95964
-2.10501
-0.283627
-0.692418
-1.28389
-2.01425
-2.39507
0
-2.67189
-1.94606
-2.27812
-2.80407
-1.6567
-2.16028
-3.76168
-1.78122
-2.16733
-2.25555
-1.09073
-2.18236
-2.4914
-0.6388
-1.78569
-3.03325
-1.01591
-3.16881
-3.08968
-1.60296
-0.12234
-2.62774
-2.38903
-1.11351
-2.0938
-2.12553
-2.67189
0
-3.13479
-3.46798
-1.93755
-2.8269
-3.6131
-2.67929
-1.78653
-1.62445
-3.12328
-2.44216
-2.88252
-3.09966
-2.11428
-1.48698
0.363468
-1.27645
-1.1302
-0.142171
-3.98467
-2.19153
-0.80476
-1.02616
-2.85518
-2.10332
-0.642132
-1.94606
-3.13479
0
-1.59586
-1.70551
-2.91954
-0.517926
0.38015
-1.96052
-3.25011
-2.93386
-1.9963
-0.662771
-2.90119
-3.6026
-0.440278
-2.38825
0.690724
-1.42629
-0.951845
-3.45437
-2.69328
-0.857486
-1.47254
-1.82902
-2.87852
-1.05489
-2.27812
-3.46798
-1.59586
0
0.644234
-3.56356
-2.82842
-2.10124
-0.932099
-1.08238
-3.20609
-2.41138
-3.15257
-1.4774
-2.19434
-3.00187
-4.06833
-3.3665
-2.25462
-0.677581
-1.67553
-1.73642
-1.67332
-2.00389
-1.71483
-2.54922
-3.64922
-2.80407
-1.93755
-1.70551
0.644234
0
-3.47356
-2.17061
-2.66404
-1.11815
-1.54691
-0.249145
-2.51782
0.294435
-0.356225
-1.83129
-2.51746
-0.852985
-3.74606
-1.8054
-1.18268
-1.60209
-1.78164
-0.995586
-2.69444
-1.09299
-1.39465
-3.59877
-1.6567
-2.8269
-2.91954
-3.56356
-3.47356
0
-2.38198
-2.52261
-1.27439
-2.05706
-1.76652
-4.43885
-1.67284
-1.15692
-2.27965
-3.38058
-1.34791
-0.847126
-2.67908
-0.954351
-2.33001
-3.20562
-0.951371
-1.55171
-2.56833
-1.71362
-1.42423
-2.16028
-3.6131
-0.517926
-2.82842
-2.17061
-2.38198
0
-0.503175
-1.61075
-0.985389
-0.292824
-3.63725
-2.5559
-1.69098
-2.00067
-1.26359
-1.81907
-1.3183
-0.543361
-2.20891
-1.79973
-2.64113
-3.00579
-2.80332
-3.55866
-1.57931
-3.1992
-3.76168
-2.67929
0.38015
-2.10124
-2.66404
-2.52261
-0.503175
0
-2.04811
-2.77999
-1.51993
-2.83769
-1.62282
-1.73017
-3.2433
-3.01549
-2.44242
-3.11203
-1.52782
-2.63699
-1.12064
-3.70118
-2.98617
-2.1207
-4.05123
-0.230183
-0.761063
-1.78122
-1.78653
-1.96052
-0.932099
-1.11815
-1.27439
-1.61075
-2.04811
0
-1.40289
-1.96654
-1.34637
-3.11688
-0.540054
-0.61016
-1.91992
-3.28841
-1.134
-4.19534
-2.37354
-0.915496
-1.3393
-1.94903
0.436904
-1.79744
-2.71264
-2.09301
-2.16733
-1.62445
-3.25011
-1.08238
-1.54691
-2.05706
-0.985389
-2.77999
-1.40289
0
-2.26276
-1.75749
-0.369313
-1.3512
-3.32646
-0.991835
-4.49036
-1.56848
-2.20448
-2.0054
-2.81743
-1.9119
0.185166
-1.56177
-1.66106
-2.58863
-1.49716
-2.25555
-3.12328
-2.93386
-3.20609
-0.249145
-1.76652
-0.292824
-1.51993
-1.96654
-2.26276
0
-4.06755
-1.7645
-2.02106
-0.811344
-1.24224
-2.14664
-1.82622
-0.987471
-1.75314
-2.23951
0.798443
-0.798247
-1.67141
-0.218242
0.214782
-2.9757
-1.09073
-2.44216
-1.9963
-2.41138
-2.51782
-4.43885
-3.63725
-2.83769
-1.34637
-1.75749
-4.06755
0
-2.37878
-2.2728
-1.56183
-1.51465
-0.0257849
-1.61875
-0.819464
-3.42165
-2.93382
-2.18652
-1.37593
-2.20426
-2.46475
-4.02642
-2.11453
-2.18236
-2.88252
-0.662771
-3.15257
0.294435
-1.67284
-2.5559
-1.62282
-3.11688
-0.369313
-1.7645
-2.37878
0
-3.53813
-3.2726
-1.36349
-1.35092
-3.14874
-1.86618
-0.506633
-2.22998
-0.693643
-3.13954
-2.90725
-2.75917
-2.19655
-0.938479
-2.4914
-3.09966
-2.90119
-1.4774
-0.356225
-1.15692
-1.69098
-1.73017
-0.540054
-1.3512
-2.02106
-2.2728
-3.53813
0
-2.24106
-2.25134
0.0862781
-4.36343
-1.16538
-2.36417
-2.14161
-4.5776
-1.5851
-4.40697
-1.53051
-1.10934
-2.91077
-0.6388
-2.11428
-3.6026
-2.19434
-1.83129
-2.27965
-2.00067
-3.2433
-0.61016
-3.32646
-0.811344
-1.56183
-3.2726
-2.24106
0
