0
-1.0214
-0.983082
-0.642971
-3.19887
-2.32859
-2.28857
-3.63422
-0.323063
-2.09541
-1.7872
-2.91356
-2.04495
-3.85715
-1.15756
-2.46227
-2.95434
-3.44115
-1.89779
-2.97768
-2.3181
-2.34497
-2.5253
-1.2455
-2.6504
-2.0389
-2.56053
-1.0214
0
-1.51384
-1.94731
-4.21536
-4.49441
-1.83086
-2.6224
-2.47058
-1.2454
-1.26567
-2.97452
-1.94386
-0.701186
-2.54441
-1.68199
-2.45135
-1.98146
-3.06898
-1.22112
-3.44894
-2.6419
-1.57337
-1.20978
-1.00558
-0.888341
-2.65664
-0.983082
-1.51384
0
-1.34921
-4.0279
-2.5232
-2.78955
-2.73706
-2.98493
-2.24269
-2.92398
-2.39037
-1.22384
-1.5653
-4.05355
-2.42085
-4.11346
-2.381
-3.39107
-0.48066
-2.2321
-3.8271
-4.44434
-2.64381
-2.16592
-1.91929
-1.4526
-0.642971
-1.94731
-1.34921
0
-1.95837
-1.78153
-0.975109
-3.34152
-4.917
-1.87985
-2.98131
-1.4493
-1.51107
-0.609577
-2.44655
-2.94653
-2.98433
-1.13478
-0.398778
-3.39862
-2.75982
-1.40976
-2.07474
-2.18027
-1.75239
-3.71447
-1.86142
-3.19887
-4.21536
-4.0279
-1.95837
0
-1.3136
-3.06844
-2.22036
-1.57914
-3.26258
-3.36302
-1.94789
-2.2775
-1.78171
-3.63439
-1.5554
-2.17355
-3.14631
-0.384325
-1.96282
-1.76745
-0.36401
-2.94158
-2.65979
-1.03997
-1.62596
-2.71563
-2.32859
-4.49441
-2.5232
-1.78153
-1.3136
0
-1.66269
-1.05714
-1.46285
-2.33682
-3.16373
-2.97892
-3.08373
-3.07505
-2.66258
-4.06192
-0.727155
0.0789293
-0.553005
-2.11176
-0.783584
-0.767491
-0.903117
-2.57775
-0.339976
-1.26292
-2.80598
-2.28857
-1.83086
-2.78955
-0.975109
-3.06844
-1.66269
0
-0.896219
-2.2488
-3.04544
-2.77783
-2.16536
-1.62719
-2.77669
-2.24125
-0.0526145
-3.50523
-1.07205
-0.964855
-1.79434
-1.3683
-1.03503
-0.456278
-3.27736
-2.08103
-3.97676
-3.37884
-3.63422
-2.6224
-2.73706
-3.34152
-2.22036
-1.05714
-0.896219
0
-3.15774
-2.11317
-1.48718
-2.60065
-2.33594
-1.31631
-0.95551
-0.666592
-2.72016
-0.126703
-1.45602
-1.01325
-2.92744
-1.52679
-3.56558
-2.34684
-2.25067
-1.56238
-1.63226
-0.323063
-2.47058
-2.98493
-4.917
-1.57914
-1.46285
-2.2488
-3.15774
0
-1.16734
-1.70168
-2.00831
-2.09095
-1.5611
-0.997774
-1.92411
-1.3045
-1.4449
-4.07919
-3.3127
-0.642523
-1.54204
-2.45437
-1.9411
-2.10378
-1.82371
-1.80109
-2.09541
-1.2454
-2.24269
-1.87985
-3.26258
-2.33682
-3.04544
-2.11317
-1.16734
0
-1.88774
-0.402398
-1.58118
-2.37216
-2.6084
-4.3276
-3.70531
-0.41184
-1.04669
-4.03545
-2.80021
-1.99033
-2.14468
-0.514935
-0.143931
-1.03983
-2.88594
-1.7872
-1.26567
-2.92398
-2.98131
-3.36302
-3.16373
-2.77783
-1.48718
-1.70168
-1.88774
0
-0.991137
-1.97233
-3.02099
-3.66067
-1.51967
-1.42408
-0.553347
-3.28994
-3.33779
-2.67863
-2.73422
-2.46887
-0.565058
-2.11129
-2.56699
-3.74534
-2.91356
-2.97452
-2.39037
-1.4493
-1.94789
-2.97892
-2.16536
-2.60065
-2.00831
-0.402398
-0.991137
0
-2.76335
-3.02324
-2.95413
-1.97869
-5.00149
-3.43261
-2.49834
-2.73038
-3.26102
-2.49843
-1.58651
-1.13052
-1.54308
-2.51994
-3.49275
-2.04495
-1.94386
-1.22384
-1.51107
-2.2775
-3.08373
-1.62719
-2.33594
-2.09095
-1.58118
-1.97233
-2.76335
0
-2.22309
-1.79236
-3.51995
-1.4497
-1.14446
-3.28608
-2.08169
-1.76745
-2.12873
-1.34992
-2.11941
-2.83723
-3.07857
-0.605808
-3.85715
-0.701186
-1.5653
-0.609577
-1.78171
-3.07505
-2.77669
-1.31631
-1.5611
-2.37216
-3.02099
-3.02324
-2.22309
0
-2.67289
-0.595659
-2.3676
-2.23755
0.0785726
-3.31476
-1.72251
-2.93451
-2.99031
-3.54042
-1.51004
-2.50168
-2.29173
-1.15756
-2.54441
-4.05355
-2.44655
-3.63439
-2.66258
-2.24125
-0.95551
-0.997774
-2.6084
-3.66067
-2.95413
-1.79236
-2.67289
0
-0.949509
-1.80101
-2.53109
-2.05932
-0.8035
-1.84218
-3.72374
-2.97161
-1.54376
-2.75635
-2.39737
-2.35899
-2.46227
-1.68199
-2.42085
-2.94653
-1.5554
-4.06192
-0.0526145
-0.666592
-1.92411
-4.3276
-1.51967
-1.97869
-3.51995
-0.595659
-0.949509
0
-1.48056
-2.33516
-0.624648
-1.28469
-2.62341
-3.73296
-1.34227
-2.34911
-2.21074
-1.8545
-2.10917
-2.95434
-2.45135
-4.11346
-2.98433
-2.17355
-0.727155
-3.50523
-2.72016
-1.3045
-3.70531
-1.42408
-5.00149
-1.4497
-2.3676
-1.80101
-1.48056
0
-1.55772
-3.17165
-3.00349
-2.76899
-3.34616
-1.2377
-1.45995
-0.654378
-1.70303
-2.11521
-3.44115
-1.98146
-2.381
-1.13478
-3.14631
0.0789293
-1.07205
-0.126703
-1.4449
-0.41184
-0.553347
-3.43261
-1.14446
-2.23755
-2.53109
-2.33516
-1.55772
0
-2.26051
-2.80497
-3.01448
-2.68631
-2.43503
-2.36917
-2.52114
-1.60837
-1.24866
-1.89779
-3.06898
-3.39107
-0.398778
-0.384325
-0.553005
-0.964855
-1.45602
-4.07919
-1.04669
-3.28994
-2.49834
-3.28608
0.0785726
-2.05932
-0.624648
-3.17165
-2.26051
0
-1.49734
-3.93257
-4.04806
-1.33038
-2.78945
-1.91525
-2.28334
-0.103279
-2.97768
-1.22112
-0.48066
-3.39862
-1.96282
-2.11176
-1.79434
-1.01325
-3.3127
-4.03545
-3.33779
-2.73038
-2.08169
-3.31476
-0.8035
-1.28469
-3.00349
-2.80497
-1.49734
0
-1.47982
-2.50487
-1.16488
-0.961481
-1.24828
-2.18374
-2.42664
-2.3181
-3.44894
-2.2321
-2.75982
-1.76745
-0.783584
-1.3683
-2.92744
-0.642523
-2.80021
-2.67863
-3.26102
-1.76745
-1.72251
-1.84218
-2.62341
-2.76899
-3.01448
-3.93257
-1.47982
0
-2.44337
-1.04866
-1.97214
-0.451104
-4.71497
-0.252349
-2.34497
-2.6419
-3.8271
-1.40976
-0.36401
-0.767491
-1.03503
-1.52679
-1.54204
-1.99033
-2.73422
-2.49843
-2.12873
-2.93451
-3.72374
-3.73296
-3.34616
-2.68631
-4.04806
-2.50487
-2.44337
0
-2.82006
-2.82139
-1.53122
-0.59938
-2.83257
-2.5253
-1.57337
-4.44434
-2.07474
-2.94158
-0.903117
-0.456278
-3.56558
-2.45437
-2.14468
-2.46887
-1.58651
-1.34992
-2.99031
-2.97161
-1.34227
-1.2377
-2.43503
-1.33038
-1.16488
-1.04866
-2.82006
0
-0.158509
-2.97783
-0.895948
-1.68574
-1.2455
-1.20978
-2.64381
-2.18027
-2.65979
-2.57775
-3.27736
-2.34684
-1.9411
-0.514935
-0.565058
-1.13052
-2.11941
-3.54042
-1.54376
-2.34911
-1.45995
-2.36917
-2.78945
-0.961481
-1.97214
-2.82139
-0.158509
0
-0.615783
-1.87383
-3.93905
-2.6504
-1.00558
-2.16592
-1.75239
-1.03997
-0.339976
-2.08103
-2.25067
-2.10378
-0.143931
-2.11129
-1.54308
-2.83723
-1.51004
-2.75635
-2.21074
-0.654378
-2.52114
-1.91525
-1.24828
-0.451104
-1.53122
-2.97783
-0.615783
0
-2.3503
-2.87561
-2.0389
-0.888341
-1.91929
-3.71447
-1.62596
-1.26292
-3.97676
-1.56238
-1.82371
-1.03983
-2.56699
-2.51994
-3.07857
-2.50168
-2.39737
-1.8545
-1.70303
-1.60837
-2.28334
-2.18374
-4.71497
-0.59938
-0.895948
-1.87383
-2.3503
0
-3.31731
-2.56053
-2.65664
-1.4526
-1.86142
-2.71563
-2.80598
-3.37884
-1.63226
-1.80109
-2.88594
-3.74534
-3.49275
-0.605808
-2.29173
-2.35899
-2.10917
-2.11521
-1.24866
-0.103279
-2.42664
-0.252349
-2.83257
-1.68574
-3.93905
-2.87561
-3.31731
0
