0
-1.74126
-2.29812
-1.26006
-4.28532
-1.89411
-1.17089
-1.10714
-2.54248
-1.74848
-2.50565
-1.87926
-1.21677
-2.70317
-4.16575
-1.50509
-1.95761
-3.73011
-1.58639
-2.43077
-3.26244
-2.99602
-0.334382
-2.20534
-2.86524
-2.11138
-3.85368
-1.74126
0
-4.01493
-2.43287
-1.99226
-1.16481
-1.64009
-1.46058
-1.03889
-1.82789
-1.73356
-2.61631
-3.24318
-1.94767
-1.5607
-1.94573
-2.4075
-3.50653
-2.37663
-2.0983
-2.1955
-1.60373
-1.96362
-1.57468
-2.57596
-2.12893
-2.6966
-2.29812
-4.01493
0
-3.27116
-1.23117
-2.03015
-1.96364
-3.84974
-2.41765
-2.08821
0.302004
-0.679518
-1.68556
-0.397774
-2.34342
-1.73222
-0.0484939
-1.25653
-4.42593
-1.62325
-3.36843
-0.941104
-2.02984
-2.72756
-4.02873
-2.32776
-2.82911
-1.26006
-2.43287
-3.27116
0
-1.61476
-2.2559
0.384677
-2.49148
-1.93498
-0.811624
-0.516123
0.313797
-3.68344
-2.29147
-3.64774
-2.92474
-1.14568
-3.94072
-1.85597
-3.79372
-0.391068
-3.70114
-2.44429
-3.87153
-1.69333
-2.55216
-1.45131
-4.28532
-1.99226
-1.23117
-1.61476
0
-2.39186
-2.19483
-2.5071
-2.46492
-3.43205
-3.48378
-2.2767
-3.80493
-1.90507
-2.84116
-0.197714
-1.79195
0.0956313
-3.29222
-2.41555
-2.50931
-1.50584
-1.71063
-2.31911
-1.86931
-1.77617
-2.81933
-1.89411
-1.16481
-2.03015
-2.2559
-2.39186
0
-1.38707
-2.57609
-2.15703
-1.54749
-0.798293
-3.12943
-2.48897
-3.55187
-2.27337
-1.61336
-2.50547
-0.0769742
-2.49665
-2.17935
-1.57582
-1.90352
-1.76249
-3.51877
-2.44916
-3.31916
-1.95856
-1.17089
-1.64009
-1.96364
0.384677
-2.19483
-1.38707
0
-2.142
-2.72357
-1.68157
-2.52576
-3.45177
-2.13211
-1.43897
-1.01561
-2.17133
-1.84271
-2.72632
-1.6904
-1.53353
-1.51774
-0.103208
-2.05315
0.293748
-2.97336
-1.06609
-1.64303
-1.10714
-1.46058
-3.84974
-2.49148
-2.5071
-2.57609
-2.142
0
-1.77243
-2.4878
-1.79887
-2.26376
-2.66953
-2.9051
-2.71688
-1.84251
-1.59564
-2.85201
-2.51584
-0.322835
-1.20087
-3.68549
-2.76508
-2.62392
-1.17621
-0.972584
-2.60836
-2.54248
-1.03889
-2.41765
-1.93498
-2.46492
-2.15703
-2.72357
-1.77243
0
-1.36949
-2.33273
-1.72729
-3.09627
-3.16841
-2.82389
-2.82996
-3.3737
-3.91177
-0.968776
-2.69364
-2.90455
-1.00245
-2.47542
-1.63484
-2.45315
-0.968028
-2.51574
-1.74848
-1.82789
-2.08821
-0.811624
-3.43205
-1.54749
-1.68157
-2.4878
-1.36949
0
-1.04202
-2.06544
-2.84585
-2.7724
-2.5455
-2.2745
-0.819116
-1.22341
-2.23179
-0.772433
-0.501507
-2.30291
-1.71963
-1.19453
-1.72032
-0.524517
-1.61145
-2.50565
-1.73356
0.302004
-0.516123
-3.48378
-0.798293
-2.52576
-1.79887
-2.33273
-1.04202
0
-1.22606
-2.59368
-3.28069
-2.02782
-2.68493
-1.72365
-2.23742
-2.08174
-3.97136
-1.36575
-2.58721
-2.06097
-2.58214
-2.24793
-3.72356
-2.84837
-1.87926
-2.61631
-0.679518
0.313797
-2.2767
-3.12943
-3.45177
-2.26376
-1.72729
-2.06544
-1.22606
0
-1.31646
-0.620536
-3.75348
-2.71926
-1.8715
-2.56963
-0.126891
0.211615
-2.27001
-0.985024
-2.95849
-2.08356
-1.55366
-3.69766
-1.24612
-1.21677
-3.24318
-1.68556
-3.68344
-3.80493
-2.48897
-2.13211
-2.66953
-3.09627
-2.84585
-2.59368
-1.31646
0
-0.673294
-2.61739
-2.43999
-1.19872
-2.38324
0.28284
-1.21608
-1.9515
-2.37146
-1.78232
-4.45463
-3.15506
-1.36121
-4.10604
-2.70317
-1.94767
-0.397774
-2.29147
-1.90507
-3.55187
-1.43897
-2.9051
-3.16841
-2.7724
-3.28069
-0.620536
-0.673294
0
-2.32417
-2.10657
-2.41685
-3.5852
-2.00866
-2.22283
-1.64627
-2.94845
-1.8785
-0.348046
-1.6814
-1.55739
-1.55168
-4.16575
-1.5607
-2.34342
-3.64774
-2.84116
-2.27337
-1.01561
-2.71688
-2.82389
-2.5455
-2.02782
-3.75348
-2.61739
-2.32417
0
-2.86519
-1.52865
-0.837955
-3.45461
-1.06837
-2.70492
-2.92126
-2.16912
-2.1646
-0.872641
-1.06861
0.0530324
-1.50509
-1.94573
-1.73222
-2.92474
-0.197714
-1.61336
-2.17133
-1.84251
-2.82996
-2.2745
-2.68493
-2.71926
-2.43999
-2.10657
-2.86519
0
-2.63774
-2.17402
-3.39513
-1.56002
-2.2614
-1.24403
-1.72271
-1.09301
-2.46383
-1.93796
-1.69108
-1.95761
-2.4075
-0.0484939
-1.14568
-1.79195
-2.50547
-1.84271
-1.59564
-3.3737
-0.819116
-1.72365
-1.8715
-1.19872
-2.41685
-1.52865
-2.63774
0
-1.61495
-1.7184
-1.92724
-1.39803
-1.07114
-2.58719
-0.925043
-2.93324
-1.54373
-2.65428
-3.73011
-3.50653
-1.25653
-3.94072
0.0956313
-0.0769742
-2.72632
-2.85201
-3.91177
-1.22341
-2.23742
-2.56963
-2.38324
-3.5852
-0.837955
-2.17402
-1.61495
0
-1.00863
-1.512
-1.73877
-3.42141
-3.11679
-0.569233
-2.65644
-1.60609
-1.39604
-1.58639
-2.37663
-4.42593
-1.85597
-3.29222
-2.49665
-1.6904
-2.51584
-0.968776
-2.23179
-2.08174
-0.126891
0.28284
-2.00866
-3.45461
-3.39513
-1.7184
-1.00863
0
-1.63447
-2.01654
-1.23019
-0.802726
-1.56567
-0.190944
-0.674315
-2.22694
-2.43077
-2.0983
-1.62325
-3.79372
-2.41555
-2.17935
-1.53353
-0.322835
-2.69364
-0.772433
-3.97136
0.211615
-1.21608
-2.22283
-1.06837
-1.56002
-1.92724
-1.512
-1.63447
0
-1.60061
-2.71354
-1.76259
-2.36092
-3.9509
-0.37071
-2.63264
-3.26244
-2.1955
-3.36843
-0.391068
-2.50931
-1.57582
-1.51774
-1.20087
-2.90455
-0.501507
-1.36575
-2.27001
-1.9515
-1.64627
-2.70492
-2.2614
-1.39803
-1.73877
-2.01654
-1.60061
0
-2.01478
-2.4286
-2.54112
-1.80512
-2.06009
-0.284136
-2.99602
-1.60373
-0.941104
-3.70114
-1.50584
-1.90352
-0.103208
-3.68549
-1.00245
-2.30291
-2.58721
-0.985024
-2.37146
-2.94845
-2.92126
-1.24403
-1.07114
-3.42141
-1.23019
-2.71354
-2.01478
0
-2.12799
-2.8293
-3.58172
-1.74421
-0.778581
-0.334382
-1.96362
-2.02984
-2.44429
-1.71063
-1.76249
-2.05315
-2.76508
-2.47542
-1.71963
-2.06097
-2.95849
-1.78232
-1.8785
-2.16912
-1.72271
-2.58719
-3.11679
-0.802726
-1.76259
-2.4286
-2.12799
0
-2.64173
-1.61123
-2.29159
-1.95922
-2.20534
-1.57468
-2.72756
-3.87153
-2.31911
-3.51877
0.293748
-2.62392
-1.63484
-1.19453
-2.58214
-2.08356
-4.45463
-0.348046
-2.1646
-1.09301
-0.925043
-0.569233
-1.56567
-2.36092
-2.54112
-2.8293
-2.64173
0
-0.546764
-1.13319
-1.77006
-2.86524
-2.57596
-4.02873
-1.69333
-1.86931
-2.44916
-2.97336
-1.17621
-2.45315
-1.72032
-2.24793
-1.55366
-3.15506
-1.6814
-0.872641
-2.46383
-2.93324
-2.65644
-0.190944
-3.9509
-1.80512
-3.58172
-1.61123
-0.546764
0
-0.656624
-2.51621
-2.11138
-2.12893
-2.32776
-2.55216
-1.77617
-3.31916
-1.06609
-0.972584
-0.968028
-0.524517
-3.72356
-3.69766
-1.36121
-1.55739
-1.06861
-1.93796
-1.54373
-1.60609
-0.674315
-0.37071
-2.06009
-1.74421
-2.29159
-1.13319
-0.656624
0
0.256126
-3.85368
-2.6966
-2.82911
-1.45131
-2.81933
-1.95856
-1.64303
-2.60836
-2.51574
-1.61145
-2.84837
-1.24612
-4.10604
-1.55168
0.0530324
-1.69108
-2.65428
-1.39604
-2.22694
-2.63264
-0.284136
-0.778581
-1.95922
-1.77006
-2.51621
0.256126
0
