0
-1.81764
-2.15688
-2.53555
-1.55606
-1.30362
-1.92054
-2.03863
-4.36073
-1.15087
-2.42009
-1.27286
-0.0950762
-2.08608
-2.47021
-1.57842
-1.94353
-1.64386
-0.913987
-0.806328
-1.74912
-1.88378
-1.77737
-1.41674
-2.75835
-1.01446
-3.22689
-1.81764
0
-1.61576
-0.476586
-2.61539
-1.42258
-1.9577
-2.52709
-2.21692
-1.93744
-2.55083
-1.9691
-1.69746
-4.00554
-1.96603
-2.32202
-3.43573
-1.26523
-2.83356
-3.02069
-1.18004
-2.41417
-2.38228
-1.71521
-1.31059
-1.39053
-0.812492
-2.15688
-1.61576
0
-2.68839
-2.3528
-2.31934
-0.531125
-3.35017
-1.49571
-0.856895
-2.53824
-1.5974
-2.20991
-1.01052
-1.68969
-3.17076
-1.51194
-0.306091
-2.5763
-2.41554
0.24306
-1.68752
-3.65125
-1.40937
-1.90635
-0.250537
-1.84928
-2.53555
-0.476586
-2.68839
0
-1.9631
-1.9519
-1.70722
-1.65908
1.09769
-1.07217
-2.21497
-2.31211
-1.5574
-2.14573
-2.38822
1.3748
-2.09226
-2.82885
0.266658
-2.18171
-3.12968
-2.01077
-1.702
-2.64097
-1.72798
-0.274242
-2.31856
-1.55606
-2.61539
-2.3528
-1.9631
0
-0.526338
-0.205712
-2.86906
-1.33426
-3.97339
-1.41174
-2.87757
-1.17085
-2.01348
-1.58477
-3.70391
-2.4596
-1.76313
-3.2047
-2.03649
-1.27776
-1.88245
-2.34274
-4.1926
0.188102
-2.96787
-2.35958
-1.30362
-1.42258
-2.31934
-1.9519
-0.526338
0
-2.36822
-0.0368852
-2.84603
-0.901913
-1.32402
-1.17518
-1.39769
-5.73435
-1.73549
-2.51941
-2.22894
-0.118067
-0.245826
-3.07856
-2.52986
-2.05199
-1.25495
-1.63113
-2.47468
-0.251538
-4.0524
-1.92054
-1.9577
-0.531125
-1.70722
-0.205712
-2.36822
0
0.0232029
-2.85796
-3.19348
-1.68939
-3.46219
-2.3818
-3.40673
-0.715243
-2.02538
-0.957274
-1.02028
-1.60829
-2.1957
-3.12044
-1.68678
-1.76305
-2.86511
-2.20906
-0.313301
-2.99961
-2.03863
-2.52709
-3.35017
-1.65908
-2.86906
-0.0368852
0.0232029
0
-0.729667
-1.33686
-3.46526
-1.1126
0.232222
-3.46385
-0.307676
-2.94363
-2.91773
-2.50223
-2.12913
-1.66813
-0.468596
-1.15499
-1.43293
-1.33716
-0.231867
-3.14429
-1.56088
-4.36073
-2.21692
-1.49571
1.09769
-1.33426
-2.84603
-2.85796
-0.729667
0
-3.89395
-3.34748
-2.8725
-1.29134
-0.871029
-1.88421
0.521955
-3.06336
-0.663294
-1.24344
-0.962807
-1.37377
-1.67219
-2.48143
-2.35148
-0.850622
-0.853495
-1.83326
-1.15087
-1.93744
-0.856895
-1.07217
-3.97339
-0.901913
-3.19348
-1.33686
-3.89395
0
-2.65965
-3.55337
-1.17494
-1.87614
-1.06026
-3.19351
-1.64219
-0.181551
-1.36304
-1.37162
-1.33906
-2.0714
-2.92205
-0.958185
-1.72395
-2.3144
-1.15939
-2.42009
-2.55083
-2.53824
-2.21497
-1.41174
-1.32402
-1.68939
-3.46526
-3.34748
-2.65965
0
-0.42407
-2.10443
-2.14481
-0.783038
-3.49478
-1.71606
-1.63898
-1.93535
-1.12219
1.03475
-2.78448
-2.36931
-1.91647
-2.78681
-1.65751
-0.936579
-1.27286
-1.9691
-1.5974
-2.31211
-2.87757
-1.17518
-3.46219
-1.1126
-2.8725
-3.55337
-0.42407
0
-0.450401
-0.964976
-3.99486
-1.24509
-2.18523
-1.21535
-1.09874
-2.08294
-2.01913
-0.146191
-1.67065
-3.11638
-3.04333
-2.44049
-2.71398
-0.0950762
-1.69746
-2.20991
-1.5574
-1.17085
-1.39769
-2.3818
0.232222
-1.29134
-1.17494
-2.10443
-0.450401
0
-0.835702
-1.81755
-2.52194
-2.56363
-1.67683
-3.86321
-1.92738
-2.40349
-2.14948
-2.44747
-1.86362
-2.11642
-2.34331
-2.7177
-2.08608
-4.00554
-1.01052
-2.14573
-2.01348
-5.73435
-3.40673
-3.46385
-0.871029
-1.87614
-2.14481
-0.964976
-0.835702
0
-0.697399
-1.50232
-2.63067
-1.18208
-1.66696
-1.32149
-0.94327
-2.19721
-1.84324
0.0405023
-2.37929
-2.2933
-2.28453
-2.47021
-1.96603
-1.68969
-2.38822
-1.58477
-1.73549
-0.715243
-0.307676
-1.88421
-1.06026
-0.783038
-3.99486
-1.81755
-0.697399
0
-2.75346
-1.68516
-1.35255
-4.00318
-3.32798
-2.85117
-3.25027
-3.00694
-2.59115
-1.49304
-2.92363
-4.68411
-1.57842
-2.32202
-3.17076
1.3748
-3.70391
-2.51941
-2.02538
-2.94363
0.521955
-3.19351
-3.49478
-1.24509
-2.52194
-1.50232
-2.75346
0
0.558997
-4.65671
-3.67306
-1.31836
-3.05706
-1.14907
-2.09174
-2.47894
-4.54178
-1.32356
-2.16253
-1.94353
-3.43573
-1.51194
-2.09226
-2.4596
-2.22894
-0.957274
-2.91773
-3.06336
-1.64219
-1.71606
-2.18523
-2.56363
-2.63067
-1.68516
0.558997
0
-1.61659
-2.4551
-3.6135
-2.47907
-0.540796
-3.73664
-1.83575
-2.20019
-2.07448
-2.60877
-1.64386
-1.26523
-0.306091
-2.82885
-1.76313
-0.118067
-1.02028
-2.50223
-0.663294
-0.181551
-1.63898
-1.21535
-1.67683
-1.18208
-1.35255
-4.65671
-1.61659
0
-2.86029
-2.59605
-3.0266
-1.98376
-1.85891
-1.59896
-1.77975
-1.86055
-3.3616
-0.913987
-2.83356
-2.5763
0.266658
-3.2047
-0.245826
-1.60829
-2.12913
-1.24344
-1.36304
-1.93535
-1.09874
-3.86321
-1.66696
-4.00318
-3.67306
-2.4551
-2.86029
0
-2.272
-3.36331
-3.68736
-1.78629
-2.84941
-1.19895
-2.33192
-3.55311
-0.806328
-3.02069
-2.41554
-2.18171
-2.03649
-3.07856
-2.1957
-1.66813
-0.962807
-1.37162
-1.12219
-2.08294
-1.92738
-1.32149
-3.32798
-1.31836
-3.6135
-2.59605
-2.272
0
-3.0849
-1.60458
-3.70837
0.271743
-2.38792
-1.21607
-2.74348
-1.74912
-1.18004
0.24306
-3.12968
-1.27776
-2.52986
-3.12044
-0.468596
-1.37377
-1.33906
1.03475
-2.01913
-2.40349
-0.94327
-2.85117
-3.05706
-2.47907
-3.0266
-3.36331
-3.0849
0
-2.12474
-1.49047
-3.46468
-2.05051
-2.32936
-3.11726
-1.88378
-2.41417
-1.68752
-2.01077
-1.88245
-2.05199
-1.68678
-1.15499
-1.67219
-2.0714
-2.78448
-0.146191
-2.14948
-2.19721
-3.25027
-1.14907
-0.540796
-1.98376
-3.68736
-1.60458
-2.12474
0
-1.9162
-0.663795
-0.785262
-2.95454
-2.36153
-1.77737
-2.38228
-3.65125
-1.702
-2.34274
-1.25495
-1.76305
-1.43293
-2.48143
-2.92205
-2.36931
-1.67065
-2.44747
-1.84324
-3.00694
-2.09174
-3.73664
-1.85891
-1.78629
-3.70837
-1.49047
-1.9162
0
-0.785142
-2.06023
-2.38418
-1.14919
-1.41674
-1.71521
-1.40937
-2.64097
-4.1926
-1.63113
-2.86511
-1.33716
-2.35148
-0.958185
-1.91647
-3.11638
-1.86362
0.0405023
-2.59115
-2.47894
-1.83575
-1.59896
-2.84941
0.271743
-3.46468
-0.663795
-0.785142
0
-1.46963
-1.96373
-2.12559
-2.75835
-1.31059
-1.90635
-1.72798
0.188102
-2.47468
-2.20906
-0.231867
-0.850622
-1.72395
-2.78681
-3.04333
-2.11642
-2.37929
-1.49304
-4.54178
-2.20019
-1.77975
-1.19895
-2.38792
-2.05051
-0.785262
-2.06023
-1.46963
0
-2.70976
-1.90275
-1.01446
-1.39053
-0.250537
-0.274242
-2.96787
-0.251538
-0.313301
-3.14429
-0.853495
-2.3144
-1.65751
-2.44049
-2.34331
-2.2933
-2.92363
-1.32356
-2.07448
-1.86055
-2.33192
-1.21607
-2.32936
-2.95454
-2.38418
-1.96373
-2.70976
0
-3.4446
-3.22689
-0.812492
-1.84928
-2.31856
-2.35958
-4.0524
-2.99961
-1.56088
-1.83326
-1.15939
-0.936579
-2.71398
-2.7177
-2.28453
-4.68411
-2.16253
-2.60877
-3.3616
-3.55311
-2.74348
-3.11726
-2.36153
-1.14919
-2.12559
-1.90275
-3.4446
0
