0
-3.26758
-4.52755
-1.38436
-3.44606
-2.69673
-1.84822
-1.97592
-2.21673
-2.25252
-3.18609
-2.13113
-3.19064
-1.83791
-1.74516
-1.98242
-0.644876
-1.87771
-1.46061
-2.55688
-1.6008
-1.41651
-1.56376
-2.99069
-0.494364
-2.53005
-0.853657
-3.26758
0
-2.53443
-1.62712
-1.0615
-2.4715
-1.07219
-1.8293
-0.299123
-0.903157
-2.03985
-1.40515
-3.6225
-3.05695
-2.24984
-2.0101
-1.39926
-1.59389
-0.874303
-1.78344
-2.05561
-1.13731
-0.943993
-0.431895
-3.34413
-0.951988
-1.40837
-4.52755
-2.53443
0
-0.358989
-1.55261
-1.86164
-3.55553
-2.15095
-2.58196
-2.21048
-2.92292
-2.23356
-1.28478
-1.15847
-0.887616
-2.76879
-2.39437
-1.79035
-2.21749
-1.68685
-0.0308093
-2.63327
-2.78565
-0.950547
-2.93845
-2.46344
-1.80229
-1.38436
-1.62712
-0.358989
0
-2.31337
-1.62302
-0.547774
-1.96832
-2.71464
-2.72884
-1.92607
-0.808233
-1.66398
-3.8548
-2.07751
-1.13646
-2.33509
-2.17031
-0.848377
-2.34148
-3.44705
-1.28883
-1.06398
-2.26241
-0.718424
-0.733505
-1.04489
-3.44606
-1.0615
-1.55261
-2.31337
0
-2.7315
-1.75509
-2.39493
-3.67712
-0.42264
-1.63891
-2.10894
-1.80653
-0.991265
-1.68062
-2.67645
-3.11264
-0.87326
-1.27736
-4.68675
-1.39149
-2.16656
-3.46133
-2.06704
-1.15039
-0.45776
-2.41527
-2.69673
-2.4715
-1.86164
-1.62302
-2.7315
0
-2.04841
-1.35028
-3.06749
-0.841333
-2.09111
-2.92638
-3.6708
-2.36084
-1.03114
-1.65203
-3.07913
-1.47226
-2.68801
-2.32344
-2.50439
-0.750012
-1.67615
-0.455736
-2.10325
-1.15868
-2.20696
-1.84822
-1.07219
-3.55553
-0.547774
-1.75509
-2.04841
0
-1.68833
-3.22588
-2.52841
-2.13738
-4.35349
0.41214
-1.22612
-3.83605
-0.952009
-0.551769
-1.58473
-2.62281
-1.41893
-2.14767
-2.53278
-2.45664
-1.79322
-2.18949
-2.63159
-0.481709
-1.97592
-1.8293
-2.15095
-1.96832
-2.39493
-1.35028
-1.68833
0
-1.83695
-1.65031
-2.44871
-1.64725
-2.56288
-4.61728
-1.89426
-3.5678
-2.45068
-1.20217
-2.09041
-1.7659
-1.23117
-0.151385
-2.10864
-2.54434
-1.23766
-4.22717
-2.72266
-2.21673
-0.299123
-2.58196
-2.71464
-3.67712
-3.06749
-3.22588
-1.83695
0
-0.704303
-1.50533
-1.24497
-3.0103
-2.12867
-1.79664
-1.25082
-0.520392
-3.79261
-3.09851
-1.97997
-1.83004
-2.13091
-1.47196
-2.19644
-0.812638
-3.04072
-3.24878
-2.25252
-0.903157
-2.21048
-2.72884
-0.42264
-0.841333
-2.52841
-1.65031
-0.704303
0
-2.61393
-1.8589
-2.09944
-3.8378
-2.61816
-0.465793
-1.57037
-2.12181
-3.55357
-0.0339029
-0.920248
-0.623923
-1.58077
-3.5073
-1.26907
-2.04478
-1.97985
-3.18609
-2.03985
-2.92292
-1.92607
-1.63891
-2.09111
-2.13738
-2.44871
-1.50533
-2.61393
0
-0.850496
-1.74368
-3.10146
-2.39534
-1.45726
-3.6938
-2.73317
-1.41695
-2.92995
-1.8499
-4.72051
-2.34576
-2.64298
-0.816437
-1.9184
-1.67947
-2.13113
-1.40515
-2.23356
-0.808233
-2.10894
-2.92638
-4.35349
-1.64725
-1.24497
-1.8589
-0.850496
0
-1.88037
-1.22093
-2.6503
-1.62118
-3.75881
-2.00192
-0.0495938
-2.00494
-1.69652
-2.58442
-0.430712
-1.70171
-1.94974
-2.59912
-1.11641
-3.19064
-3.6225
-1.28478
-1.66398
-1.80653
-3.6708
0.41214
-2.56288
-3.0103
-2.09944
-1.74368
-1.88037
0
-0.42934
-1.47556
-1.30484
-2.26872
-2.74083
-0.859345
-3.69986
-4.4164
-1.65815
-3.90596
-1.49282
-2.11699
-1.99405
0.116637
-1.83791
-3.05695
-1.15847
-3.8548
-0.991265
-2.36084
-1.22612
-4.61728
-2.12867
-3.8378
-3.10146
-1.22093
-0.42934
0
-1.60764
-2.00645
-2.06642
-2.02129
-1.1895
-1.39774
-2.9062
-2.22792
-4.49021
-2.41772
-3.0613
-2.70436
-2.12681
-1.74516
-2.24984
-0.887616
-2.07751
-1.68062
-1.03114
-3.83605
-1.89426
-1.79664
-2.61816
-2.39534
-2.6503
-1.47556
-1.60764
0
-1.34699
-1.82253
-3.41034
-1.01467
-2.49745
-4.29771
-0.83276
-2.19291
-2.52722
-1.22104
-2.4348
-0.469955
-1.98242
-2.0101
-2.76879
-1.13646
-2.67645
-1.65203
-0.952009
-3.5678
-1.25082
-0.465793
-1.45726
-1.62118
-1.30484
-2.00645
-1.34699
0
-2.15429
-3.01084
-5.03462
-3.02675
-1.72837
-1.58932
-3.01441
-2.79995
-2.19286
-0.627624
-2.31224
-0.644876
-1.39926
-2.39437
-2.33509
-3.11264
-3.07913
-0.551769
-2.45068
-0.520392
-1.57037
-3.6938
-3.75881
-2.26872
-2.06642
-1.82253
-2.15429
0
-2.27269
-0.824253
-1.49741
-0.627271
-3.68291
-2.41738
-1.80777
-3.20458
-2.54679
-2.8816
-1.87771
-1.59389
-1.79035
-2.17031
-0.87326
-1.47226
-1.58473
-1.20217
-3.79261
-2.12181
-2.73317
-2.00192
-2.74083
-2.02129
-3.41034
-3.01084
-2.27269
0
-2.8798
-2.74845
-0.294439
-2.13626
-2.59659
0.0659785
-2.52635
-1.5272
-1.22458
-1.46061
-0.874303
-2.21749
-0.848377
-1.27736
-2.68801
-2.62281
-2.09041
-3.09851
-3.55357
-1.41695
-0.0495938
-0.859345
-1.1895
-1.01467
-5.03462
-0.824253
-2.8798
0
-2.93064
-1.33547
-1.86719
-4.16365
-3.10679
-0.430199
-0.731444
-1.2529
-2.55688
-1.78344
-1.68685
-2.34148
-4.68675
-2.32344
-1.41893
-1.7659
-1.97997
-0.0339029
-2.92995
-2.00494
-3.69986
-1.39774
-2.49745
-3.02675
-1.49741
-2.74845
-2.93064
0
-2.66706
-1.323
-1.30017
-0.729634
-3.71704
-2.74036
-2.8053
-1.6008
-2.05561
-0.0308093
-3.44705
-1.39149
-2.50439
-2.14767
-1.23117
-1.83004
-0.920248
-1.8499
-1.69652
-4.4164
-2.9062
-4.29771
-1.72837
-0.627271
-0.294439
-1.33547
-2.66706
0
-2.48495
-2.78514
-1.59301
-0.469229
-3.58192
-3.41748
-1.41651
-1.13731
-2.63327
-1.28883
-2.16656
-0.750012
-2.53278
-0.151385
-2.13091
-0.623923
-4.72051
-2.58442
-1.65815
-2.22792
-0.83276
-1.58932
-3.68291
-2.13626
-1.86719
-1.323
-2.48495
0
-1.13026
-0.922553
-4.81623
-2.46671
-1.85644
-1.56376
-0.943993
-2.78565
-1.06398
-3.46133
-1.67615
-2.45664
-2.10864
-1.47196
-1.58077
-2.34576
-0.430712
-3.90596
-4.49021
-2.19291
-3.01441
-2.41738
-2.59659
-4.16365
-1.30017
-2.78514
-1.13026
0
-1.14512
-2.19289
-0.147147
-1.66329
-2.99069
-0.431895
-0.950547
-2.26241
-2.06704
-0.455736
-1.79322
-2.54434
-2.19644
-3.5073
-2.64298
-1.70171
-1.49282
-2.41772
-2.52722
-2.79995
-1.80777
0.0659785
-3.10679
-0.729634
-1.59301
-0.922553
-1.14512
0
-2.82046
-0.0176324
-2.03147
-0.494364
-3.34413
-2.93845
-0.718424
-1.15039
-2.10325
-2.18949
-1.23766
-0.812638
-1.26907
-0.816437
-1.94974
-2.11699
-3.0613
-1.22104
-2.19286
-3.20458
-2.52635
-0.430199
-3.71704
-0.469229
-4.81623
-2.19289
-2.82046
0
-1.63698
-2.68619
-2.53005
-0.951988
-2.46344
-0.733505
-0.45776
-1.15868
-2.63159
-4.22717
-3.04072
-2.04478
-1.9184
-2.59912
-1.99405
-2.70436
-2.4348
-0.627624
-2.54679
-1.5272
-0.731444
-2.74036
-3.58192
-2.46671
-0.147147
-0.0176324
-1.63698
0
-1.70727
-0.853657
-1.40837
-1.80229
-1.04489
-2.41527
-2.20696
-0.481709
-2.72266
-3.24878
-1.97985
-1.67947
-1.11641
0.116637
-2.12681
-0.469955
-2.31224
-2.8816
-1.22458
-1.2529
-2.8053
-3.41748
-1.85644
-1.66329
-2.03147
-2.68619
-1.70727
0
