0
-2.46254
-3.59666
-2.9157
-1.98595
-1.88016
0.415893
-1.32057
-2.46254
0
-1.12947
-0.396179
0.183238
1.09469
-1.40557
-2.43973
-3.59666
-1.12947
0
-1.65375
-3.49543
-1.47383
-1.74017
-1.09056
-2.9157
-0.396179
-1.65375
0
-2.01713
-1.51545
-0.79442
-4.2439
-1.98595
0.183238
-3.49543
-2.01713
0
-1.50365
-2.76234
-2.07077
-1.88016
1.09469
-1.47383
-1.51545
-1.50365
0
-2.62019
-1.19363
0.415893
-1.40557
-1.74017
-0.79442
-2.76234
-2.62019
0
-2.22676
-1.32057
-2.43973
-1.09056
-4.2439
-2.07077
-1.19363
-2.22676
0
