0
-2.45096
-3.15725
-2.07022
-2.4914
-3.54694
-0.248569
-2.98866
-1.31696
-2.64413
-2.45096
0
-2.6024
-1.66425
-2.36536
-1.81143
-3.10143
-2.70781
-2.90691
-3.04352
-3.15725
-2.6024
0
-2.67542
-1.94033
-2.46774
-1.50036
-2.00743
-1.48429
-0.824571
-2.07022
-1.66425
-2.67542
0
-0.139952
-2.07004
-2.94386
-2.68961
-1.73876
-1.71143
-2.4914
-2.36536
-1.94033
-0.139952
0
-1.23598
0.133209
-3.94037
-2.45187
-2.99819
-3.54694
-1.81143
-2.46774
-2.07004
-1.23598
0
-0.542117
-1.18002
-2.63162
-1.44379
-0.248569
-3.10143
-1.50036
-2.94386
0.133209
-0.542117
0
-2.10987
-2.86063
-1.22584
-2.98866
-2.70781
-2.00743
-2.68961
-3.94037
-1.18002
-2.10987
0
-2.86579
-1.8157
-1.31696
-2.90691
-1.48429
-1.73876
-2.45187
-2.63162
-2.86063
-2.86579
0
-3.05886
-2.64413
-3.04352
-0.824571
-1.71143
-2.99819
-1.44379
-1.22584
-1.8157
-3.05886
0
