0
-2.1957
-10.2544
-7.15607
-20.2929
-10.184
-7.7568
-12.7914
-14.6949
-2.27567
-11.6365
-16.4108
-11.6903
-5.2001
-19.9557
-24.7942
-2.1957
0
-7.42305
-9.85483
-13.6799
-17.9206
-16.9425
-9.16591
-6.45581
-3.62277
-15.8123
-14.5025
-11.2911
-7.66089
-6.28021
-8.13071
-10.2544
-7.42305
0
3.95764
3.28491
-2.09168
-15.6725
-10.9602
-4.7048
-2.23522
-2.10375
-0.250634
-8.07888
-3.92279
-12.1636
5.05971
-7.15607
-9.85483
3.95764
0
-24.4077
-8.61771
-21.577
-15.142
-1.99164
-9.27377
-7.3974
-13.6328
-17.0293
-11.8529
-27.9234
-10.5376
-20.2929
-13.6799
3.28491
-24.4077
0
-11.4779
2.0714
-7.70449
-11.1649
-7.81146
-2.60252
3.90798
-8.31798
-4.4515
-15.8657
-3.60411
-10.184
-17.9206
-2.09168
-8.61771
-11.4779
0
-9.4829
-15.5508
-7.28827
-5.84484
4.51871
-8.26667
-9.3911
-10.4736
-10.9295
-13.3857
-7.7568
-16.9425
-15.6725
-21.577
2.0714
-9.4829
0
-11.8373
-14.5324
-7.9124
-1.08341
-28.7121
-19.1384
-12.7465
-7.82444
-9.52875
-12.7914
-9.16591
-10.9602
-15.142
-7.70449
-15.5508
-11.8373
0
-17.529
-20.268
-6.14609
-4.21054
-1.12995
-14.1134
6.84656
2.85401
-14.6949
-6.45581
-4.7048
-1.99164
-11.1649
-7.28827
-14.5324
-17.529
0
-14.4848
1.37579
-7.25032
-24.267
-8.52421
-2.48752
-17.3494
-2.27567
-3.62277
-2.23522
-9.27377
-7.81146
-5.84484
-7.9124
-20.268
-14.4848
0
-8.47234
-12.3959
-7.93933
-12.3252
-9.26019
-28.4309
-11.6365
-15.8123
-2.10375
-7.3974
-2.60252
4.51871
-1.08341
-6.14609
1.37579
-8.47234
0
-12.0171
-8.24718
-16.375
-7.84313
-15.3338
-16.4108
-14.5025
-0.250634
-13.6328
3.90798
-8.26667
-28.7121
-4.21054
-7.25032
-12.3959
-12.0171
0
-14.4729
-17.3673
12.6975
5.9831
-11.6903
-11.2911
-8.07888
-17.0293
-8.31798
-9.3911
-19.1384
-1.12995
-24.267
-7.93933
-8.24718
-14.4729
0
-7.39506
-12.0686
-14.8126
-5.2001
-7.66089
-3.92279
-11.8529
-4.4515
-10.4736
-12.7465
-14.1134
-8.52421
-12.3252
-16.375
-17.3673
-7.39506
0
2.17599
5.19729
-19.9557
-6.28021
-12.1636
-27.9234
-15.8657
-10.9295
-7.82444
6.84656
-2.48752
-9.26019
-7.84313
12.6975
-12.0686
2.17599
0
-22.4059
-24.7942
-8.13071
5.05971
-10.5376
-3.60411
-13.3857
-9.52875
2.85401
-17.3494
-28.4309
-15.3338
5.9831
-14.8126
5.19729
-22.4059
0
