0
3.70489
-6.06187
-14.5327
0.476243
-11.8658
-10.0415
-8.1686
3.70489
0
-21.5252
-0.403139
-1.24653
-21.613
-10.9611
-2.68915
-6.06187
-21.5252
0
-10.7409
-4.78424
-1.44028
-2.44903
-5.22312
-14.5327
-0.403139
-10.7409
0
-1.6127
-3.64983
-3.30025
-4.87574
0.476243
-1.24653
-4.78424
-1.6127
0
0.147613
-6.26307
-7.65429
-11.8658
-21.613
-1.44028
-3.64983
0.147613
0
-6.4961
-8.37177
-10.0415
-10.9611
-2.44903
-3.30025
-6.26307
-6.4961
0
-1.83968
-8.1686
-2.68915
-5.22312
-4.87574
-7.65429
-8.37177
-1.83968
0
