0
-16.2152
-6.68565
-9.82471
0.739243
-12.6482
-3.5101
-10.3188
1.51984
-11.1066
0.317721
-2.69905
-16.2152
0
-9.06948
-2.8703
-0.842647
-5.51325
-9.16996
-0.0615328
-5.71518
-5.69328
-3.5193
1.52868
-6.68565
-9.06948
0
-4.97575
-7.69785
-5.45983
-4.62678
-4.06449
-9.06971
-11.7362
-1.50027
-9.6648
-9.82471
-2.8703
-4.97575
0
-11.2537
-16.9443
5.45788
10.2414
-8.5458
-9.50304
-8.0648
-3.3201
0.739243
-0.842647
-7.69785
-11.2537
0
-10.6963
-2.77192
-10.3426
-3.94887
-12.4207
2.13815
-11.1651
-12.6482
-5.51325
-5.45983
-16.9443
-10.6963
0
2.87466
-6.16327
-2.7923
-6.45129
-2.47677
-11.1715
-3.5101
-9.16996
-4.62678
5.45788
-2.77192
2.87466
0
-0.667269
-8.94435
-4.28545
-0.235235
-4.61842
-10.3188
-0.0615328
-4.06449
10.2414
-10.3426
-6.16327
-0.667269
0
-3.81979
-0.540732
-8.38617
2.68088
1.51984
-5.71518
-9.06971
-8.5458
-3.94887
-2.7923
-8.94435
-3.81979
0
-6.37317
-8.80377
-7.50827
-11.1066
-5.69328
-11.7362
-9.50304
-12.4207
-6.45129
-4.28545
-0.540732
-6.37317
0
-5.49697
-13.976
0.317721
-3.5193
-1.50027
-8.0648
2.13815
-2.47677
-0.235235
-8.38617
-8.80377
-5.49697
0
-7.38972
-2.69905
1.52868
-9.6648
-3.3201
-11.1651
-11.1715
-4.61842
2.68088
-7.50827
-13.976
-7.38972
0
