0
-2.50427
-1.79738
-2.29842
-2.10166
-1.82198
-2.90481
-2.41545
-1.13091
-0.215982
0
-1.03174
-0.713562
-2.01194
0.288269
-1.46715
-1.1551
-2.4559
-0.706051
-2.3522
0
-2.29646
-2.56652
-2.66923
-2.04061
-3.46191
-0.459877
-3.14508
-0.9405
-3.70163
0
-3.32281
-0.858826
-1.23269
-1.41111
-2.75551
-1.29451
-2.91303
-2.02448
-3.46071
0
-2.78228
-1.92889
-3.45945
-2.2441
-3.25301
-1.62895
-2.48086
-0.734447
-2.67587
0
-1.98362
-1.67667
-1.9297
-0.949833
-0.756558
-1.90958
-2.79728
-1.76741
-1.63819
0
-0.217868
-0.892479
0.0451147
-2.63426
-3.71297
-1.31583
-1.45828
-2.23923
-1.77151
0
-3.79653
-3.50951
-1.48008
-3.36961
-1.22615
-1.01439
-4.00384
-1.49756
-2.55746
0
