0
-1.83148
-1.63796
-2.65212
-3.38115
-2.11038
-0.412269
-3.69676
-1.24407
-1.83148
0
-1.58314
-1.08293
-2.48447
-1.77938
-1.97136
-3.0419
-2.24181
-1.63796
-1.58314
0
-3.02955
-2.98042
-2.23523
-2.13875
-3.64198
-2.80092
-2.65212
-1.08293
-3.02955
0
-3.52171
-2.91353
-2.88304
-2.50876
-1.47555
-3.38115
-2.48447
-2.98042
-3.52171
0
-2.31635
-1.21069
-1.81918
-2.05735
-2.11038
-1.77938
-2.23523
-2.91353
-2.31635
0
-2.59285
-2.57227
-1.90504
-0.412269
-1.97136
-2.13875
-2.88304
-1.21069
-2.59285
0
-0.995944
0.218777
-3.69676
-3.0419
-3.64198
-2.50876
-1.81918
-2.57227
-0.995944
0
-2.04368
-1.24407
-2.24181
-2.80092
-1.47555
-2.05735
-1.90504
0.218777
-2.04368
0
