Iteration_Number Randon_Choice Neighbour_Count
1 1 4
2 0 5
3 3 4
4 2 4
5 1 4
6 3 5
7 2 6
8 4 5
9 3 6
10 1 7
11 3 6
12 2 6
13 4 5
14 2 7
15 6 8
16 2 8
17 6 7
18 2 7
19 2 8
20 0 7
21 3 6
22 3 7
23 0 7
24 1 8
25 5 8
26 0 8
27 4 7
28 1 7
29 4 8
30 4 7
31 3 8
32 1 8
33 0 7
34 3 7
35 6 7
36 4 6
37 0 7
38 0 7
39 5 8
40 1 8
41 7 8
42 5 7
43 4 7
44 6 7
45 2 8
46 1 7
47 0 7
48 0 7
49 5 7
50 1 6
51 4 6
52 3 7
53 2 7
54 1 7
55 4 7
56 5 7
57 4 6
58 0 7
59 0 7
60 4 7
61 6 7
62 0 8
63 3 8
64 6 8
65 1 8
66 2 9
67 4 9
68 1 8
69 3 7
70 5 7
71 0 8
72 5 9
73 0 10
74 2 10
75 4 9
76 1 9
77 5 9
78 1 9
79 2 9
80 2 9
81 2 9
82 3 10
83 2 10
84 0 9
85 1 9
86 2 9
87 4 10
88 0 10
89 1 10
90 0 10
91 8 10
92 6 11
93 10 11
94 2 10
95 5 9
96 1 7
97 2 7
98 6 7
99 6 8
100 0 9
101 5 9
102 8 9
103 3 8
104 5 8
105 1 8
106 3 8
107 8 9
108 6 8
109 6 7
110 4 8
111 5 8
112 1 8
113 6 8
114 6 8
115 7 8
116 3 8
117 6 8
118 6 8
119 5 8
120 6 8
121 0 8
122 2 8
123 3 7
124 5 8
125 1 8
126 6 8
127 6 9
128 8 9
129 5 8
130 1 6
131 3 6
132 4 7
133 1 7
134 5 7
135 4 8
136 0 8
137 7 8
138 5 9
139 1 9
140 6 9
141 0 9
142 1 9
143 4 9
144 1 9
145 5 9
146 6 9
147 0 7
148 7 8
149 0 10
150 6 9
151 6 7
152 2 6
153 3 6
154 4 6
155 2 7
156 6 7
157 3 7
158 1 7
159 2 7
160 1 7
161 6 7
162 0 6
163 1 6
164 2 6
165 4 6
166 2 6
167 0 6
168 4 6
169 6 7
170 3 7
171 1 7
172 0 7
173 4 7
174 6 7
175 3 8
176 5 8
177 3 8
178 2 8
179 3 8
180 3 8
181 4 8
182 5 8
183 1 8
184 7 8
185 4 7
186 4 7
187 0 7
188 6 7
189 6 8
190 2 7
191 4 7
192 1 7
193 5 7
194 2 8
195 4 9
196 8 9
197 5 8
198 5 6
199 6 7
200 1 6
201 4 6
202 7 8
203 8 9
204 7 8
205 2 9
206 1 8
207 2 8
208 7 8
209 6 7
210 1 7
211 3 7
212 6 7
213 0 8
214 4 8
215 7 8
216 5 7
217 0 6
218 2 6
219 4 6
220 1 7
221 2 7
222 3 7
223 5 7
224 1 6
225 1 6
226 5 6
227 4 6
228 6 7
229 4 7
230 2 7
231 3 7
232 4 7
233 4 7
234 6 7
235 5 7
236 1 6
237 5 6
238 6 7
239 4 6
240 1 7
241 2 7
242 2 7
243 2 7
244 6 7
245 0 6
246 1 6
247 5 7
248 0 7
249 1 7
250 4 7
251 0 7
252 4 7
253 4 7
254 5 7
255 2 7
256 1 7
257 0 7
258 0 8
259 0 7
260 4 7
261 1 7
262 1 7
263 2 7
264 4 7
265 0 7
266 1 6
267 3 7
268 6 7
269 1 9
270 5 8
271 4 6
272 4 6
273 7 8
274 1 9
275 4 9
276 8 9
277 1 8
278 7 8
279 0 9
280 4 9
281 0 9
282 1 9
283 4 9
284 3 9
285 6 8
286 6 8
287 4 7
288 4 7
289 2 7
290 1 7
291 3 7
292 2 6
293 1 7
294 6 7
295 1 6
296 6 7
297 0 7
298 0 6
299 4 6
300 2 6
301 4 6
302 2 5
303 3 5
304 4 6
305 4 5
306 4 5
307 0 5
308 3 5
309 0 6
310 4 6
311 3 5
312 3 5
313 5 6
314 2 6
315 1 6
316 0 6
317 3 6
318 2 6
319 2 6
320 5 6
321 5 6
322 3 6
323 2 6
324 0 6
325 5 7
326 5 7
327 0 7
328 0 6
329 5 7
330 5 7
331 2 7
332 1 7
333 4 6
334 5 6
335 4 6
336 2 6
337 1 6
338 6 7
339 3 7
340 0 6
341 3 5
342 2 5
343 3 5
344 4 5
345 0 5
346 1 6
347 4 6
348 2 6
349 2 6
350 2 6
351 1 6
352 3 6
353 0 4
354 13 14
355 0 6
356 2 6
357 0 6
358 2 6
359 0 6
360 1 6
361 5 6
362 2 4
363 2 4
364 1 4
365 3 4
366 1 6
367 3 6
368 12 14
369 9 14
370 0 14
371 1 4
372 1 4
373 1 4
374 0 4
375 9 14
376 11 14
377 7 14
378 11 14
379 7 14
380 11 14
381 4 14
382 10 14
383 11 14
384 9 14
385 0 14
386 5 14
387 9 14
388 2 14
389 2 14
390 0 14
391 2 14
392 6 14
393 11 14
394 2 14
395 7 14
396 6 16
397 14 16
398 13 16
399 2 8
400 3 8
401 0 8
402 0 8
403 6 8
404 4 8
405 5 8
406 0 16
407 1 16
408 12 16
409 11 16
410 7 15
411 3 15
412 2 15
413 8 15
414 1 15
415 3 15
416 6 15
417 5 15
418 0 15
419 13 15
420 11 15
421 0 15
422 2 4
423 0 4
424 1 5
425 2 4
426 1 4
427 4 15
428 5 16
429 1 16
430 12 16
431 1 16
432 12 16
433 1 16
434 1 16
435 0 5
436 3 6
437 5 7
438 2 7
439 3 7
440 4 7
441 2 6
442 2 6
443 5 6
444 1 6
445 4 5
446 3 5
447 3 5
448 2 5
449 1 5
450 6 16
451 15 16
452 1 5
453 4 5
454 2 16
455 2 16
456 9 16
457 10 14
458 10 14
459 1 14
460 0 14
461 0 4
462 9 14
463 6 14
464 13 14
465 2 6
466 3 6
467 7 14
468 11 14
469 0 14
470 8 14
471 2 14
472 12 14
473 13 14
474 4 6
475 8 14
476 2 14
477 13 14
478 7 14
479 9 14
480 9 14
481 2 14
482 5 14
483 8 14
484 2 14
485 11 14
486 11 14
487 4 14
488 7 14
489 4 14
490 10 14
491 5 14
492 10 15
493 4 14
494 10 14
495 5 14
496 3 15
497 11 15
498 13 15
499 14 15
500 4 15
501 13 16
502 4 8
503 0 8
504 6 8
505 4 8
506 1 8
507 2 8
508 6 8
509 1 8
510 6 8
511 3 8
512 4 8
513 5 8
514 8 16
515 4 16
516 9 16
517 1 14
518 0 3
519 2 4
520 0 4
521 0 3
522 2 4
523 1 4
524 1 4
525 3 4
526 2 4
527 1 4
528 3 4
529 3 4
530 0 6
531 3 6
532 13 14
533 3 6
534 8 14
535 2 14
536 8 14
537 8 14
538 11 14
539 12 14
540 10 14
541 11 14
542 5 14
543 12 14
544 12 14
545 5 14
546 12 14
547 13 14
548 7 14
549 11 16
550 6 15
551 9 15
552 3 15
553 4 15
554 4 16
555 13 16
556 1 8
557 5 8
558 10 16
559 12 16
560 11 16
561 2 15
562 8 15
563 6 15
564 11 14
565 3 14
566 12 14
567 5 14
568 6 14
569 1 14
570 0 14
571 5 14
572 11 14
573 12 14
574 7 14
575 13 14
576 13 14
577 5 14
578 0 14
579 12 14
580 9 14
581 10 14
582 3 14
583 0 14
584 0 4
585 3 14
586 1 15
587 2 4
588 3 5
589 0 5
590 3 4
591 0 5
592 3 6
593 3 6
594 3 6
595 5 6
596 0 5
597 3 4
598 1 5
599 3 4
600 2 4
601 0 4
602 4 5
603 4 5
604 2 5
605 2 5
606 0 5
607 0 4
608 4 5
609 4 5
610 2 5
611 4 5
612 1 5
613 2 5
614 1 5
615 0 5
616 3 4
617 3 4
618 0 4
619 4 5
620 6 7
621 3 5
622 4 7
623 1 5
624 1 5
625 3 5
626 4 5
627 1 5
628 1 5
629 4 5
630 3 5
631 4 5
632 0 5
633 2 4
634 2 4
635 3 4
636 2 4
637 3 4
638 4 6
639 5 6
640 5 6
641 0 4
642 2 5
643 3 5
644 4 5
645 1 7
646 0 7
647 4 6
648 1 3
649 2 3
650 5 6
651 1 6
652 5 6
653 2 4
654 2 4
655 3 4
656 1 6
657 3 6
658 5 6
659 0 4
660 0 5
661 2 4
662 1 4
663 0 4
664 0 4
665 1 5
666 0 5
667 0 4
668 1 5
669 1 5
670 1 6
671 2 5
672 4 5
673 6 7
674 1 5
675 1 5
676 2 5
677 4 5
678 1 5
679 2 6
680 4 5
681 1 5
682 3 5
683 2 5
684 0 5
685 3 4
686 1 4
687 0 5
688 5 6
689 3 5
690 2 5
691 0 15
692 2 4
693 0 4
694 3 5
695 2 5
696 12 15
697 2 14
698 5 14
699 10 14
700 2 14
701 3 14
702 14 15
703 3 15
704 3 15
705 6 15
706 5 15
707 2 15
708 2 15
709 13 15
710 14 15
711 2 15
712 6 15
713 11 15
714 14 15
715 4 15
716 15 16
717 3 5
718 2 4
719 3 4
720 2 4
721 2 4
722 1 4
723 3 4
724 3 4
725 2 4
726 1 4
727 1 4
728 3 4
729 2 4
730 1 4
731 2 4
732 2 4
733 1 4
734 3 4
735 3 4
736 1 4
737 3 4
738 0 4
739 1 4
740 0 4
741 0 4
742 2 4
743 3 4
744 2 4
745 0 4
746 0 4
747 3 4
748 2 4
749 1 4
750 1 4
751 1 4
752 3 4
753 2 4
754 3 4
755 0 4
756 1 4
757 3 4
758 2 4
759 2 4
760 3 4
761 3 4
762 3 4
763 0 4
764 1 4
765 0 4
766 3 4
767 3 4
768 0 4
769 0 4
770 1 4
771 2 4
772 3 4
773 1 4
774 2 4
775 3 4
776 2 4
777 0 4
778 2 4
779 0 4
780 1 4
781 0 4
782 2 4
783 1 4
784 2 4
785 0 4
786 1 4
787 1 4
788 2 4
789 2 4
790 2 4
791 1 4
792 1 4
793 3 4
794 1 4
795 2 4
796 0 4
797 2 4
798 1 4
799 1 4
800 1 4
801 0 4
802 2 4
803 1 4
804 3 4
805 1 4
806 0 4
807 3 4
808 0 4
809 3 4
810 3 4
811 2 4
812 2 4
813 3 4
814 2 4
815 1 4
816 1 4
817 1 4
818 1 4
819 2 4
820 2 4
821 0 4
822 2 4
823 0 4
824 3 4
825 1 4
826 0 4
827 0 4
828 2 4
829 0 4
830 0 4
831 1 4
832 2 4
833 1 4
834 0 4
835 1 4
836 2 4
837 0 4
838 2 4
839 1 4
840 3 4
841 1 4
842 1 4
843 3 4
844 3 4
845 0 4
846 0 4
847 1 4
848 2 4
849 1 4
850 1 4
851 1 4
852 1 4
853 3 4
854 2 4
855 1 4
856 1 4
857 1 4
858 3 4
859 3 4
860 3 4
861 0 4
862 0 4
863 2 4
864 0 4
865 3 4
866 1 4
867 3 4
868 2 4
869 2 4
870 2 4
871 2 4
872 2 4
873 1 4
874 3 4
875 2 4
876 1 4
877 0 4
878 2 4
879 3 4
880 2 4
881 3 4
882 3 4
883 3 4
884 1 4
885 1 4
886 1 4
887 3 4
888 2 4
889 1 4
890 1 4
891 0 4
892 1 4
893 1 4
894 3 4
895 3 4
896 2 4
897 0 4
898 1 4
899 0 4
900 0 4
901 3 4
902 3 4
903 2 4
904 0 4
905 0 4
906 0 4
907 3 4
908 0 4
909 3 4
910 3 4
911 0 4
912 0 4
913 3 4
914 3 4
915 3 4
916 1 4
917 3 4
918 0 4
919 0 4
920 0 4
921 3 4
922 3 4
923 0 4
924 2 4
925 2 4
926 1 4
927 3 4
928 2 4
929 2 5
930 2 4
931 1 5
932 0 5
933 3 5
934 0 4
935 2 4
936 3 4
937 0 4
938 3 4
939 1 4
940 2 4
941 2 4
942 1 4
943 2 4
944 2 4
945 3 4
946 3 4
947 0 4
948 1 4
949 1 4
950 0 4
951 2 4
952 1 4
953 1 4
954 2 4
955 0 4
956 2 4
957 1 4
958 3 4
959 0 4
960 0 4
961 2 4
962 1 4
963 0 4
964 1 4
965 0 4
966 0 4
967 2 4
968 1 4
969 1 4
970 2 4
971 3 4
972 2 4
973 0 4
974 1 4
975 2 4
976 0 4
977 0 4
978 3 4
979 3 4
980 0 4
981 2 4
982 0 4
983 1 4
984 0 4
985 3 4
986 3 4
987 3 4
988 1 4
989 2 4
990 2 4
991 0 4
992 1 4
993 1 4
994 2 4
995 0 4
996 1 4
997 2 4
998 1 4
999 0 4
1000 2 4
