0
-1.38612
-2.59461
-1.23737
-1.8762
-1.75649
-1.55529
-3.11448
-3.22558
-2.86741
-0.848182
-3.29599
-1.38612
0
-2.6219
-1.74695
-1.40567
-0.904504
-1.42787
-1.4811
-1.70439
-2.79354
-2.09816
-0.60986
-2.59461
-2.6219
0
-3.87516
-1.61124
-1.20899
-2.62559
-1.73139
-3.31984
-2.72025
-1.51386
0.0649482
-1.23737
-1.74695
-3.87516
0
-3.32805
-4.24334
-2.17309
-2.16534
-3.26757
-1.62007
-3.59546
-2.26705
-1.8762
-1.40567
-1.61124
-3.32805
0
-2.54099
-1.68699
-3.23286
-1.30557
-1.18618
-1.30054
-1.22724
-1.75649
-0.904504
-1.20899
-4.24334
-2.54099
0
-0.27965
-2.51239
-0.915564
-1.00113
-1.01125
-3.13864
-1.55529
-1.42787
-2.62559
-2.17309
-1.68699
-0.27965
0
-1.62171
-3.24597
-2.1916
-1.76907
-1.69436
-3.11448
-1.4811
-1.73139
-2.16534
-3.23286
-2.51239
-1.62171
0
-0.770163
-0.759353
-1.97534
0.0277259
-3.22558
-1.70439
-3.31984
-3.26757
-1.30557
-0.915564
-3.24597
-0.770163
0
-1.82282
-0.445117
-3.39583
-2.86741
-2.79354
-2.72025
-1.62007
-1.18618
-1.00113
-2.1916
-0.759353
-1.82282
0
-3.13533
-2.19122
-0.848182
-2.09816
-1.51386
-3.59546
-1.30054
-1.01125
-1.76907
-1.97534
-0.445117
-3.13533
0
-3.77306
-3.29599
-0.60986
0.0649482
-2.26705
-1.22724
-3.13864
-1.69436
0.0277259
-3.39583
-2.19122
-3.77306
0
